rank,title,main_artist,featured_artists,album,release_date,release_year,genres,languages,composer,anime_title,anime_popularity,screen_work,vtuber,is_original,metric_name,metric_value,metric_unit,listen_count,listen_source,view_count,overall_popularity_score,spotify_track_id,musicbrainz_recording_mbid,isrc,source_url,retrieved_at,source_notes,extra
1,Lifelight,Unknown credited artist,[],Super Smash Bros. Ultimate Enhanced Original Soundtrack (super-smash-bros.-ultimate-enhanced-original-soundtrack),,,"[""video game soundtrack""]","[""und""]",,,,Super Smash Bros. Ultimate,,,khinsider_track_prominence_proxy,71.77628250740463,score_0_100,,,,88.71051300296185,,,,https://downloads.khinsider.com/game-soundtracks/album/super-smash-bros.-ultimate-enhanced-original-soundtrack,2026-10-05,Track title is taken from KHInsider's soundtrack/gamerip album index. Popularity is an explicitly labelled proxy based on BeatHit game rank and track prominence.,"{""culture_category"":""video_game_music"",""video_game"":""Super Smash Bros. Ultimate"",""game_rank"":41,""game_association_kind"":""khinsider_game_soundtrack"",""khinsider_album_url"":""https://downloads.khinsider.com/game-soundtracks/album/super-smash-bros.-ultimate-enhanced-original-soundtrack"",""khinsider_album_title"":""Super Smash Bros. Ultimate Enhanced Original Soundtrack (super-smash-bros.-ultimate-enhanced-original-soundtrack)"",""khinsider_album_kind"":""official_or_gamerip"",""khinsider_album_match_score"":100.0,""relevance_score_100"":100.0,""popularity_score_100"":71.77628250740463,""score_100"":88.71051300296185,""popularity_basis"":""BeatHit master-list game rank plus track position proxy""}"
2,Ground Theme - Super Mario Bros. [Original],Unknown credited artist,[],Super Smash Bros. Ultimate Vol. 02 - Super Mario (super-smash-bros.-ultimate-expanded-vol.-02-super-mario-switch-gamerip-2018),,,"[""video game soundtrack""]","[""und""]",,,,Super Smash Bros. Ultimate,,,khinsider_track_prominence_proxy,71.77628250740463,score_0_100,,,,88.71051300296185,,,,https://downloads.khinsider.com/game-soundtracks/album/super-smash-bros.-ultimate-expanded-vol.-02-super-mario-switch-gamerip-2018,2026-10-05,Track title is taken from KHInsider's soundtrack/gamerip album index. Popularity is an explicitly labelled proxy based on BeatHit game rank and track prominence.,"{""culture_category"":""video_game_music"",""video_game"":""Super Smash Bros. Ultimate"",""game_rank"":41,""game_association_kind"":""khinsider_game_soundtrack"",""khinsider_album_url"":""https://downloads.khinsider.com/game-soundtracks/album/super-smash-bros.-ultimate-expanded-vol.-02-super-mario-switch-gamerip-2018"",""khinsider_album_title"":""Super Smash Bros. Ultimate Vol. 02 - Super Mario (super-smash-bros.-ultimate-expanded-vol.-02-super-mario-switch-gamerip-2018)"",""khinsider_album_kind"":""official_or_gamerip"",""khinsider_album_match_score"":100.0,""relevance_score_100"":100.0,""popularity_score_100"":71.77628250740463,""score_100"":88.71051300296185,""popularity_basis"":""BeatHit master-list game rank plus track position proxy""}"
3,Opening - Donkey Kong,Unknown credited artist,[],Super Smash Bros. Ultimate Vol. 03 - Donkey Kong (super-smash-bros.-ultimate-expanded-vol.-03-donkey-kong-switch-gamerip-2018),,,"[""video game soundtrack""]","[""und""]",,,,Super Smash Bros. Ultimate,,,khinsider_track_prominence_proxy,71.77628250740463,score_0_100,,,,88.71051300296185,,,,https://downloads.khinsider.com/game-soundtracks/album/super-smash-bros.-ultimate-expanded-vol.-03-donkey-kong-switch-gamerip-2018,2026-10-05,Track title is taken from KHInsider's soundtrack/gamerip album index. Popularity is an explicitly labelled proxy based on BeatHit game rank and track prominence.,"{""culture_category"":""video_game_music"",""video_game"":""Super Smash Bros. Ultimate"",""game_rank"":41,""game_association_kind"":""khinsider_game_soundtrack"",""khinsider_album_url"":""https://downloads.khinsider.com/game-soundtracks/album/super-smash-bros.-ultimate-expanded-vol.-03-donkey-kong-switch-gamerip-2018"",""khinsider_album_title"":""Super Smash Bros. Ultimate Vol. 03 - Donkey Kong (super-smash-bros.-ultimate-expanded-vol.-03-donkey-kong-switch-gamerip-2018)"",""khinsider_album_kind"":""official_or_gamerip"",""khinsider_album_match_score"":100.0,""relevance_score_100"":100.0,""popularity_score_100"":71.77628250740463,""score_100"":88.71051300296185,""popularity_basis"":""BeatHit master-list game rank plus track position proxy""}"
4,Title Theme - The Legend of Zelda,Unknown credited artist,[],Super Smash Bros. Ultimate Vol. 04 - The Legend of Zelda (super-smash-bros.-ultimate-expanded-vol.-04-the-legend-of-zelda-switch-gamerip-2018),,,"[""video game soundtrack""]","[""und""]",,,,Super Smash Bros. Ultimate,,,khinsider_track_prominence_proxy,71.77628250740463,score_0_100,,,,88.71051300296185,,,,https://downloads.khinsider.com/game-soundtracks/album/super-smash-bros.-ultimate-expanded-vol.-04-the-legend-of-zelda-switch-gamerip-2018,2026-10-05,Track title is taken from KHInsider's soundtrack/gamerip album index. Popularity is an explicitly labelled proxy based on BeatHit game rank and track prominence.,"{""culture_category"":""video_game_music"",""video_game"":""Super Smash Bros. Ultimate"",""game_rank"":41,""game_association_kind"":""khinsider_game_soundtrack"",""khinsider_album_url"":""https://downloads.khinsider.com/game-soundtracks/album/super-smash-bros.-ultimate-expanded-vol.-04-the-legend-of-zelda-switch-gamerip-2018"",""khinsider_album_title"":""Super Smash Bros. Ultimate Vol. 04 - The Legend of Zelda (super-smash-bros.-ultimate-expanded-vol.-04-the-legend-of-zelda-switch-gamerip-2018)"",""khinsider_album_kind"":""official_or_gamerip"",""khinsider_album_match_score"":100.0,""relevance_score_100"":100.0,""popularity_score_100"":71.77628250740463,""score_100"":88.71051300296185,""popularity_basis"":""BeatHit master-list game rank plus track position proxy""}"
5,Title Theme - Metroid,Unknown credited artist,[],Super Smash Bros. Ultimate Vol. 05 - Metroid (super-smash-bros.-ultimate-expanded-vol.-05-metroid-switch-gamerip-2018),,,"[""video game soundtrack""]","[""und""]",,,,Super Smash Bros. Ultimate,,,khinsider_track_prominence_proxy,71.77628250740463,score_0_100,,,,88.71051300296185,,,,https://downloads.khinsider.com/game-soundtracks/album/super-smash-bros.-ultimate-expanded-vol.-05-metroid-switch-gamerip-2018,2026-10-05,Track title is taken from KHInsider's soundtrack/gamerip album index. Popularity is an explicitly labelled proxy based on BeatHit game rank and track prominence.,"{""culture_category"":""video_game_music"",""video_game"":""Super Smash Bros. Ultimate"",""game_rank"":41,""game_association_kind"":""khinsider_game_soundtrack"",""khinsider_album_url"":""https://downloads.khinsider.com/game-soundtracks/album/super-smash-bros.-ultimate-expanded-vol.-05-metroid-switch-gamerip-2018"",""khinsider_album_title"":""Super Smash Bros. Ultimate Vol. 05 - Metroid (super-smash-bros.-ultimate-expanded-vol.-05-metroid-switch-gamerip-2018)"",""khinsider_album_kind"":""official_or_gamerip"",""khinsider_album_match_score"":100.0,""relevance_score_100"":100.0,""popularity_score_100"":71.77628250740463,""score_100"":88.71051300296185,""popularity_basis"":""BeatHit master-list game rank plus track position proxy""}"
6,Athletic Theme - Super Mario World,Unknown credited artist,[],Super Smash Bros. Ultimate Vol. 06 - Yoshi (super-smash-bros.-ultimate-expanded-vol.-06-yoshi-switch-gamerip-2018),,,"[""video game soundtrack""]","[""und""]",,,,Super Smash Bros. Ultimate,,,khinsider_track_prominence_proxy,71.77628250740463,score_0_100,,,,88.71051300296185,,,,https://downloads.khinsider.com/game-soundtracks/album/super-smash-bros.-ultimate-expanded-vol.-06-yoshi-switch-gamerip-2018,2026-10-05,Track title is taken from KHInsider's soundtrack/gamerip album index. Popularity is an explicitly labelled proxy based on BeatHit game rank and track prominence.,"{""culture_category"":""video_game_music"",""video_game"":""Super Smash Bros. Ultimate"",""game_rank"":41,""game_association_kind"":""khinsider_game_soundtrack"",""khinsider_album_url"":""https://downloads.khinsider.com/game-soundtracks/album/super-smash-bros.-ultimate-expanded-vol.-06-yoshi-switch-gamerip-2018"",""khinsider_album_title"":""Super Smash Bros. Ultimate Vol. 06 - Yoshi (super-smash-bros.-ultimate-expanded-vol.-06-yoshi-switch-gamerip-2018)"",""khinsider_album_kind"":""official_or_gamerip"",""khinsider_album_match_score"":100.0,""relevance_score_100"":100.0,""popularity_score_100"":71.77628250740463,""score_100"":88.71051300296185,""popularity_basis"":""BeatHit master-list game rank plus track position proxy""}"
7,Green Greens (Melee),Unknown credited artist,[],Super Smash Bros. Ultimate Vol. 07 - Kirby (super-smash-bros.-ultimate-expanded-vol.-07-kirby-switch-gamerip-2018),,,"[""video game soundtrack""]","[""und""]",,,,Super Smash Bros. Ultimate,,,khinsider_track_prominence_proxy,71.77628250740463,score_0_100,,,,88.71051300296185,,,,https://downloads.khinsider.com/game-soundtracks/album/super-smash-bros.-ultimate-expanded-vol.-07-kirby-switch-gamerip-2018,2026-10-05,Track title is taken from KHInsider's soundtrack/gamerip album index. Popularity is an explicitly labelled proxy based on BeatHit game rank and track prominence.,"{""culture_category"":""video_game_music"",""video_game"":""Super Smash Bros. Ultimate"",""game_rank"":41,""game_association_kind"":""khinsider_game_soundtrack"",""khinsider_album_url"":""https://downloads.khinsider.com/game-soundtracks/album/super-smash-bros.-ultimate-expanded-vol.-07-kirby-switch-gamerip-2018"",""khinsider_album_title"":""Super Smash Bros. Ultimate Vol. 07 - Kirby (super-smash-bros.-ultimate-expanded-vol.-07-kirby-switch-gamerip-2018)"",""khinsider_album_kind"":""official_or_gamerip"",""khinsider_album_match_score"":100.0,""relevance_score_100"":100.0,""popularity_score_100"":71.77628250740463,""score_100"":88.71051300296185,""popularity_basis"":""BeatHit master-list game rank plus track position proxy""}"
8,Main Theme - Star Fox,Unknown credited artist,[],Super Smash Bros. Ultimate Vol. 08 - Star Fox (super-smash-bros.-ultimate-expanded-vol.-08-star-fox-switch-gamerip-2018),,,"[""video game soundtrack""]","[""und""]",,,,Super Smash Bros. Ultimate,,,khinsider_track_prominence_proxy,71.77628250740463,score_0_100,,,,88.71051300296185,,,,https://downloads.khinsider.com/game-soundtracks/album/super-smash-bros.-ultimate-expanded-vol.-08-star-fox-switch-gamerip-2018,2026-10-05,Track title is taken from KHInsider's soundtrack/gamerip album index. Popularity is an explicitly labelled proxy based on BeatHit game rank and track prominence.,"{""culture_category"":""video_game_music"",""video_game"":""Super Smash Bros. Ultimate"",""game_rank"":41,""game_association_kind"":""khinsider_game_soundtrack"",""khinsider_album_url"":""https://downloads.khinsider.com/game-soundtracks/album/super-smash-bros.-ultimate-expanded-vol.-08-star-fox-switch-gamerip-2018"",""khinsider_album_title"":""Super Smash Bros. Ultimate Vol. 08 - Star Fox (super-smash-bros.-ultimate-expanded-vol.-08-star-fox-switch-gamerip-2018)"",""khinsider_album_kind"":""official_or_gamerip"",""khinsider_album_match_score"":100.0,""relevance_score_100"":100.0,""popularity_score_100"":71.77628250740463,""score_100"":88.71051300296185,""popularity_basis"":""BeatHit master-list game rank plus track position proxy""}"
9,Main Theme - Pokémon Red & Blue (64),Unknown credited artist,[],Super Smash Bros. Ultimate Vol. 09 - Pokémon (super-smash-bros.-ultimate-expanded-vol.-09-pok-mon-switch-gamerip-2018),,,"[""video game soundtrack""]","[""und""]",,,,Super Smash Bros. Ultimate,,,khinsider_track_prominence_proxy,71.77628250740463,score_0_100,,,,88.71051300296185,,,,https://downloads.khinsider.com/game-soundtracks/album/super-smash-bros.-ultimate-expanded-vol.-09-pok-mon-switch-gamerip-2018,2026-10-05,Track title is taken from KHInsider's soundtrack/gamerip album index. Popularity is an explicitly labelled proxy based on BeatHit game rank and track prominence.,"{""culture_category"":""video_game_music"",""video_game"":""Super Smash Bros. Ultimate"",""game_rank"":41,""game_association_kind"":""khinsider_game_soundtrack"",""khinsider_album_url"":""https://downloads.khinsider.com/game-soundtracks/album/super-smash-bros.-ultimate-expanded-vol.-09-pok-mon-switch-gamerip-2018"",""khinsider_album_title"":""Super Smash Bros. Ultimate Vol. 09 - Pokémon (super-smash-bros.-ultimate-expanded-vol.-09-pok-mon-switch-gamerip-2018)"",""khinsider_album_kind"":""official_or_gamerip"",""khinsider_album_match_score"":100.0,""relevance_score_100"":100.0,""popularity_score_100"":71.77628250740463,""score_100"":88.71051300296185,""popularity_basis"":""BeatHit master-list game rank plus track position proxy""}"
10,Mute City [Original],Unknown credited artist,[],Super Smash Bros. Ultimate Vol. 10 - F-Zero (super-smash-bros.-ultimate-expanded-vol.-10-f-zero-switch-gamerip-2018),,,"[""video game soundtrack""]","[""und""]",,,,Super Smash Bros. Ultimate,,,khinsider_track_prominence_proxy,71.77628250740463,score_0_100,,,,88.71051300296185,,,,https://downloads.khinsider.com/game-soundtracks/album/super-smash-bros.-ultimate-expanded-vol.-10-f-zero-switch-gamerip-2018,2026-10-05,Track title is taken from KHInsider's soundtrack/gamerip album index. Popularity is an explicitly labelled proxy based on BeatHit game rank and track prominence.,"{""culture_category"":""video_game_music"",""video_game"":""Super Smash Bros. Ultimate"",""game_rank"":41,""game_association_kind"":""khinsider_game_soundtrack"",""khinsider_album_url"":""https://downloads.khinsider.com/game-soundtracks/album/super-smash-bros.-ultimate-expanded-vol.-10-f-zero-switch-gamerip-2018"",""khinsider_album_title"":""Super Smash Bros. Ultimate Vol. 10 - F-Zero (super-smash-bros.-ultimate-expanded-vol.-10-f-zero-switch-gamerip-2018)"",""khinsider_album_kind"":""official_or_gamerip"",""khinsider_album_match_score"":100.0,""relevance_score_100"":100.0,""popularity_score_100"":71.77628250740463,""score_100"":88.71051300296185,""popularity_basis"":""BeatHit master-list game rank plus track position proxy""}"
11,Pollyanna (I Believe in You),Unknown credited artist,[],Super Smash Bros. Ultimate Vol. 11 - Mother (super-smash-bros.-ultimate-expanded-vol.-11-mother-switch-gamerip-2018),,,"[""video game soundtrack""]","[""und""]",,,,Super Smash Bros. Ultimate,,,khinsider_track_prominence_proxy,71.77628250740463,score_0_100,,,,88.71051300296185,,,,https://downloads.khinsider.com/game-soundtracks/album/super-smash-bros.-ultimate-expanded-vol.-11-mother-switch-gamerip-2018,2026-10-05,Track title is taken from KHInsider's soundtrack/gamerip album index. Popularity is an explicitly labelled proxy based on BeatHit game rank and track prominence.,"{""culture_category"":""video_game_music"",""video_game"":""Super Smash Bros. Ultimate"",""game_rank"":41,""game_association_kind"":""khinsider_game_soundtrack"",""khinsider_album_url"":""https://downloads.khinsider.com/game-soundtracks/album/super-smash-bros.-ultimate-expanded-vol.-11-mother-switch-gamerip-2018"",""khinsider_album_title"":""Super Smash Bros. Ultimate Vol. 11 - Mother (super-smash-bros.-ultimate-expanded-vol.-11-mother-switch-gamerip-2018)"",""khinsider_album_kind"":""official_or_gamerip"",""khinsider_album_match_score"":100.0,""relevance_score_100"":100.0,""popularity_score_100"":71.77628250740463,""score_100"":88.71051300296185,""popularity_basis"":""BeatHit master-list game rank plus track position proxy""}"
12,Menu,Unknown credited artist,[],Super Smash Bros. Ultimate Enhanced Original Soundtrack (super-smash-bros.-ultimate-enhanced-original-soundtrack),,,"[""video game soundtrack""]","[""und""]",,,,Super Smash Bros. Ultimate,,,khinsider_track_prominence_proxy,71.56628250740462,score_0_100,,,,88.62651300296184,,,,https://downloads.khinsider.com/game-soundtracks/album/super-smash-bros.-ultimate-enhanced-original-soundtrack,2026-10-05,Track title is taken from KHInsider's soundtrack/gamerip album index. Popularity is an explicitly labelled proxy based on BeatHit game rank and track prominence.,"{""culture_category"":""video_game_music"",""video_game"":""Super Smash Bros. Ultimate"",""game_rank"":41,""game_association_kind"":""khinsider_game_soundtrack"",""khinsider_album_url"":""https://downloads.khinsider.com/game-soundtracks/album/super-smash-bros.-ultimate-enhanced-original-soundtrack"",""khinsider_album_title"":""Super Smash Bros. Ultimate Enhanced Original Soundtrack (super-smash-bros.-ultimate-enhanced-original-soundtrack)"",""khinsider_album_kind"":""official_or_gamerip"",""khinsider_album_match_score"":100.0,""relevance_score_100"":100.0,""popularity_score_100"":71.56628250740462,""score_100"":88.62651300296184,""popularity_basis"":""BeatHit master-list game rank plus track position proxy""}"
13,Ground Theme - Super Mario Bros. (64),Unknown credited artist,[],Super Smash Bros. Ultimate Vol. 02 - Super Mario (super-smash-bros.-ultimate-expanded-vol.-02-super-mario-switch-gamerip-2018),,,"[""video game soundtrack""]","[""und""]",,,,Super Smash Bros. Ultimate,,,khinsider_track_prominence_proxy,71.56628250740462,score_0_100,,,,88.62651300296184,,,,https://downloads.khinsider.com/game-soundtracks/album/super-smash-bros.-ultimate-expanded-vol.-02-super-mario-switch-gamerip-2018,2026-10-05,Track title is taken from KHInsider's soundtrack/gamerip album index. Popularity is an explicitly labelled proxy based on BeatHit game rank and track prominence.,"{""culture_category"":""video_game_music"",""video_game"":""Super Smash Bros. Ultimate"",""game_rank"":41,""game_association_kind"":""khinsider_game_soundtrack"",""khinsider_album_url"":""https://downloads.khinsider.com/game-soundtracks/album/super-smash-bros.-ultimate-expanded-vol.-02-super-mario-switch-gamerip-2018"",""khinsider_album_title"":""Super Smash Bros. Ultimate Vol. 02 - Super Mario (super-smash-bros.-ultimate-expanded-vol.-02-super-mario-switch-gamerip-2018)"",""khinsider_album_kind"":""official_or_gamerip"",""khinsider_album_match_score"":100.0,""relevance_score_100"":100.0,""popularity_score_100"":71.56628250740462,""score_100"":88.62651300296184,""popularity_basis"":""BeatHit master-list game rank plus track position proxy""}"
14,Donkey Kong Country Returns,Unknown credited artist,[],Super Smash Bros. Ultimate Vol. 03 - Donkey Kong (super-smash-bros.-ultimate-expanded-vol.-03-donkey-kong-switch-gamerip-2018),,,"[""video game soundtrack""]","[""und""]",,,,Super Smash Bros. Ultimate,,,khinsider_track_prominence_proxy,71.56628250740462,score_0_100,,,,88.62651300296184,,,,https://downloads.khinsider.com/game-soundtracks/album/super-smash-bros.-ultimate-expanded-vol.-03-donkey-kong-switch-gamerip-2018,2026-10-05,Track title is taken from KHInsider's soundtrack/gamerip album index. Popularity is an explicitly labelled proxy based on BeatHit game rank and track prominence.,"{""culture_category"":""video_game_music"",""video_game"":""Super Smash Bros. Ultimate"",""game_rank"":41,""game_association_kind"":""khinsider_game_soundtrack"",""khinsider_album_url"":""https://downloads.khinsider.com/game-soundtracks/album/super-smash-bros.-ultimate-expanded-vol.-03-donkey-kong-switch-gamerip-2018"",""khinsider_album_title"":""Super Smash Bros. Ultimate Vol. 03 - Donkey Kong (super-smash-bros.-ultimate-expanded-vol.-03-donkey-kong-switch-gamerip-2018)"",""khinsider_album_kind"":""official_or_gamerip"",""khinsider_album_match_score"":100.0,""relevance_score_100"":100.0,""popularity_score_100"":71.56628250740462,""score_100"":88.62651300296184,""popularity_basis"":""BeatHit master-list game rank plus track position proxy""}"
15,Overworld Theme - The Legend of Zelda,Unknown credited artist,[],Super Smash Bros. Ultimate Vol. 04 - The Legend of Zelda (super-smash-bros.-ultimate-expanded-vol.-04-the-legend-of-zelda-switch-gamerip-2018),,,"[""video game soundtrack""]","[""und""]",,,,Super Smash Bros. Ultimate,,,khinsider_track_prominence_proxy,71.56628250740462,score_0_100,,,,88.62651300296184,,,,https://downloads.khinsider.com/game-soundtracks/album/super-smash-bros.-ultimate-expanded-vol.-04-the-legend-of-zelda-switch-gamerip-2018,2026-10-05,Track title is taken from KHInsider's soundtrack/gamerip album index. Popularity is an explicitly labelled proxy based on BeatHit game rank and track prominence.,"{""culture_category"":""video_game_music"",""video_game"":""Super Smash Bros. Ultimate"",""game_rank"":41,""game_association_kind"":""khinsider_game_soundtrack"",""khinsider_album_url"":""https://downloads.khinsider.com/game-soundtracks/album/super-smash-bros.-ultimate-expanded-vol.-04-the-legend-of-zelda-switch-gamerip-2018"",""khinsider_album_title"":""Super Smash Bros. Ultimate Vol. 04 - The Legend of Zelda (super-smash-bros.-ultimate-expanded-vol.-04-the-legend-of-zelda-switch-gamerip-2018)"",""khinsider_album_kind"":""official_or_gamerip"",""khinsider_album_match_score"":100.0,""relevance_score_100"":100.0,""popularity_score_100"":71.56628250740462,""score_100"":88.62651300296184,""popularity_basis"":""BeatHit master-list game rank plus track position proxy""}"
16,Brinstar (64),Unknown credited artist,[],Super Smash Bros. Ultimate Vol. 05 - Metroid (super-smash-bros.-ultimate-expanded-vol.-05-metroid-switch-gamerip-2018),,,"[""video game soundtrack""]","[""und""]",,,,Super Smash Bros. Ultimate,,,khinsider_track_prominence_proxy,71.56628250740462,score_0_100,,,,88.62651300296184,,,,https://downloads.khinsider.com/game-soundtracks/album/super-smash-bros.-ultimate-expanded-vol.-05-metroid-switch-gamerip-2018,2026-10-05,Track title is taken from KHInsider's soundtrack/gamerip album index. Popularity is an explicitly labelled proxy based on BeatHit game rank and track prominence.,"{""culture_category"":""video_game_music"",""video_game"":""Super Smash Bros. Ultimate"",""game_rank"":41,""game_association_kind"":""khinsider_game_soundtrack"",""khinsider_album_url"":""https://downloads.khinsider.com/game-soundtracks/album/super-smash-bros.-ultimate-expanded-vol.-05-metroid-switch-gamerip-2018"",""khinsider_album_title"":""Super Smash Bros. Ultimate Vol. 05 - Metroid (super-smash-bros.-ultimate-expanded-vol.-05-metroid-switch-gamerip-2018)"",""khinsider_album_kind"":""official_or_gamerip"",""khinsider_album_match_score"":100.0,""relevance_score_100"":100.0,""popularity_score_100"":71.56628250740462,""score_100"":88.62651300296184,""popularity_basis"":""BeatHit master-list game rank plus track position proxy""}"
17,Yoshi's Island (Brawl),Unknown credited artist,[],Super Smash Bros. Ultimate Vol. 06 - Yoshi (super-smash-bros.-ultimate-expanded-vol.-06-yoshi-switch-gamerip-2018),,,"[""video game soundtrack""]","[""und""]",,,,Super Smash Bros. Ultimate,,,khinsider_track_prominence_proxy,71.56628250740462,score_0_100,,,,88.62651300296184,,,,https://downloads.khinsider.com/game-soundtracks/album/super-smash-bros.-ultimate-expanded-vol.-06-yoshi-switch-gamerip-2018,2026-10-05,Track title is taken from KHInsider's soundtrack/gamerip album index. Popularity is an explicitly labelled proxy based on BeatHit game rank and track prominence.,"{""culture_category"":""video_game_music"",""video_game"":""Super Smash Bros. Ultimate"",""game_rank"":41,""game_association_kind"":""khinsider_game_soundtrack"",""khinsider_album_url"":""https://downloads.khinsider.com/game-soundtracks/album/super-smash-bros.-ultimate-expanded-vol.-06-yoshi-switch-gamerip-2018"",""khinsider_album_title"":""Super Smash Bros. Ultimate Vol. 06 - Yoshi (super-smash-bros.-ultimate-expanded-vol.-06-yoshi-switch-gamerip-2018)"",""khinsider_album_kind"":""official_or_gamerip"",""khinsider_album_match_score"":100.0,""relevance_score_100"":100.0,""popularity_score_100"":71.56628250740462,""score_100"":88.62651300296184,""popularity_basis"":""BeatHit master-list game rank plus track position proxy""}"
18,Green Greens (for 3DS  -  Wii U),Unknown credited artist,[],Super Smash Bros. Ultimate Vol. 07 - Kirby (super-smash-bros.-ultimate-expanded-vol.-07-kirby-switch-gamerip-2018),,,"[""video game soundtrack""]","[""und""]",,,,Super Smash Bros. Ultimate,,,khinsider_track_prominence_proxy,71.56628250740462,score_0_100,,,,88.62651300296184,,,,https://downloads.khinsider.com/game-soundtracks/album/super-smash-bros.-ultimate-expanded-vol.-07-kirby-switch-gamerip-2018,2026-10-05,Track title is taken from KHInsider's soundtrack/gamerip album index. Popularity is an explicitly labelled proxy based on BeatHit game rank and track prominence.,"{""culture_category"":""video_game_music"",""video_game"":""Super Smash Bros. Ultimate"",""game_rank"":41,""game_association_kind"":""khinsider_game_soundtrack"",""khinsider_album_url"":""https://downloads.khinsider.com/game-soundtracks/album/super-smash-bros.-ultimate-expanded-vol.-07-kirby-switch-gamerip-2018"",""khinsider_album_title"":""Super Smash Bros. Ultimate Vol. 07 - Kirby (super-smash-bros.-ultimate-expanded-vol.-07-kirby-switch-gamerip-2018)"",""khinsider_album_kind"":""official_or_gamerip"",""khinsider_album_match_score"":100.0,""relevance_score_100"":100.0,""popularity_score_100"":71.56628250740462,""score_100"":88.62651300296184,""popularity_basis"":""BeatHit master-list game rank plus track position proxy""}"
19,Corneria - Star Fox,Unknown credited artist,[],Super Smash Bros. Ultimate Vol. 08 - Star Fox (super-smash-bros.-ultimate-expanded-vol.-08-star-fox-switch-gamerip-2018),,,"[""video game soundtrack""]","[""und""]",,,,Super Smash Bros. Ultimate,,,khinsider_track_prominence_proxy,71.56628250740462,score_0_100,,,,88.62651300296184,,,,https://downloads.khinsider.com/game-soundtracks/album/super-smash-bros.-ultimate-expanded-vol.-08-star-fox-switch-gamerip-2018,2026-10-05,Track title is taken from KHInsider's soundtrack/gamerip album index. Popularity is an explicitly labelled proxy based on BeatHit game rank and track prominence.,"{""culture_category"":""video_game_music"",""video_game"":""Super Smash Bros. Ultimate"",""game_rank"":41,""game_association_kind"":""khinsider_game_soundtrack"",""khinsider_album_url"":""https://downloads.khinsider.com/game-soundtracks/album/super-smash-bros.-ultimate-expanded-vol.-08-star-fox-switch-gamerip-2018"",""khinsider_album_title"":""Super Smash Bros. Ultimate Vol. 08 - Star Fox (super-smash-bros.-ultimate-expanded-vol.-08-star-fox-switch-gamerip-2018)"",""khinsider_album_kind"":""official_or_gamerip"",""khinsider_album_match_score"":100.0,""relevance_score_100"":100.0,""popularity_score_100"":71.56628250740462,""score_100"":88.62651300296184,""popularity_basis"":""BeatHit master-list game rank plus track position proxy""}"
20,Main Theme - Pokémon Red & Blue (Melee),Unknown credited artist,[],Super Smash Bros. Ultimate Vol. 09 - Pokémon (super-smash-bros.-ultimate-expanded-vol.-09-pok-mon-switch-gamerip-2018),,,"[""video game soundtrack""]","[""und""]",,,,Super Smash Bros. Ultimate,,,khinsider_track_prominence_proxy,71.56628250740462,score_0_100,,,,88.62651300296184,,,,https://downloads.khinsider.com/game-soundtracks/album/super-smash-bros.-ultimate-expanded-vol.-09-pok-mon-switch-gamerip-2018,2026-10-05,Track title is taken from KHInsider's soundtrack/gamerip album index. Popularity is an explicitly labelled proxy based on BeatHit game rank and track prominence.,"{""culture_category"":""video_game_music"",""video_game"":""Super Smash Bros. Ultimate"",""game_rank"":41,""game_association_kind"":""khinsider_game_soundtrack"",""khinsider_album_url"":""https://downloads.khinsider.com/game-soundtracks/album/super-smash-bros.-ultimate-expanded-vol.-09-pok-mon-switch-gamerip-2018"",""khinsider_album_title"":""Super Smash Bros. Ultimate Vol. 09 - Pokémon (super-smash-bros.-ultimate-expanded-vol.-09-pok-mon-switch-gamerip-2018)"",""khinsider_album_kind"":""official_or_gamerip"",""khinsider_album_match_score"":100.0,""relevance_score_100"":100.0,""popularity_score_100"":71.56628250740462,""score_100"":88.62651300296184,""popularity_basis"":""BeatHit master-list game rank plus track position proxy""}"
21,Mute City (Melee),Unknown credited artist,[],Super Smash Bros. Ultimate Vol. 10 - F-Zero (super-smash-bros.-ultimate-expanded-vol.-10-f-zero-switch-gamerip-2018),,,"[""video game soundtrack""]","[""und""]",,,,Super Smash Bros. Ultimate,,,khinsider_track_prominence_proxy,71.56628250740462,score_0_100,,,,88.62651300296184,,,,https://downloads.khinsider.com/game-soundtracks/album/super-smash-bros.-ultimate-expanded-vol.-10-f-zero-switch-gamerip-2018,2026-10-05,Track title is taken from KHInsider's soundtrack/gamerip album index. Popularity is an explicitly labelled proxy based on BeatHit game rank and track prominence.,"{""culture_category"":""video_game_music"",""video_game"":""Super Smash Bros. Ultimate"",""game_rank"":41,""game_association_kind"":""khinsider_game_soundtrack"",""khinsider_album_url"":""https://downloads.khinsider.com/game-soundtracks/album/super-smash-bros.-ultimate-expanded-vol.-10-f-zero-switch-gamerip-2018"",""khinsider_album_title"":""Super Smash Bros. Ultimate Vol. 10 - F-Zero (super-smash-bros.-ultimate-expanded-vol.-10-f-zero-switch-gamerip-2018)"",""khinsider_album_kind"":""official_or_gamerip"",""khinsider_album_match_score"":100.0,""relevance_score_100"":100.0,""popularity_score_100"":71.56628250740462,""score_100"":88.62651300296184,""popularity_basis"":""BeatHit master-list game rank plus track position proxy""}"
22,Humoresque of a Little Dog,Unknown credited artist,[],Super Smash Bros. Ultimate Vol. 11 - Mother (super-smash-bros.-ultimate-expanded-vol.-11-mother-switch-gamerip-2018),,,"[""video game soundtrack""]","[""und""]",,,,Super Smash Bros. Ultimate,,,khinsider_track_prominence_proxy,71.56628250740462,score_0_100,,,,88.62651300296184,,,,https://downloads.khinsider.com/game-soundtracks/album/super-smash-bros.-ultimate-expanded-vol.-11-mother-switch-gamerip-2018,2026-10-05,Track title is taken from KHInsider's soundtrack/gamerip album index. Popularity is an explicitly labelled proxy based on BeatHit game rank and track prominence.,"{""culture_category"":""video_game_music"",""video_game"":""Super Smash Bros. Ultimate"",""game_rank"":41,""game_association_kind"":""khinsider_game_soundtrack"",""khinsider_album_url"":""https://downloads.khinsider.com/game-soundtracks/album/super-smash-bros.-ultimate-expanded-vol.-11-mother-switch-gamerip-2018"",""khinsider_album_title"":""Super Smash Bros. Ultimate Vol. 11 - Mother (super-smash-bros.-ultimate-expanded-vol.-11-mother-switch-gamerip-2018)"",""khinsider_album_kind"":""official_or_gamerip"",""khinsider_album_match_score"":100.0,""relevance_score_100"":100.0,""popularity_score_100"":71.56628250740462,""score_100"":88.62651300296184,""popularity_basis"":""BeatHit master-list game rank plus track position proxy""}"
23,Battlefield,Unknown credited artist,[],Super Smash Bros. Ultimate Enhanced Original Soundtrack (super-smash-bros.-ultimate-enhanced-original-soundtrack),,,"[""video game soundtrack""]","[""und""]",,,,Super Smash Bros. Ultimate,,,khinsider_track_prominence_proxy,71.35628250740461,score_0_100,,,,88.54251300296184,,,,https://downloads.khinsider.com/game-soundtracks/album/super-smash-bros.-ultimate-enhanced-original-soundtrack,2026-10-05,Track title is taken from KHInsider's soundtrack/gamerip album index. Popularity is an explicitly labelled proxy based on BeatHit game rank and track prominence.,"{""culture_category"":""video_game_music"",""video_game"":""Super Smash Bros. Ultimate"",""game_rank"":41,""game_association_kind"":""khinsider_game_soundtrack"",""khinsider_album_url"":""https://downloads.khinsider.com/game-soundtracks/album/super-smash-bros.-ultimate-enhanced-original-soundtrack"",""khinsider_album_title"":""Super Smash Bros. Ultimate Enhanced Original Soundtrack (super-smash-bros.-ultimate-enhanced-original-soundtrack)"",""khinsider_album_kind"":""official_or_gamerip"",""khinsider_album_match_score"":100.0,""relevance_score_100"":100.0,""popularity_score_100"":71.35628250740461,""score_100"":88.54251300296184,""popularity_basis"":""BeatHit master-list game rank plus track position proxy""}"
24,Ground Theme - Super Mario Bros. (Melee),Unknown credited artist,[],Super Smash Bros. Ultimate Vol. 02 - Super Mario (super-smash-bros.-ultimate-expanded-vol.-02-super-mario-switch-gamerip-2018),,,"[""video game soundtrack""]","[""und""]",,,,Super Smash Bros. Ultimate,,,khinsider_track_prominence_proxy,71.35628250740461,score_0_100,,,,88.54251300296184,,,,https://downloads.khinsider.com/game-soundtracks/album/super-smash-bros.-ultimate-expanded-vol.-02-super-mario-switch-gamerip-2018,2026-10-05,Track title is taken from KHInsider's soundtrack/gamerip album index. Popularity is an explicitly labelled proxy based on BeatHit game rank and track prominence.,"{""culture_category"":""video_game_music"",""video_game"":""Super Smash Bros. Ultimate"",""game_rank"":41,""game_association_kind"":""khinsider_game_soundtrack"",""khinsider_album_url"":""https://downloads.khinsider.com/game-soundtracks/album/super-smash-bros.-ultimate-expanded-vol.-02-super-mario-switch-gamerip-2018"",""khinsider_album_title"":""Super Smash Bros. Ultimate Vol. 02 - Super Mario (super-smash-bros.-ultimate-expanded-vol.-02-super-mario-switch-gamerip-2018)"",""khinsider_album_kind"":""official_or_gamerip"",""khinsider_album_match_score"":100.0,""relevance_score_100"":100.0,""popularity_score_100"":71.35628250740461,""score_100"":88.54251300296184,""popularity_basis"":""BeatHit master-list game rank plus track position proxy""}"
25,Donkey Kong Country Returns (Vocals),Unknown credited artist,[],Super Smash Bros. Ultimate Vol. 03 - Donkey Kong (super-smash-bros.-ultimate-expanded-vol.-03-donkey-kong-switch-gamerip-2018),,,"[""video game soundtrack""]","[""und""]",,,,Super Smash Bros. Ultimate,,,khinsider_track_prominence_proxy,71.35628250740461,score_0_100,,,,88.54251300296184,,,,https://downloads.khinsider.com/game-soundtracks/album/super-smash-bros.-ultimate-expanded-vol.-03-donkey-kong-switch-gamerip-2018,2026-10-05,Track title is taken from KHInsider's soundtrack/gamerip album index. Popularity is an explicitly labelled proxy based on BeatHit game rank and track prominence.,"{""culture_category"":""video_game_music"",""video_game"":""Super Smash Bros. Ultimate"",""game_rank"":41,""game_association_kind"":""khinsider_game_soundtrack"",""khinsider_album_url"":""https://downloads.khinsider.com/game-soundtracks/album/super-smash-bros.-ultimate-expanded-vol.-03-donkey-kong-switch-gamerip-2018"",""khinsider_album_title"":""Super Smash Bros. Ultimate Vol. 03 - Donkey Kong (super-smash-bros.-ultimate-expanded-vol.-03-donkey-kong-switch-gamerip-2018)"",""khinsider_album_kind"":""official_or_gamerip"",""khinsider_album_match_score"":100.0,""relevance_score_100"":100.0,""popularity_score_100"":71.35628250740461,""score_100"":88.54251300296184,""popularity_basis"":""BeatHit master-list game rank plus track position proxy""}"
26,Overworld Theme - The Legend of Zelda (64),Unknown credited artist,[],Super Smash Bros. Ultimate Vol. 04 - The Legend of Zelda (super-smash-bros.-ultimate-expanded-vol.-04-the-legend-of-zelda-switch-gamerip-2018),,,"[""video game soundtrack""]","[""und""]",,,,Super Smash Bros. Ultimate,,,khinsider_track_prominence_proxy,71.35628250740461,score_0_100,,,,88.54251300296184,,,,https://downloads.khinsider.com/game-soundtracks/album/super-smash-bros.-ultimate-expanded-vol.-04-the-legend-of-zelda-switch-gamerip-2018,2026-10-05,Track title is taken from KHInsider's soundtrack/gamerip album index. Popularity is an explicitly labelled proxy based on BeatHit game rank and track prominence.,"{""culture_category"":""video_game_music"",""video_game"":""Super Smash Bros. Ultimate"",""game_rank"":41,""game_association_kind"":""khinsider_game_soundtrack"",""khinsider_album_url"":""https://downloads.khinsider.com/game-soundtracks/album/super-smash-bros.-ultimate-expanded-vol.-04-the-legend-of-zelda-switch-gamerip-2018"",""khinsider_album_title"":""Super Smash Bros. Ultimate Vol. 04 - The Legend of Zelda (super-smash-bros.-ultimate-expanded-vol.-04-the-legend-of-zelda-switch-gamerip-2018)"",""khinsider_album_kind"":""official_or_gamerip"",""khinsider_album_match_score"":100.0,""relevance_score_100"":100.0,""popularity_score_100"":71.35628250740461,""score_100"":88.54251300296184,""popularity_basis"":""BeatHit master-list game rank plus track position proxy""}"
27,Brinstar (Melee),Unknown credited artist,[],Super Smash Bros. Ultimate Vol. 05 - Metroid (super-smash-bros.-ultimate-expanded-vol.-05-metroid-switch-gamerip-2018),,,"[""video game soundtrack""]","[""und""]",,,,Super Smash Bros. Ultimate,,,khinsider_track_prominence_proxy,71.35628250740461,score_0_100,,,,88.54251300296184,,,,https://downloads.khinsider.com/game-soundtracks/album/super-smash-bros.-ultimate-expanded-vol.-05-metroid-switch-gamerip-2018,2026-10-05,Track title is taken from KHInsider's soundtrack/gamerip album index. Popularity is an explicitly labelled proxy based on BeatHit game rank and track prominence.,"{""culture_category"":""video_game_music"",""video_game"":""Super Smash Bros. Ultimate"",""game_rank"":41,""game_association_kind"":""khinsider_game_soundtrack"",""khinsider_album_url"":""https://downloads.khinsider.com/game-soundtracks/album/super-smash-bros.-ultimate-expanded-vol.-05-metroid-switch-gamerip-2018"",""khinsider_album_title"":""Super Smash Bros. Ultimate Vol. 05 - Metroid (super-smash-bros.-ultimate-expanded-vol.-05-metroid-switch-gamerip-2018)"",""khinsider_album_kind"":""official_or_gamerip"",""khinsider_album_match_score"":100.0,""relevance_score_100"":100.0,""popularity_score_100"":71.35628250740461,""score_100"":88.54251300296184,""popularity_basis"":""BeatHit master-list game rank plus track position proxy""}"
28,Yoshi's Island (for 3DS  -  Wii U),Unknown credited artist,[],Super Smash Bros. Ultimate Vol. 06 - Yoshi (super-smash-bros.-ultimate-expanded-vol.-06-yoshi-switch-gamerip-2018),,,"[""video game soundtrack""]","[""und""]",,,,Super Smash Bros. Ultimate,,,khinsider_track_prominence_proxy,71.35628250740461,score_0_100,,,,88.54251300296184,,,,https://downloads.khinsider.com/game-soundtracks/album/super-smash-bros.-ultimate-expanded-vol.-06-yoshi-switch-gamerip-2018,2026-10-05,Track title is taken from KHInsider's soundtrack/gamerip album index. Popularity is an explicitly labelled proxy based on BeatHit game rank and track prominence.,"{""culture_category"":""video_game_music"",""video_game"":""Super Smash Bros. Ultimate"",""game_rank"":41,""game_association_kind"":""khinsider_game_soundtrack"",""khinsider_album_url"":""https://downloads.khinsider.com/game-soundtracks/album/super-smash-bros.-ultimate-expanded-vol.-06-yoshi-switch-gamerip-2018"",""khinsider_album_title"":""Super Smash Bros. Ultimate Vol. 06 - Yoshi (super-smash-bros.-ultimate-expanded-vol.-06-yoshi-switch-gamerip-2018)"",""khinsider_album_kind"":""official_or_gamerip"",""khinsider_album_match_score"":100.0,""relevance_score_100"":100.0,""popularity_score_100"":71.35628250740461,""score_100"":88.54251300296184,""popularity_basis"":""BeatHit master-list game rank plus track position proxy""}"
29,Kirby Retro Medley,Unknown credited artist,[],Super Smash Bros. Ultimate Vol. 07 - Kirby (super-smash-bros.-ultimate-expanded-vol.-07-kirby-switch-gamerip-2018),,,"[""video game soundtrack""]","[""und""]",,,,Super Smash Bros. Ultimate,,,khinsider_track_prominence_proxy,71.35628250740461,score_0_100,,,,88.54251300296184,,,,https://downloads.khinsider.com/game-soundtracks/album/super-smash-bros.-ultimate-expanded-vol.-07-kirby-switch-gamerip-2018,2026-10-05,Track title is taken from KHInsider's soundtrack/gamerip album index. Popularity is an explicitly labelled proxy based on BeatHit game rank and track prominence.,"{""culture_category"":""video_game_music"",""video_game"":""Super Smash Bros. Ultimate"",""game_rank"":41,""game_association_kind"":""khinsider_game_soundtrack"",""khinsider_album_url"":""https://downloads.khinsider.com/game-soundtracks/album/super-smash-bros.-ultimate-expanded-vol.-07-kirby-switch-gamerip-2018"",""khinsider_album_title"":""Super Smash Bros. Ultimate Vol. 07 - Kirby (super-smash-bros.-ultimate-expanded-vol.-07-kirby-switch-gamerip-2018)"",""khinsider_album_kind"":""official_or_gamerip"",""khinsider_album_match_score"":100.0,""relevance_score_100"":100.0,""popularity_score_100"":71.35628250740461,""score_100"":88.54251300296184,""popularity_basis"":""BeatHit master-list game rank plus track position proxy""}"
30,Space Armada,Unknown credited artist,[],Super Smash Bros. Ultimate Vol. 08 - Star Fox (super-smash-bros.-ultimate-expanded-vol.-08-star-fox-switch-gamerip-2018),,,"[""video game soundtrack""]","[""und""]",,,,Super Smash Bros. Ultimate,,,khinsider_track_prominence_proxy,71.35628250740461,score_0_100,,,,88.54251300296184,,,,https://downloads.khinsider.com/game-soundtracks/album/super-smash-bros.-ultimate-expanded-vol.-08-star-fox-switch-gamerip-2018,2026-10-05,Track title is taken from KHInsider's soundtrack/gamerip album index. Popularity is an explicitly labelled proxy based on BeatHit game rank and track prominence.,"{""culture_category"":""video_game_music"",""video_game"":""Super Smash Bros. Ultimate"",""game_rank"":41,""game_association_kind"":""khinsider_game_soundtrack"",""khinsider_album_url"":""https://downloads.khinsider.com/game-soundtracks/album/super-smash-bros.-ultimate-expanded-vol.-08-star-fox-switch-gamerip-2018"",""khinsider_album_title"":""Super Smash Bros. Ultimate Vol. 08 - Star Fox (super-smash-bros.-ultimate-expanded-vol.-08-star-fox-switch-gamerip-2018)"",""khinsider_album_kind"":""official_or_gamerip"",""khinsider_album_match_score"":100.0,""relevance_score_100"":100.0,""popularity_score_100"":71.35628250740461,""score_100"":88.54251300296184,""popularity_basis"":""BeatHit master-list game rank plus track position proxy""}"
31,Main Theme - Pokémon Red & Blue (Brawl),Unknown credited artist,[],Super Smash Bros. Ultimate Vol. 09 - Pokémon (super-smash-bros.-ultimate-expanded-vol.-09-pok-mon-switch-gamerip-2018),,,"[""video game soundtrack""]","[""und""]",,,,Super Smash Bros. Ultimate,,,khinsider_track_prominence_proxy,71.35628250740461,score_0_100,,,,88.54251300296184,,,,https://downloads.khinsider.com/game-soundtracks/album/super-smash-bros.-ultimate-expanded-vol.-09-pok-mon-switch-gamerip-2018,2026-10-05,Track title is taken from KHInsider's soundtrack/gamerip album index. Popularity is an explicitly labelled proxy based on BeatHit game rank and track prominence.,"{""culture_category"":""video_game_music"",""video_game"":""Super Smash Bros. Ultimate"",""game_rank"":41,""game_association_kind"":""khinsider_game_soundtrack"",""khinsider_album_url"":""https://downloads.khinsider.com/game-soundtracks/album/super-smash-bros.-ultimate-expanded-vol.-09-pok-mon-switch-gamerip-2018"",""khinsider_album_title"":""Super Smash Bros. Ultimate Vol. 09 - Pokémon (super-smash-bros.-ultimate-expanded-vol.-09-pok-mon-switch-gamerip-2018)"",""khinsider_album_kind"":""official_or_gamerip"",""khinsider_album_match_score"":100.0,""relevance_score_100"":100.0,""popularity_score_100"":71.35628250740461,""score_100"":88.54251300296184,""popularity_basis"":""BeatHit master-list game rank plus track position proxy""}"
32,Mute City (Brawl),Unknown credited artist,[],Super Smash Bros. Ultimate Vol. 10 - F-Zero (super-smash-bros.-ultimate-expanded-vol.-10-f-zero-switch-gamerip-2018),,,"[""video game soundtrack""]","[""und""]",,,,Super Smash Bros. Ultimate,,,khinsider_track_prominence_proxy,71.35628250740461,score_0_100,,,,88.54251300296184,,,,https://downloads.khinsider.com/game-soundtracks/album/super-smash-bros.-ultimate-expanded-vol.-10-f-zero-switch-gamerip-2018,2026-10-05,Track title is taken from KHInsider's soundtrack/gamerip album index. Popularity is an explicitly labelled proxy based on BeatHit game rank and track prominence.,"{""culture_category"":""video_game_music"",""video_game"":""Super Smash Bros. Ultimate"",""game_rank"":41,""game_association_kind"":""khinsider_game_soundtrack"",""khinsider_album_url"":""https://downloads.khinsider.com/game-soundtracks/album/super-smash-bros.-ultimate-expanded-vol.-10-f-zero-switch-gamerip-2018"",""khinsider_album_title"":""Super Smash Bros. Ultimate Vol. 10 - F-Zero (super-smash-bros.-ultimate-expanded-vol.-10-f-zero-switch-gamerip-2018)"",""khinsider_album_kind"":""official_or_gamerip"",""khinsider_album_match_score"":100.0,""relevance_score_100"":100.0,""popularity_score_100"":71.35628250740461,""score_100"":88.54251300296184,""popularity_basis"":""BeatHit master-list game rank plus track position proxy""}"
33,Magicant,Unknown credited artist,[],Super Smash Bros. Ultimate Vol. 11 - Mother (super-smash-bros.-ultimate-expanded-vol.-11-mother-switch-gamerip-2018),,,"[""video game soundtrack""]","[""und""]",,,,Super Smash Bros. Ultimate,,,khinsider_track_prominence_proxy,71.35628250740461,score_0_100,,,,88.54251300296184,,,,https://downloads.khinsider.com/game-soundtracks/album/super-smash-bros.-ultimate-expanded-vol.-11-mother-switch-gamerip-2018,2026-10-05,Track title is taken from KHInsider's soundtrack/gamerip album index. Popularity is an explicitly labelled proxy based on BeatHit game rank and track prominence.,"{""culture_category"":""video_game_music"",""video_game"":""Super Smash Bros. Ultimate"",""game_rank"":41,""game_association_kind"":""khinsider_game_soundtrack"",""khinsider_album_url"":""https://downloads.khinsider.com/game-soundtracks/album/super-smash-bros.-ultimate-expanded-vol.-11-mother-switch-gamerip-2018"",""khinsider_album_title"":""Super Smash Bros. Ultimate Vol. 11 - Mother (super-smash-bros.-ultimate-expanded-vol.-11-mother-switch-gamerip-2018)"",""khinsider_album_kind"":""official_or_gamerip"",""khinsider_album_match_score"":100.0,""relevance_score_100"":100.0,""popularity_score_100"":71.35628250740461,""score_100"":88.54251300296184,""popularity_basis"":""BeatHit master-list game rank plus track position proxy""}"
34,Classic Mode Mural,Unknown credited artist,[],Super Smash Bros. Ultimate Enhanced Original Soundtrack (super-smash-bros.-ultimate-enhanced-original-soundtrack),,,"[""video game soundtrack""]","[""und""]",,,,Super Smash Bros. Ultimate,,,khinsider_track_prominence_proxy,71.14628250740462,score_0_100,,,,88.45851300296185,,,,https://downloads.khinsider.com/game-soundtracks/album/super-smash-bros.-ultimate-enhanced-original-soundtrack,2026-10-05,Track title is taken from KHInsider's soundtrack/gamerip album index. Popularity is an explicitly labelled proxy based on BeatHit game rank and track prominence.,"{""culture_category"":""video_game_music"",""video_game"":""Super Smash Bros. Ultimate"",""game_rank"":41,""game_association_kind"":""khinsider_game_soundtrack"",""khinsider_album_url"":""https://downloads.khinsider.com/game-soundtracks/album/super-smash-bros.-ultimate-enhanced-original-soundtrack"",""khinsider_album_title"":""Super Smash Bros. Ultimate Enhanced Original Soundtrack (super-smash-bros.-ultimate-enhanced-original-soundtrack)"",""khinsider_album_kind"":""official_or_gamerip"",""khinsider_album_match_score"":100.0,""relevance_score_100"":100.0,""popularity_score_100"":71.14628250740462,""score_100"":88.45851300296185,""popularity_basis"":""BeatHit master-list game rank plus track position proxy""}"
35,Ground Theme - Super Mario Bros. (Brawl),Unknown credited artist,[],Super Smash Bros. Ultimate Vol. 02 - Super Mario (super-smash-bros.-ultimate-expanded-vol.-02-super-mario-switch-gamerip-2018),,,"[""video game soundtrack""]","[""und""]",,,,Super Smash Bros. Ultimate,,,khinsider_track_prominence_proxy,71.14628250740462,score_0_100,,,,88.45851300296185,,,,https://downloads.khinsider.com/game-soundtracks/album/super-smash-bros.-ultimate-expanded-vol.-02-super-mario-switch-gamerip-2018,2026-10-05,Track title is taken from KHInsider's soundtrack/gamerip album index. Popularity is an explicitly labelled proxy based on BeatHit game rank and track prominence.,"{""culture_category"":""video_game_music"",""video_game"":""Super Smash Bros. Ultimate"",""game_rank"":41,""game_association_kind"":""khinsider_game_soundtrack"",""khinsider_album_url"":""https://downloads.khinsider.com/game-soundtracks/album/super-smash-bros.-ultimate-expanded-vol.-02-super-mario-switch-gamerip-2018"",""khinsider_album_title"":""Super Smash Bros. Ultimate Vol. 02 - Super Mario (super-smash-bros.-ultimate-expanded-vol.-02-super-mario-switch-gamerip-2018)"",""khinsider_album_kind"":""official_or_gamerip"",""khinsider_album_match_score"":100.0,""relevance_score_100"":100.0,""popularity_score_100"":71.14628250740462,""score_100"":88.45851300296185,""popularity_basis"":""BeatHit master-list game rank plus track position proxy""}"
36,Donkey Kong,Unknown credited artist,[],Super Smash Bros. Ultimate Vol. 03 - Donkey Kong (super-smash-bros.-ultimate-expanded-vol.-03-donkey-kong-switch-gamerip-2018),,,"[""video game soundtrack""]","[""und""]",,,,Super Smash Bros. Ultimate,,,khinsider_track_prominence_proxy,71.14628250740462,score_0_100,,,,88.45851300296185,,,,https://downloads.khinsider.com/game-soundtracks/album/super-smash-bros.-ultimate-expanded-vol.-03-donkey-kong-switch-gamerip-2018,2026-10-05,Track title is taken from KHInsider's soundtrack/gamerip album index. Popularity is an explicitly labelled proxy based on BeatHit game rank and track prominence.,"{""culture_category"":""video_game_music"",""video_game"":""Super Smash Bros. Ultimate"",""game_rank"":41,""game_association_kind"":""khinsider_game_soundtrack"",""khinsider_album_url"":""https://downloads.khinsider.com/game-soundtracks/album/super-smash-bros.-ultimate-expanded-vol.-03-donkey-kong-switch-gamerip-2018"",""khinsider_album_title"":""Super Smash Bros. Ultimate Vol. 03 - Donkey Kong (super-smash-bros.-ultimate-expanded-vol.-03-donkey-kong-switch-gamerip-2018)"",""khinsider_album_kind"":""official_or_gamerip"",""khinsider_album_match_score"":100.0,""relevance_score_100"":100.0,""popularity_score_100"":71.14628250740462,""score_100"":88.45851300296185,""popularity_basis"":""BeatHit master-list game rank plus track position proxy""}"
37,Overworld Theme - The Legend of Zelda (Melee),Unknown credited artist,[],Super Smash Bros. Ultimate Vol. 04 - The Legend of Zelda (super-smash-bros.-ultimate-expanded-vol.-04-the-legend-of-zelda-switch-gamerip-2018),,,"[""video game soundtrack""]","[""und""]",,,,Super Smash Bros. Ultimate,,,khinsider_track_prominence_proxy,71.14628250740462,score_0_100,,,,88.45851300296185,,,,https://downloads.khinsider.com/game-soundtracks/album/super-smash-bros.-ultimate-expanded-vol.-04-the-legend-of-zelda-switch-gamerip-2018,2026-10-05,Track title is taken from KHInsider's soundtrack/gamerip album index. Popularity is an explicitly labelled proxy based on BeatHit game rank and track prominence.,"{""culture_category"":""video_game_music"",""video_game"":""Super Smash Bros. Ultimate"",""game_rank"":41,""game_association_kind"":""khinsider_game_soundtrack"",""khinsider_album_url"":""https://downloads.khinsider.com/game-soundtracks/album/super-smash-bros.-ultimate-expanded-vol.-04-the-legend-of-zelda-switch-gamerip-2018"",""khinsider_album_title"":""Super Smash Bros. Ultimate Vol. 04 - The Legend of Zelda (super-smash-bros.-ultimate-expanded-vol.-04-the-legend-of-zelda-switch-gamerip-2018)"",""khinsider_album_kind"":""official_or_gamerip"",""khinsider_album_match_score"":100.0,""relevance_score_100"":100.0,""popularity_score_100"":71.14628250740462,""score_100"":88.45851300296185,""popularity_basis"":""BeatHit master-list game rank plus track position proxy""}"
38,Brinstar (Brawl),Unknown credited artist,[],Super Smash Bros. Ultimate Vol. 05 - Metroid (super-smash-bros.-ultimate-expanded-vol.-05-metroid-switch-gamerip-2018),,,"[""video game soundtrack""]","[""und""]",,,,Super Smash Bros. Ultimate,,,khinsider_track_prominence_proxy,71.14628250740462,score_0_100,,,,88.45851300296185,,,,https://downloads.khinsider.com/game-soundtracks/album/super-smash-bros.-ultimate-expanded-vol.-05-metroid-switch-gamerip-2018,2026-10-05,Track title is taken from KHInsider's soundtrack/gamerip album index. Popularity is an explicitly labelled proxy based on BeatHit game rank and track prominence.,"{""culture_category"":""video_game_music"",""video_game"":""Super Smash Bros. Ultimate"",""game_rank"":41,""game_association_kind"":""khinsider_game_soundtrack"",""khinsider_album_url"":""https://downloads.khinsider.com/game-soundtracks/album/super-smash-bros.-ultimate-expanded-vol.-05-metroid-switch-gamerip-2018"",""khinsider_album_title"":""Super Smash Bros. Ultimate Vol. 05 - Metroid (super-smash-bros.-ultimate-expanded-vol.-05-metroid-switch-gamerip-2018)"",""khinsider_album_kind"":""official_or_gamerip"",""khinsider_album_match_score"":100.0,""relevance_score_100"":100.0,""popularity_score_100"":71.14628250740462,""score_100"":88.45851300296185,""popularity_basis"":""BeatHit master-list game rank plus track position proxy""}"
39,Obstacle Course - Yoshi's Island,Unknown credited artist,[],Super Smash Bros. Ultimate Vol. 06 - Yoshi (super-smash-bros.-ultimate-expanded-vol.-06-yoshi-switch-gamerip-2018),,,"[""video game soundtrack""]","[""und""]",,,,Super Smash Bros. Ultimate,,,khinsider_track_prominence_proxy,71.14628250740462,score_0_100,,,,88.45851300296185,,,,https://downloads.khinsider.com/game-soundtracks/album/super-smash-bros.-ultimate-expanded-vol.-06-yoshi-switch-gamerip-2018,2026-10-05,Track title is taken from KHInsider's soundtrack/gamerip album index. Popularity is an explicitly labelled proxy based on BeatHit game rank and track prominence.,"{""culture_category"":""video_game_music"",""video_game"":""Super Smash Bros. Ultimate"",""game_rank"":41,""game_association_kind"":""khinsider_game_soundtrack"",""khinsider_album_url"":""https://downloads.khinsider.com/game-soundtracks/album/super-smash-bros.-ultimate-expanded-vol.-06-yoshi-switch-gamerip-2018"",""khinsider_album_title"":""Super Smash Bros. Ultimate Vol. 06 - Yoshi (super-smash-bros.-ultimate-expanded-vol.-06-yoshi-switch-gamerip-2018)"",""khinsider_album_kind"":""official_or_gamerip"",""khinsider_album_match_score"":100.0,""relevance_score_100"":100.0,""popularity_score_100"":71.14628250740462,""score_100"":88.45851300296185,""popularity_basis"":""BeatHit master-list game rank plus track position proxy""}"
40,King Dedede's Theme (Brawl),Unknown credited artist,[],Super Smash Bros. Ultimate Vol. 07 - Kirby (super-smash-bros.-ultimate-expanded-vol.-07-kirby-switch-gamerip-2018),,,"[""video game soundtrack""]","[""und""]",,,,Super Smash Bros. Ultimate,,,khinsider_track_prominence_proxy,71.14628250740462,score_0_100,,,,88.45851300296185,,,,https://downloads.khinsider.com/game-soundtracks/album/super-smash-bros.-ultimate-expanded-vol.-07-kirby-switch-gamerip-2018,2026-10-05,Track title is taken from KHInsider's soundtrack/gamerip album index. Popularity is an explicitly labelled proxy based on BeatHit game rank and track prominence.,"{""culture_category"":""video_game_music"",""video_game"":""Super Smash Bros. Ultimate"",""game_rank"":41,""game_association_kind"":""khinsider_game_soundtrack"",""khinsider_album_url"":""https://downloads.khinsider.com/game-soundtracks/album/super-smash-bros.-ultimate-expanded-vol.-07-kirby-switch-gamerip-2018"",""khinsider_album_title"":""Super Smash Bros. Ultimate Vol. 07 - Kirby (super-smash-bros.-ultimate-expanded-vol.-07-kirby-switch-gamerip-2018)"",""khinsider_album_kind"":""official_or_gamerip"",""khinsider_album_match_score"":100.0,""relevance_score_100"":100.0,""popularity_score_100"":71.14628250740462,""score_100"":88.45851300296185,""popularity_basis"":""BeatHit master-list game rank plus track position proxy""}"
41,Star Fox Medley,Unknown credited artist,[],Super Smash Bros. Ultimate Vol. 08 - Star Fox (super-smash-bros.-ultimate-expanded-vol.-08-star-fox-switch-gamerip-2018),,,"[""video game soundtrack""]","[""und""]",,,,Super Smash Bros. Ultimate,,,khinsider_track_prominence_proxy,71.14628250740462,score_0_100,,,,88.45851300296185,,,,https://downloads.khinsider.com/game-soundtracks/album/super-smash-bros.-ultimate-expanded-vol.-08-star-fox-switch-gamerip-2018,2026-10-05,Track title is taken from KHInsider's soundtrack/gamerip album index. Popularity is an explicitly labelled proxy based on BeatHit game rank and track prominence.,"{""culture_category"":""video_game_music"",""video_game"":""Super Smash Bros. Ultimate"",""game_rank"":41,""game_association_kind"":""khinsider_game_soundtrack"",""khinsider_album_url"":""https://downloads.khinsider.com/game-soundtracks/album/super-smash-bros.-ultimate-expanded-vol.-08-star-fox-switch-gamerip-2018"",""khinsider_album_title"":""Super Smash Bros. Ultimate Vol. 08 - Star Fox (super-smash-bros.-ultimate-expanded-vol.-08-star-fox-switch-gamerip-2018)"",""khinsider_album_kind"":""official_or_gamerip"",""khinsider_album_match_score"":100.0,""relevance_score_100"":100.0,""popularity_score_100"":71.14628250740462,""score_100"":88.45851300296185,""popularity_basis"":""BeatHit master-list game rank plus track position proxy""}"
42,Road to Viridian City - Pokémon Red  -  Pokémon Blue,Unknown credited artist,[],Super Smash Bros. Ultimate Vol. 09 - Pokémon (super-smash-bros.-ultimate-expanded-vol.-09-pok-mon-switch-gamerip-2018),,,"[""video game soundtrack""]","[""und""]",,,,Super Smash Bros. Ultimate,,,khinsider_track_prominence_proxy,71.14628250740462,score_0_100,,,,88.45851300296185,,,,https://downloads.khinsider.com/game-soundtracks/album/super-smash-bros.-ultimate-expanded-vol.-09-pok-mon-switch-gamerip-2018,2026-10-05,Track title is taken from KHInsider's soundtrack/gamerip album index. Popularity is an explicitly labelled proxy based on BeatHit game rank and track prominence.,"{""culture_category"":""video_game_music"",""video_game"":""Super Smash Bros. Ultimate"",""game_rank"":41,""game_association_kind"":""khinsider_game_soundtrack"",""khinsider_album_url"":""https://downloads.khinsider.com/game-soundtracks/album/super-smash-bros.-ultimate-expanded-vol.-09-pok-mon-switch-gamerip-2018"",""khinsider_album_title"":""Super Smash Bros. Ultimate Vol. 09 - Pokémon (super-smash-bros.-ultimate-expanded-vol.-09-pok-mon-switch-gamerip-2018)"",""khinsider_album_kind"":""official_or_gamerip"",""khinsider_album_match_score"":100.0,""relevance_score_100"":100.0,""popularity_score_100"":71.14628250740462,""score_100"":88.45851300296185,""popularity_basis"":""BeatHit master-list game rank plus track position proxy""}"
43,Mute City (for 3DS  -  Wii U),Unknown credited artist,[],Super Smash Bros. Ultimate Vol. 10 - F-Zero (super-smash-bros.-ultimate-expanded-vol.-10-f-zero-switch-gamerip-2018),,,"[""video game soundtrack""]","[""und""]",,,,Super Smash Bros. Ultimate,,,khinsider_track_prominence_proxy,71.14628250740462,score_0_100,,,,88.45851300296185,,,,https://downloads.khinsider.com/game-soundtracks/album/super-smash-bros.-ultimate-expanded-vol.-10-f-zero-switch-gamerip-2018,2026-10-05,Track title is taken from KHInsider's soundtrack/gamerip album index. Popularity is an explicitly labelled proxy based on BeatHit game rank and track prominence.,"{""culture_category"":""video_game_music"",""video_game"":""Super Smash Bros. Ultimate"",""game_rank"":41,""game_association_kind"":""khinsider_game_soundtrack"",""khinsider_album_url"":""https://downloads.khinsider.com/game-soundtracks/album/super-smash-bros.-ultimate-expanded-vol.-10-f-zero-switch-gamerip-2018"",""khinsider_album_title"":""Super Smash Bros. Ultimate Vol. 10 - F-Zero (super-smash-bros.-ultimate-expanded-vol.-10-f-zero-switch-gamerip-2018)"",""khinsider_album_kind"":""official_or_gamerip"",""khinsider_album_match_score"":100.0,""relevance_score_100"":100.0,""popularity_score_100"":71.14628250740462,""score_100"":88.45851300296185,""popularity_basis"":""BeatHit master-list game rank plus track position proxy""}"
44,Magicant (for 3DS  -  Wii U),Unknown credited artist,[],Super Smash Bros. Ultimate Vol. 11 - Mother (super-smash-bros.-ultimate-expanded-vol.-11-mother-switch-gamerip-2018),,,"[""video game soundtrack""]","[""und""]",,,,Super Smash Bros. Ultimate,,,khinsider_track_prominence_proxy,71.14628250740462,score_0_100,,,,88.45851300296185,,,,https://downloads.khinsider.com/game-soundtracks/album/super-smash-bros.-ultimate-expanded-vol.-11-mother-switch-gamerip-2018,2026-10-05,Track title is taken from KHInsider's soundtrack/gamerip album index. Popularity is an explicitly labelled proxy based on BeatHit game rank and track prominence.,"{""culture_category"":""video_game_music"",""video_game"":""Super Smash Bros. Ultimate"",""game_rank"":41,""game_association_kind"":""khinsider_game_soundtrack"",""khinsider_album_url"":""https://downloads.khinsider.com/game-soundtracks/album/super-smash-bros.-ultimate-expanded-vol.-11-mother-switch-gamerip-2018"",""khinsider_album_title"":""Super Smash Bros. Ultimate Vol. 11 - Mother (super-smash-bros.-ultimate-expanded-vol.-11-mother-switch-gamerip-2018)"",""khinsider_album_kind"":""official_or_gamerip"",""khinsider_album_match_score"":100.0,""relevance_score_100"":100.0,""popularity_score_100"":71.14628250740462,""score_100"":88.45851300296185,""popularity_basis"":""BeatHit master-list game rank plus track position proxy""}"
45,Ground Theme - Super Mario Bros. 2,Unknown credited artist,[],Super Smash Bros. Ultimate Enhanced Original Soundtrack (super-smash-bros.-ultimate-enhanced-original-soundtrack),,,"[""video game soundtrack""]","[""und""]",,,,Super Smash Bros. Ultimate,,,khinsider_track_prominence_proxy,70.93628250740463,score_0_100,,,,88.37451300296185,,,,https://downloads.khinsider.com/game-soundtracks/album/super-smash-bros.-ultimate-enhanced-original-soundtrack,2026-10-05,Track title is taken from KHInsider's soundtrack/gamerip album index. Popularity is an explicitly labelled proxy based on BeatHit game rank and track prominence.,"{""culture_category"":""video_game_music"",""video_game"":""Super Smash Bros. Ultimate"",""game_rank"":41,""game_association_kind"":""khinsider_game_soundtrack"",""khinsider_album_url"":""https://downloads.khinsider.com/game-soundtracks/album/super-smash-bros.-ultimate-enhanced-original-soundtrack"",""khinsider_album_title"":""Super Smash Bros. Ultimate Enhanced Original Soundtrack (super-smash-bros.-ultimate-enhanced-original-soundtrack)"",""khinsider_album_kind"":""official_or_gamerip"",""khinsider_album_match_score"":100.0,""relevance_score_100"":100.0,""popularity_score_100"":70.93628250740463,""score_100"":88.37451300296185,""popularity_basis"":""BeatHit master-list game rank plus track position proxy""}"
46,Ground Theme (Band Performance) - Super Mario Bros.,Unknown credited artist,[],Super Smash Bros. Ultimate Vol. 02 - Super Mario (super-smash-bros.-ultimate-expanded-vol.-02-super-mario-switch-gamerip-2018),,,"[""video game soundtrack""]","[""und""]",,,,Super Smash Bros. Ultimate,,,khinsider_track_prominence_proxy,70.93628250740463,score_0_100,,,,88.37451300296185,,,,https://downloads.khinsider.com/game-soundtracks/album/super-smash-bros.-ultimate-expanded-vol.-02-super-mario-switch-gamerip-2018,2026-10-05,Track title is taken from KHInsider's soundtrack/gamerip album index. Popularity is an explicitly labelled proxy based on BeatHit game rank and track prominence.,"{""culture_category"":""video_game_music"",""video_game"":""Super Smash Bros. Ultimate"",""game_rank"":41,""game_association_kind"":""khinsider_game_soundtrack"",""khinsider_album_url"":""https://downloads.khinsider.com/game-soundtracks/album/super-smash-bros.-ultimate-expanded-vol.-02-super-mario-switch-gamerip-2018"",""khinsider_album_title"":""Super Smash Bros. Ultimate Vol. 02 - Super Mario (super-smash-bros.-ultimate-expanded-vol.-02-super-mario-switch-gamerip-2018)"",""khinsider_album_kind"":""official_or_gamerip"",""khinsider_album_match_score"":100.0,""relevance_score_100"":100.0,""popularity_score_100"":70.93628250740463,""score_100"":88.37451300296185,""popularity_basis"":""BeatHit master-list game rank plus track position proxy""}"
47,25m Theme,Unknown credited artist,[],Super Smash Bros. Ultimate Vol. 03 - Donkey Kong (super-smash-bros.-ultimate-expanded-vol.-03-donkey-kong-switch-gamerip-2018),,,"[""video game soundtrack""]","[""und""]",,,,Super Smash Bros. Ultimate,,,khinsider_track_prominence_proxy,70.93628250740463,score_0_100,,,,88.37451300296185,,,,https://downloads.khinsider.com/game-soundtracks/album/super-smash-bros.-ultimate-expanded-vol.-03-donkey-kong-switch-gamerip-2018,2026-10-05,Track title is taken from KHInsider's soundtrack/gamerip album index. Popularity is an explicitly labelled proxy based on BeatHit game rank and track prominence.,"{""culture_category"":""video_game_music"",""video_game"":""Super Smash Bros. Ultimate"",""game_rank"":41,""game_association_kind"":""khinsider_game_soundtrack"",""khinsider_album_url"":""https://downloads.khinsider.com/game-soundtracks/album/super-smash-bros.-ultimate-expanded-vol.-03-donkey-kong-switch-gamerip-2018"",""khinsider_album_title"":""Super Smash Bros. Ultimate Vol. 03 - Donkey Kong (super-smash-bros.-ultimate-expanded-vol.-03-donkey-kong-switch-gamerip-2018)"",""khinsider_album_kind"":""official_or_gamerip"",""khinsider_album_match_score"":100.0,""relevance_score_100"":100.0,""popularity_score_100"":70.93628250740463,""score_100"":88.37451300296185,""popularity_basis"":""BeatHit master-list game rank plus track position proxy""}"
48,Overworld Theme - The Legend of Zelda (Brawl),Unknown credited artist,[],Super Smash Bros. Ultimate Vol. 04 - The Legend of Zelda (super-smash-bros.-ultimate-expanded-vol.-04-the-legend-of-zelda-switch-gamerip-2018),,,"[""video game soundtrack""]","[""und""]",,,,Super Smash Bros. Ultimate,,,khinsider_track_prominence_proxy,70.93628250740463,score_0_100,,,,88.37451300296185,,,,https://downloads.khinsider.com/game-soundtracks/album/super-smash-bros.-ultimate-expanded-vol.-04-the-legend-of-zelda-switch-gamerip-2018,2026-10-05,Track title is taken from KHInsider's soundtrack/gamerip album index. Popularity is an explicitly labelled proxy based on BeatHit game rank and track prominence.,"{""culture_category"":""video_game_music"",""video_game"":""Super Smash Bros. Ultimate"",""game_rank"":41,""game_association_kind"":""khinsider_game_soundtrack"",""khinsider_album_url"":""https://downloads.khinsider.com/game-soundtracks/album/super-smash-bros.-ultimate-expanded-vol.-04-the-legend-of-zelda-switch-gamerip-2018"",""khinsider_album_title"":""Super Smash Bros. Ultimate Vol. 04 - The Legend of Zelda (super-smash-bros.-ultimate-expanded-vol.-04-the-legend-of-zelda-switch-gamerip-2018)"",""khinsider_album_kind"":""official_or_gamerip"",""khinsider_album_match_score"":100.0,""relevance_score_100"":100.0,""popularity_score_100"":70.93628250740463,""score_100"":88.37451300296185,""popularity_basis"":""BeatHit master-list game rank plus track position proxy""}"
49,Brinstar Depths,Unknown credited artist,[],Super Smash Bros. Ultimate Vol. 05 - Metroid (super-smash-bros.-ultimate-expanded-vol.-05-metroid-switch-gamerip-2018),,,"[""video game soundtrack""]","[""und""]",,,,Super Smash Bros. Ultimate,,,khinsider_track_prominence_proxy,70.93628250740463,score_0_100,,,,88.37451300296185,,,,https://downloads.khinsider.com/game-soundtracks/album/super-smash-bros.-ultimate-expanded-vol.-05-metroid-switch-gamerip-2018,2026-10-05,Track title is taken from KHInsider's soundtrack/gamerip album index. Popularity is an explicitly labelled proxy based on BeatHit game rank and track prominence.,"{""culture_category"":""video_game_music"",""video_game"":""Super Smash Bros. Ultimate"",""game_rank"":41,""game_association_kind"":""khinsider_game_soundtrack"",""khinsider_album_url"":""https://downloads.khinsider.com/game-soundtracks/album/super-smash-bros.-ultimate-expanded-vol.-05-metroid-switch-gamerip-2018"",""khinsider_album_title"":""Super Smash Bros. Ultimate Vol. 05 - Metroid (super-smash-bros.-ultimate-expanded-vol.-05-metroid-switch-gamerip-2018)"",""khinsider_album_kind"":""official_or_gamerip"",""khinsider_album_match_score"":100.0,""relevance_score_100"":100.0,""popularity_score_100"":70.93628250740463,""score_100"":88.37451300296185,""popularity_basis"":""BeatHit master-list game rank plus track position proxy""}"
50,Yoshi's Story (64),Unknown credited artist,[],Super Smash Bros. Ultimate Vol. 06 - Yoshi (super-smash-bros.-ultimate-expanded-vol.-06-yoshi-switch-gamerip-2018),,,"[""video game soundtrack""]","[""und""]",,,,Super Smash Bros. Ultimate,,,khinsider_track_prominence_proxy,70.93628250740463,score_0_100,,,,88.37451300296185,,,,https://downloads.khinsider.com/game-soundtracks/album/super-smash-bros.-ultimate-expanded-vol.-06-yoshi-switch-gamerip-2018,2026-10-05,Track title is taken from KHInsider's soundtrack/gamerip album index. Popularity is an explicitly labelled proxy based on BeatHit game rank and track prominence.,"{""culture_category"":""video_game_music"",""video_game"":""Super Smash Bros. Ultimate"",""game_rank"":41,""game_association_kind"":""khinsider_game_soundtrack"",""khinsider_album_url"":""https://downloads.khinsider.com/game-soundtracks/album/super-smash-bros.-ultimate-expanded-vol.-06-yoshi-switch-gamerip-2018"",""khinsider_album_title"":""Super Smash Bros. Ultimate Vol. 06 - Yoshi (super-smash-bros.-ultimate-expanded-vol.-06-yoshi-switch-gamerip-2018)"",""khinsider_album_kind"":""official_or_gamerip"",""khinsider_album_match_score"":100.0,""relevance_score_100"":100.0,""popularity_score_100"":70.93628250740463,""score_100"":88.37451300296185,""popularity_basis"":""BeatHit master-list game rank plus track position proxy""}"
51,King Dedede's Theme (for 3DS  -  Wii U),Unknown credited artist,[],Super Smash Bros. Ultimate Vol. 07 - Kirby (super-smash-bros.-ultimate-expanded-vol.-07-kirby-switch-gamerip-2018),,,"[""video game soundtrack""]","[""und""]",,,,Super Smash Bros. Ultimate,,,khinsider_track_prominence_proxy,70.93628250740463,score_0_100,,,,88.37451300296185,,,,https://downloads.khinsider.com/game-soundtracks/album/super-smash-bros.-ultimate-expanded-vol.-07-kirby-switch-gamerip-2018,2026-10-05,Track title is taken from KHInsider's soundtrack/gamerip album index. Popularity is an explicitly labelled proxy based on BeatHit game rank and track prominence.,"{""culture_category"":""video_game_music"",""video_game"":""Super Smash Bros. Ultimate"",""game_rank"":41,""game_association_kind"":""khinsider_game_soundtrack"",""khinsider_album_url"":""https://downloads.khinsider.com/game-soundtracks/album/super-smash-bros.-ultimate-expanded-vol.-07-kirby-switch-gamerip-2018"",""khinsider_album_title"":""Super Smash Bros. Ultimate Vol. 07 - Kirby (super-smash-bros.-ultimate-expanded-vol.-07-kirby-switch-gamerip-2018)"",""khinsider_album_kind"":""official_or_gamerip"",""khinsider_album_match_score"":100.0,""relevance_score_100"":100.0,""popularity_score_100"":70.93628250740463,""score_100"":88.37451300296185,""popularity_basis"":""BeatHit master-list game rank plus track position proxy""}"
52,Main Theme - Star Fox 64 (64),Unknown credited artist,[],Super Smash Bros. Ultimate Vol. 08 - Star Fox (super-smash-bros.-ultimate-expanded-vol.-08-star-fox-switch-gamerip-2018),,,"[""video game soundtrack""]","[""und""]",,,,Super Smash Bros. Ultimate,,,khinsider_track_prominence_proxy,70.93628250740463,score_0_100,,,,88.37451300296185,,,,https://downloads.khinsider.com/game-soundtracks/album/super-smash-bros.-ultimate-expanded-vol.-08-star-fox-switch-gamerip-2018,2026-10-05,Track title is taken from KHInsider's soundtrack/gamerip album index. Popularity is an explicitly labelled proxy based on BeatHit game rank and track prominence.,"{""culture_category"":""video_game_music"",""video_game"":""Super Smash Bros. Ultimate"",""game_rank"":41,""game_association_kind"":""khinsider_game_soundtrack"",""khinsider_album_url"":""https://downloads.khinsider.com/game-soundtracks/album/super-smash-bros.-ultimate-expanded-vol.-08-star-fox-switch-gamerip-2018"",""khinsider_album_title"":""Super Smash Bros. Ultimate Vol. 08 - Star Fox (super-smash-bros.-ultimate-expanded-vol.-08-star-fox-switch-gamerip-2018)"",""khinsider_album_kind"":""official_or_gamerip"",""khinsider_album_match_score"":100.0,""relevance_score_100"":100.0,""popularity_score_100"":70.93628250740463,""score_100"":88.37451300296185,""popularity_basis"":""BeatHit master-list game rank plus track position proxy""}"
53,Pokémon Center - Pokémon Red  -  Pokémon Blue,Unknown credited artist,[],Super Smash Bros. Ultimate Vol. 09 - Pokémon (super-smash-bros.-ultimate-expanded-vol.-09-pok-mon-switch-gamerip-2018),,,"[""video game soundtrack""]","[""und""]",,,,Super Smash Bros. Ultimate,,,khinsider_track_prominence_proxy,70.93628250740463,score_0_100,,,,88.37451300296185,,,,https://downloads.khinsider.com/game-soundtracks/album/super-smash-bros.-ultimate-expanded-vol.-09-pok-mon-switch-gamerip-2018,2026-10-05,Track title is taken from KHInsider's soundtrack/gamerip album index. Popularity is an explicitly labelled proxy based on BeatHit game rank and track prominence.,"{""culture_category"":""video_game_music"",""video_game"":""Super Smash Bros. Ultimate"",""game_rank"":41,""game_association_kind"":""khinsider_game_soundtrack"",""khinsider_album_url"":""https://downloads.khinsider.com/game-soundtracks/album/super-smash-bros.-ultimate-expanded-vol.-09-pok-mon-switch-gamerip-2018"",""khinsider_album_title"":""Super Smash Bros. Ultimate Vol. 09 - Pokémon (super-smash-bros.-ultimate-expanded-vol.-09-pok-mon-switch-gamerip-2018)"",""khinsider_album_kind"":""official_or_gamerip"",""khinsider_album_match_score"":100.0,""relevance_score_100"":100.0,""popularity_score_100"":70.93628250740463,""score_100"":88.37451300296185,""popularity_basis"":""BeatHit master-list game rank plus track position proxy""}"
54,Big Blue,Unknown credited artist,[],Super Smash Bros. Ultimate Vol. 10 - F-Zero (super-smash-bros.-ultimate-expanded-vol.-10-f-zero-switch-gamerip-2018),,,"[""video game soundtrack""]","[""und""]",,,,Super Smash Bros. Ultimate,,,khinsider_track_prominence_proxy,70.93628250740463,score_0_100,,,,88.37451300296185,,,,https://downloads.khinsider.com/game-soundtracks/album/super-smash-bros.-ultimate-expanded-vol.-10-f-zero-switch-gamerip-2018,2026-10-05,Track title is taken from KHInsider's soundtrack/gamerip album index. Popularity is an explicitly labelled proxy based on BeatHit game rank and track prominence.,"{""culture_category"":""video_game_music"",""video_game"":""Super Smash Bros. Ultimate"",""game_rank"":41,""game_association_kind"":""khinsider_game_soundtrack"",""khinsider_album_url"":""https://downloads.khinsider.com/game-soundtracks/album/super-smash-bros.-ultimate-expanded-vol.-10-f-zero-switch-gamerip-2018"",""khinsider_album_title"":""Super Smash Bros. Ultimate Vol. 10 - F-Zero (super-smash-bros.-ultimate-expanded-vol.-10-f-zero-switch-gamerip-2018)"",""khinsider_album_kind"":""official_or_gamerip"",""khinsider_album_match_score"":100.0,""relevance_score_100"":100.0,""popularity_score_100"":70.93628250740463,""score_100"":88.37451300296185,""popularity_basis"":""BeatHit master-list game rank plus track position proxy""}"
55,Bein' Friends,Unknown credited artist,[],Super Smash Bros. Ultimate Vol. 11 - Mother (super-smash-bros.-ultimate-expanded-vol.-11-mother-switch-gamerip-2018),,,"[""video game soundtrack""]","[""und""]",,,,Super Smash Bros. Ultimate,,,khinsider_track_prominence_proxy,70.93628250740463,score_0_100,,,,88.37451300296185,,,,https://downloads.khinsider.com/game-soundtracks/album/super-smash-bros.-ultimate-expanded-vol.-11-mother-switch-gamerip-2018,2026-10-05,Track title is taken from KHInsider's soundtrack/gamerip album index. Popularity is an explicitly labelled proxy based on BeatHit game rank and track prominence.,"{""culture_category"":""video_game_music"",""video_game"":""Super Smash Bros. Ultimate"",""game_rank"":41,""game_association_kind"":""khinsider_game_soundtrack"",""khinsider_album_url"":""https://downloads.khinsider.com/game-soundtracks/album/super-smash-bros.-ultimate-expanded-vol.-11-mother-switch-gamerip-2018"",""khinsider_album_title"":""Super Smash Bros. Ultimate Vol. 11 - Mother (super-smash-bros.-ultimate-expanded-vol.-11-mother-switch-gamerip-2018)"",""khinsider_album_kind"":""official_or_gamerip"",""khinsider_album_match_score"":100.0,""relevance_score_100"":100.0,""popularity_score_100"":70.93628250740463,""score_100"":88.37451300296185,""popularity_basis"":""BeatHit master-list game rank plus track position proxy""}"
56,Ground Theme - Super Mario Bros. 3,Unknown credited artist,[],Super Smash Bros. Ultimate Enhanced Original Soundtrack (super-smash-bros.-ultimate-enhanced-original-soundtrack),,,"[""video game soundtrack""]","[""und""]",,,,Super Smash Bros. Ultimate,,,khinsider_track_prominence_proxy,70.72628250740462,score_0_100,,,,88.29051300296184,,,,https://downloads.khinsider.com/game-soundtracks/album/super-smash-bros.-ultimate-enhanced-original-soundtrack,2026-10-05,Track title is taken from KHInsider's soundtrack/gamerip album index. Popularity is an explicitly labelled proxy based on BeatHit game rank and track prominence.,"{""culture_category"":""video_game_music"",""video_game"":""Super Smash Bros. Ultimate"",""game_rank"":41,""game_association_kind"":""khinsider_game_soundtrack"",""khinsider_album_url"":""https://downloads.khinsider.com/game-soundtracks/album/super-smash-bros.-ultimate-enhanced-original-soundtrack"",""khinsider_album_title"":""Super Smash Bros. Ultimate Enhanced Original Soundtrack (super-smash-bros.-ultimate-enhanced-original-soundtrack)"",""khinsider_album_kind"":""official_or_gamerip"",""khinsider_album_match_score"":100.0,""relevance_score_100"":100.0,""popularity_score_100"":70.72628250740462,""score_100"":88.29051300296184,""popularity_basis"":""BeatHit master-list game rank plus track position proxy""}"
57,Ground Theme  -  Underground Theme - Super Mario Bros.,Unknown credited artist,[],Super Smash Bros. Ultimate Vol. 02 - Super Mario (super-smash-bros.-ultimate-expanded-vol.-02-super-mario-switch-gamerip-2018),,,"[""video game soundtrack""]","[""und""]",,,,Super Smash Bros. Ultimate,,,khinsider_track_prominence_proxy,70.72628250740462,score_0_100,,,,88.29051300296184,,,,https://downloads.khinsider.com/game-soundtracks/album/super-smash-bros.-ultimate-expanded-vol.-02-super-mario-switch-gamerip-2018,2026-10-05,Track title is taken from KHInsider's soundtrack/gamerip album index. Popularity is an explicitly labelled proxy based on BeatHit game rank and track prominence.,"{""culture_category"":""video_game_music"",""video_game"":""Super Smash Bros. Ultimate"",""game_rank"":41,""game_association_kind"":""khinsider_game_soundtrack"",""khinsider_album_url"":""https://downloads.khinsider.com/game-soundtracks/album/super-smash-bros.-ultimate-expanded-vol.-02-super-mario-switch-gamerip-2018"",""khinsider_album_title"":""Super Smash Bros. Ultimate Vol. 02 - Super Mario (super-smash-bros.-ultimate-expanded-vol.-02-super-mario-switch-gamerip-2018)"",""khinsider_album_kind"":""official_or_gamerip"",""khinsider_album_match_score"":100.0,""relevance_score_100"":100.0,""popularity_score_100"":70.72628250740462,""score_100"":88.29051300296184,""popularity_basis"":""BeatHit master-list game rank plus track position proxy""}"
58,Overworld & Underworld - The Legend of Zelda (for 3DS  -  Wii U),Unknown credited artist,[],Super Smash Bros. Ultimate Vol. 04 - The Legend of Zelda (super-smash-bros.-ultimate-expanded-vol.-04-the-legend-of-zelda-switch-gamerip-2018),,,"[""video game soundtrack""]","[""und""]",,,,Super Smash Bros. Ultimate,,,khinsider_track_prominence_proxy,70.72628250740462,score_0_100,,,,88.29051300296184,,,,https://downloads.khinsider.com/game-soundtracks/album/super-smash-bros.-ultimate-expanded-vol.-04-the-legend-of-zelda-switch-gamerip-2018,2026-10-05,Track title is taken from KHInsider's soundtrack/gamerip album index. Popularity is an explicitly labelled proxy based on BeatHit game rank and track prominence.,"{""culture_category"":""video_game_music"",""video_game"":""Super Smash Bros. Ultimate"",""game_rank"":41,""game_association_kind"":""khinsider_game_soundtrack"",""khinsider_album_url"":""https://downloads.khinsider.com/game-soundtracks/album/super-smash-bros.-ultimate-expanded-vol.-04-the-legend-of-zelda-switch-gamerip-2018"",""khinsider_album_title"":""Super Smash Bros. Ultimate Vol. 04 - The Legend of Zelda (super-smash-bros.-ultimate-expanded-vol.-04-the-legend-of-zelda-switch-gamerip-2018)"",""khinsider_album_kind"":""official_or_gamerip"",""khinsider_album_match_score"":100.0,""relevance_score_100"":100.0,""popularity_score_100"":70.72628250740462,""score_100"":88.29051300296184,""popularity_basis"":""BeatHit master-list game rank plus track position proxy""}"
59,Brinstar Depths (Melee),Unknown credited artist,[],Super Smash Bros. Ultimate Vol. 05 - Metroid (super-smash-bros.-ultimate-expanded-vol.-05-metroid-switch-gamerip-2018),,,"[""video game soundtrack""]","[""und""]",,,,Super Smash Bros. Ultimate,,,khinsider_track_prominence_proxy,70.72628250740462,score_0_100,,,,88.29051300296184,,,,https://downloads.khinsider.com/game-soundtracks/album/super-smash-bros.-ultimate-expanded-vol.-05-metroid-switch-gamerip-2018,2026-10-05,Track title is taken from KHInsider's soundtrack/gamerip album index. Popularity is an explicitly labelled proxy based on BeatHit game rank and track prominence.,"{""culture_category"":""video_game_music"",""video_game"":""Super Smash Bros. Ultimate"",""game_rank"":41,""game_association_kind"":""khinsider_game_soundtrack"",""khinsider_album_url"":""https://downloads.khinsider.com/game-soundtracks/album/super-smash-bros.-ultimate-expanded-vol.-05-metroid-switch-gamerip-2018"",""khinsider_album_title"":""Super Smash Bros. Ultimate Vol. 05 - Metroid (super-smash-bros.-ultimate-expanded-vol.-05-metroid-switch-gamerip-2018)"",""khinsider_album_kind"":""official_or_gamerip"",""khinsider_album_match_score"":100.0,""relevance_score_100"":100.0,""popularity_score_100"":70.72628250740462,""score_100"":88.29051300296184,""popularity_basis"":""BeatHit master-list game rank plus track position proxy""}"
60,Yoshi's Story (Melee),Unknown credited artist,[],Super Smash Bros. Ultimate Vol. 06 - Yoshi (super-smash-bros.-ultimate-expanded-vol.-06-yoshi-switch-gamerip-2018),,,"[""video game soundtrack""]","[""und""]",,,,Super Smash Bros. Ultimate,,,khinsider_track_prominence_proxy,70.72628250740462,score_0_100,,,,88.29051300296184,,,,https://downloads.khinsider.com/game-soundtracks/album/super-smash-bros.-ultimate-expanded-vol.-06-yoshi-switch-gamerip-2018,2026-10-05,Track title is taken from KHInsider's soundtrack/gamerip album index. Popularity is an explicitly labelled proxy based on BeatHit game rank and track prominence.,"{""culture_category"":""video_game_music"",""video_game"":""Super Smash Bros. Ultimate"",""game_rank"":41,""game_association_kind"":""khinsider_game_soundtrack"",""khinsider_album_url"":""https://downloads.khinsider.com/game-soundtracks/album/super-smash-bros.-ultimate-expanded-vol.-06-yoshi-switch-gamerip-2018"",""khinsider_album_title"":""Super Smash Bros. Ultimate Vol. 06 - Yoshi (super-smash-bros.-ultimate-expanded-vol.-06-yoshi-switch-gamerip-2018)"",""khinsider_album_kind"":""official_or_gamerip"",""khinsider_album_match_score"":100.0,""relevance_score_100"":100.0,""popularity_score_100"":70.72628250740462,""score_100"":88.29051300296184,""popularity_basis"":""BeatHit master-list game rank plus track position proxy""}"
61,Staff Credits - Kirby's Dream Land,Unknown credited artist,[],Super Smash Bros. Ultimate Vol. 07 - Kirby (super-smash-bros.-ultimate-expanded-vol.-07-kirby-switch-gamerip-2018),,,"[""video game soundtrack""]","[""und""]",,,,Super Smash Bros. Ultimate,,,khinsider_track_prominence_proxy,70.72628250740462,score_0_100,,,,88.29051300296184,,,,https://downloads.khinsider.com/game-soundtracks/album/super-smash-bros.-ultimate-expanded-vol.-07-kirby-switch-gamerip-2018,2026-10-05,Track title is taken from KHInsider's soundtrack/gamerip album index. Popularity is an explicitly labelled proxy based on BeatHit game rank and track prominence.,"{""culture_category"":""video_game_music"",""video_game"":""Super Smash Bros. Ultimate"",""game_rank"":41,""game_association_kind"":""khinsider_game_soundtrack"",""khinsider_album_url"":""https://downloads.khinsider.com/game-soundtracks/album/super-smash-bros.-ultimate-expanded-vol.-07-kirby-switch-gamerip-2018"",""khinsider_album_title"":""Super Smash Bros. Ultimate Vol. 07 - Kirby (super-smash-bros.-ultimate-expanded-vol.-07-kirby-switch-gamerip-2018)"",""khinsider_album_kind"":""official_or_gamerip"",""khinsider_album_match_score"":100.0,""relevance_score_100"":100.0,""popularity_score_100"":70.72628250740462,""score_100"":88.29051300296184,""popularity_basis"":""BeatHit master-list game rank plus track position proxy""}"
62,Main Theme - Star Fox 64 (Melee),Unknown credited artist,[],Super Smash Bros. Ultimate Vol. 08 - Star Fox (super-smash-bros.-ultimate-expanded-vol.-08-star-fox-switch-gamerip-2018),,,"[""video game soundtrack""]","[""und""]",,,,Super Smash Bros. Ultimate,,,khinsider_track_prominence_proxy,70.72628250740462,score_0_100,,,,88.29051300296184,,,,https://downloads.khinsider.com/game-soundtracks/album/super-smash-bros.-ultimate-expanded-vol.-08-star-fox-switch-gamerip-2018,2026-10-05,Track title is taken from KHInsider's soundtrack/gamerip album index. Popularity is an explicitly labelled proxy based on BeatHit game rank and track prominence.,"{""culture_category"":""video_game_music"",""video_game"":""Super Smash Bros. Ultimate"",""game_rank"":41,""game_association_kind"":""khinsider_game_soundtrack"",""khinsider_album_url"":""https://downloads.khinsider.com/game-soundtracks/album/super-smash-bros.-ultimate-expanded-vol.-08-star-fox-switch-gamerip-2018"",""khinsider_album_title"":""Super Smash Bros. Ultimate Vol. 08 - Star Fox (super-smash-bros.-ultimate-expanded-vol.-08-star-fox-switch-gamerip-2018)"",""khinsider_album_kind"":""official_or_gamerip"",""khinsider_album_match_score"":100.0,""relevance_score_100"":100.0,""popularity_score_100"":70.72628250740462,""score_100"":88.29051300296184,""popularity_basis"":""BeatHit master-list game rank plus track position proxy""}"
63,Pokémon Gym - Evolution - Pokémon Red  -  Pokémon Blue,Unknown credited artist,[],Super Smash Bros. Ultimate Vol. 09 - Pokémon (super-smash-bros.-ultimate-expanded-vol.-09-pok-mon-switch-gamerip-2018),,,"[""video game soundtrack""]","[""und""]",,,,Super Smash Bros. Ultimate,,,khinsider_track_prominence_proxy,70.72628250740462,score_0_100,,,,88.29051300296184,,,,https://downloads.khinsider.com/game-soundtracks/album/super-smash-bros.-ultimate-expanded-vol.-09-pok-mon-switch-gamerip-2018,2026-10-05,Track title is taken from KHInsider's soundtrack/gamerip album index. Popularity is an explicitly labelled proxy based on BeatHit game rank and track prominence.,"{""culture_category"":""video_game_music"",""video_game"":""Super Smash Bros. Ultimate"",""game_rank"":41,""game_association_kind"":""khinsider_game_soundtrack"",""khinsider_album_url"":""https://downloads.khinsider.com/game-soundtracks/album/super-smash-bros.-ultimate-expanded-vol.-09-pok-mon-switch-gamerip-2018"",""khinsider_album_title"":""Super Smash Bros. Ultimate Vol. 09 - Pokémon (super-smash-bros.-ultimate-expanded-vol.-09-pok-mon-switch-gamerip-2018)"",""khinsider_album_kind"":""official_or_gamerip"",""khinsider_album_match_score"":100.0,""relevance_score_100"":100.0,""popularity_score_100"":70.72628250740462,""score_100"":88.29051300296184,""popularity_basis"":""BeatHit master-list game rank plus track position proxy""}"
64,Big Blue [Original],Unknown credited artist,[],Super Smash Bros. Ultimate Vol. 10 - F-Zero (super-smash-bros.-ultimate-expanded-vol.-10-f-zero-switch-gamerip-2018),,,"[""video game soundtrack""]","[""und""]",,,,Super Smash Bros. Ultimate,,,khinsider_track_prominence_proxy,70.72628250740462,score_0_100,,,,88.29051300296184,,,,https://downloads.khinsider.com/game-soundtracks/album/super-smash-bros.-ultimate-expanded-vol.-10-f-zero-switch-gamerip-2018,2026-10-05,Track title is taken from KHInsider's soundtrack/gamerip album index. Popularity is an explicitly labelled proxy based on BeatHit game rank and track prominence.,"{""culture_category"":""video_game_music"",""video_game"":""Super Smash Bros. Ultimate"",""game_rank"":41,""game_association_kind"":""khinsider_game_soundtrack"",""khinsider_album_url"":""https://downloads.khinsider.com/game-soundtracks/album/super-smash-bros.-ultimate-expanded-vol.-10-f-zero-switch-gamerip-2018"",""khinsider_album_title"":""Super Smash Bros. Ultimate Vol. 10 - F-Zero (super-smash-bros.-ultimate-expanded-vol.-10-f-zero-switch-gamerip-2018)"",""khinsider_album_kind"":""official_or_gamerip"",""khinsider_album_match_score"":100.0,""relevance_score_100"":100.0,""popularity_score_100"":70.72628250740462,""score_100"":88.29051300296184,""popularity_basis"":""BeatHit master-list game rank plus track position proxy""}"
65,Snowman,Unknown credited artist,[],Super Smash Bros. Ultimate Vol. 11 - Mother (super-smash-bros.-ultimate-expanded-vol.-11-mother-switch-gamerip-2018),,,"[""video game soundtrack""]","[""und""]",,,,Super Smash Bros. Ultimate,,,khinsider_track_prominence_proxy,70.72628250740462,score_0_100,,,,88.29051300296184,,,,https://downloads.khinsider.com/game-soundtracks/album/super-smash-bros.-ultimate-expanded-vol.-11-mother-switch-gamerip-2018,2026-10-05,Track title is taken from KHInsider's soundtrack/gamerip album index. Popularity is an explicitly labelled proxy based on BeatHit game rank and track prominence.,"{""culture_category"":""video_game_music"",""video_game"":""Super Smash Bros. Ultimate"",""game_rank"":41,""game_association_kind"":""khinsider_game_soundtrack"",""khinsider_album_url"":""https://downloads.khinsider.com/game-soundtracks/album/super-smash-bros.-ultimate-expanded-vol.-11-mother-switch-gamerip-2018"",""khinsider_album_title"":""Super Smash Bros. Ultimate Vol. 11 - Mother (super-smash-bros.-ultimate-expanded-vol.-11-mother-switch-gamerip-2018)"",""khinsider_album_kind"":""official_or_gamerip"",""khinsider_album_match_score"":100.0,""relevance_score_100"":100.0,""popularity_score_100"":70.72628250740462,""score_100"":88.29051300296184,""popularity_basis"":""BeatHit master-list game rank plus track position proxy""}"
66,Victory! [Mario],Unknown credited artist,[],Super Smash Bros. Ultimate Enhanced Original Soundtrack (super-smash-bros.-ultimate-enhanced-original-soundtrack),,,"[""video game soundtrack""]","[""und""]",,,,Super Smash Bros. Ultimate,,,khinsider_track_prominence_proxy,70.51628250740463,score_0_100,,,,88.20651300296186,,,,https://downloads.khinsider.com/game-soundtracks/album/super-smash-bros.-ultimate-enhanced-original-soundtrack,2026-10-05,Track title is taken from KHInsider's soundtrack/gamerip album index. Popularity is an explicitly labelled proxy based on BeatHit game rank and track prominence.,"{""culture_category"":""video_game_music"",""video_game"":""Super Smash Bros. Ultimate"",""game_rank"":41,""game_association_kind"":""khinsider_game_soundtrack"",""khinsider_album_url"":""https://downloads.khinsider.com/game-soundtracks/album/super-smash-bros.-ultimate-enhanced-original-soundtrack"",""khinsider_album_title"":""Super Smash Bros. Ultimate Enhanced Original Soundtrack (super-smash-bros.-ultimate-enhanced-original-soundtrack)"",""khinsider_album_kind"":""official_or_gamerip"",""khinsider_album_match_score"":100.0,""relevance_score_100"":100.0,""popularity_score_100"":70.51628250740463,""score_100"":88.20651300296186,""popularity_basis"":""BeatHit master-list game rank plus track position proxy""}"
67,Underground Theme - Super Mario Bros.,Unknown credited artist,[],Super Smash Bros. Ultimate Vol. 02 - Super Mario (super-smash-bros.-ultimate-expanded-vol.-02-super-mario-switch-gamerip-2018),,,"[""video game soundtrack""]","[""und""]",,,,Super Smash Bros. Ultimate,,,khinsider_track_prominence_proxy,70.51628250740463,score_0_100,,,,88.20651300296186,,,,https://downloads.khinsider.com/game-soundtracks/album/super-smash-bros.-ultimate-expanded-vol.-02-super-mario-switch-gamerip-2018,2026-10-05,Track title is taken from KHInsider's soundtrack/gamerip album index. Popularity is an explicitly labelled proxy based on BeatHit game rank and track prominence.,"{""culture_category"":""video_game_music"",""video_game"":""Super Smash Bros. Ultimate"",""game_rank"":41,""game_association_kind"":""khinsider_game_soundtrack"",""khinsider_album_url"":""https://downloads.khinsider.com/game-soundtracks/album/super-smash-bros.-ultimate-expanded-vol.-02-super-mario-switch-gamerip-2018"",""khinsider_album_title"":""Super Smash Bros. Ultimate Vol. 02 - Super Mario (super-smash-bros.-ultimate-expanded-vol.-02-super-mario-switch-gamerip-2018)"",""khinsider_album_kind"":""official_or_gamerip"",""khinsider_album_match_score"":100.0,""relevance_score_100"":100.0,""popularity_score_100"":70.51628250740463,""score_100"":88.20651300296186,""popularity_basis"":""BeatHit master-list game rank plus track position proxy""}"
68,The Map Page  -  Bonus Level,Unknown credited artist,[],Super Smash Bros. Ultimate Vol. 03 - Donkey Kong (super-smash-bros.-ultimate-expanded-vol.-03-donkey-kong-switch-gamerip-2018),,,"[""video game soundtrack""]","[""und""]",,,,Super Smash Bros. Ultimate,,,khinsider_track_prominence_proxy,70.51628250740463,score_0_100,,,,88.20651300296186,,,,https://downloads.khinsider.com/game-soundtracks/album/super-smash-bros.-ultimate-expanded-vol.-03-donkey-kong-switch-gamerip-2018,2026-10-05,Track title is taken from KHInsider's soundtrack/gamerip album index. Popularity is an explicitly labelled proxy based on BeatHit game rank and track prominence.,"{""culture_category"":""video_game_music"",""video_game"":""Super Smash Bros. Ultimate"",""game_rank"":41,""game_association_kind"":""khinsider_game_soundtrack"",""khinsider_album_url"":""https://downloads.khinsider.com/game-soundtracks/album/super-smash-bros.-ultimate-expanded-vol.-03-donkey-kong-switch-gamerip-2018"",""khinsider_album_title"":""Super Smash Bros. Ultimate Vol. 03 - Donkey Kong (super-smash-bros.-ultimate-expanded-vol.-03-donkey-kong-switch-gamerip-2018)"",""khinsider_album_kind"":""official_or_gamerip"",""khinsider_album_match_score"":100.0,""relevance_score_100"":100.0,""popularity_score_100"":70.51628250740463,""score_100"":88.20651300296186,""popularity_basis"":""BeatHit master-list game rank plus track position proxy""}"
69,The Legend of Zelda Medley,Unknown credited artist,[],Super Smash Bros. Ultimate Vol. 04 - The Legend of Zelda (super-smash-bros.-ultimate-expanded-vol.-04-the-legend-of-zelda-switch-gamerip-2018),,,"[""video game soundtrack""]","[""und""]",,,,Super Smash Bros. Ultimate,,,khinsider_track_prominence_proxy,70.51628250740463,score_0_100,,,,88.20651300296186,,,,https://downloads.khinsider.com/game-soundtracks/album/super-smash-bros.-ultimate-expanded-vol.-04-the-legend-of-zelda-switch-gamerip-2018,2026-10-05,Track title is taken from KHInsider's soundtrack/gamerip album index. Popularity is an explicitly labelled proxy based on BeatHit game rank and track prominence.,"{""culture_category"":""video_game_music"",""video_game"":""Super Smash Bros. Ultimate"",""game_rank"":41,""game_association_kind"":""khinsider_game_soundtrack"",""khinsider_album_url"":""https://downloads.khinsider.com/game-soundtracks/album/super-smash-bros.-ultimate-expanded-vol.-04-the-legend-of-zelda-switch-gamerip-2018"",""khinsider_album_title"":""Super Smash Bros. Ultimate Vol. 04 - The Legend of Zelda (super-smash-bros.-ultimate-expanded-vol.-04-the-legend-of-zelda-switch-gamerip-2018)"",""khinsider_album_kind"":""official_or_gamerip"",""khinsider_album_match_score"":100.0,""relevance_score_100"":100.0,""popularity_score_100"":70.51628250740463,""score_100"":88.20651300296186,""popularity_basis"":""BeatHit master-list game rank plus track position proxy""}"
70,Norfair,Unknown credited artist,[],Super Smash Bros. Ultimate Vol. 05 - Metroid (super-smash-bros.-ultimate-expanded-vol.-05-metroid-switch-gamerip-2018),,,"[""video game soundtrack""]","[""und""]",,,,Super Smash Bros. Ultimate,,,khinsider_track_prominence_proxy,70.51628250740463,score_0_100,,,,88.20651300296186,,,,https://downloads.khinsider.com/game-soundtracks/album/super-smash-bros.-ultimate-expanded-vol.-05-metroid-switch-gamerip-2018,2026-10-05,Track title is taken from KHInsider's soundtrack/gamerip album index. Popularity is an explicitly labelled proxy based on BeatHit game rank and track prominence.,"{""culture_category"":""video_game_music"",""video_game"":""Super Smash Bros. Ultimate"",""game_rank"":41,""game_association_kind"":""khinsider_game_soundtrack"",""khinsider_album_url"":""https://downloads.khinsider.com/game-soundtracks/album/super-smash-bros.-ultimate-expanded-vol.-05-metroid-switch-gamerip-2018"",""khinsider_album_title"":""Super Smash Bros. Ultimate Vol. 05 - Metroid (super-smash-bros.-ultimate-expanded-vol.-05-metroid-switch-gamerip-2018)"",""khinsider_album_kind"":""official_or_gamerip"",""khinsider_album_match_score"":100.0,""relevance_score_100"":100.0,""popularity_score_100"":70.51628250740463,""score_100"":88.20651300296186,""popularity_basis"":""BeatHit master-list game rank plus track position proxy""}"
71,Yoshi's Tale,Unknown credited artist,[],Super Smash Bros. Ultimate Vol. 06 - Yoshi (super-smash-bros.-ultimate-expanded-vol.-06-yoshi-switch-gamerip-2018),,,"[""video game soundtrack""]","[""und""]",,,,Super Smash Bros. Ultimate,,,khinsider_track_prominence_proxy,70.51628250740463,score_0_100,,,,88.20651300296186,,,,https://downloads.khinsider.com/game-soundtracks/album/super-smash-bros.-ultimate-expanded-vol.-06-yoshi-switch-gamerip-2018,2026-10-05,Track title is taken from KHInsider's soundtrack/gamerip album index. Popularity is an explicitly labelled proxy based on BeatHit game rank and track prominence.,"{""culture_category"":""video_game_music"",""video_game"":""Super Smash Bros. Ultimate"",""game_rank"":41,""game_association_kind"":""khinsider_game_soundtrack"",""khinsider_album_url"":""https://downloads.khinsider.com/game-soundtracks/album/super-smash-bros.-ultimate-expanded-vol.-06-yoshi-switch-gamerip-2018"",""khinsider_album_title"":""Super Smash Bros. Ultimate Vol. 06 - Yoshi (super-smash-bros.-ultimate-expanded-vol.-06-yoshi-switch-gamerip-2018)"",""khinsider_album_kind"":""official_or_gamerip"",""khinsider_album_match_score"":100.0,""relevance_score_100"":100.0,""popularity_score_100"":70.51628250740463,""score_100"":88.20651300296186,""popularity_basis"":""BeatHit master-list game rank plus track position proxy""}"
72,Boss Theme Medley - Kirby Series,Unknown credited artist,[],Super Smash Bros. Ultimate Vol. 07 - Kirby (super-smash-bros.-ultimate-expanded-vol.-07-kirby-switch-gamerip-2018),,,"[""video game soundtrack""]","[""und""]",,,,Super Smash Bros. Ultimate,,,khinsider_track_prominence_proxy,70.51628250740463,score_0_100,,,,88.20651300296186,,,,https://downloads.khinsider.com/game-soundtracks/album/super-smash-bros.-ultimate-expanded-vol.-07-kirby-switch-gamerip-2018,2026-10-05,Track title is taken from KHInsider's soundtrack/gamerip album index. Popularity is an explicitly labelled proxy based on BeatHit game rank and track prominence.,"{""culture_category"":""video_game_music"",""video_game"":""Super Smash Bros. Ultimate"",""game_rank"":41,""game_association_kind"":""khinsider_game_soundtrack"",""khinsider_album_url"":""https://downloads.khinsider.com/game-soundtracks/album/super-smash-bros.-ultimate-expanded-vol.-07-kirby-switch-gamerip-2018"",""khinsider_album_title"":""Super Smash Bros. Ultimate Vol. 07 - Kirby (super-smash-bros.-ultimate-expanded-vol.-07-kirby-switch-gamerip-2018)"",""khinsider_album_kind"":""official_or_gamerip"",""khinsider_album_match_score"":100.0,""relevance_score_100"":100.0,""popularity_score_100"":70.51628250740463,""score_100"":88.20651300296186,""popularity_basis"":""BeatHit master-list game rank plus track position proxy""}"
73,Main Theme - Star Fox 64 (Brawl),Unknown credited artist,[],Super Smash Bros. Ultimate Vol. 08 - Star Fox (super-smash-bros.-ultimate-expanded-vol.-08-star-fox-switch-gamerip-2018),,,"[""video game soundtrack""]","[""und""]",,,,Super Smash Bros. Ultimate,,,khinsider_track_prominence_proxy,70.51628250740463,score_0_100,,,,88.20651300296186,,,,https://downloads.khinsider.com/game-soundtracks/album/super-smash-bros.-ultimate-expanded-vol.-08-star-fox-switch-gamerip-2018,2026-10-05,Track title is taken from KHInsider's soundtrack/gamerip album index. Popularity is an explicitly labelled proxy based on BeatHit game rank and track prominence.,"{""culture_category"":""video_game_music"",""video_game"":""Super Smash Bros. Ultimate"",""game_rank"":41,""game_association_kind"":""khinsider_game_soundtrack"",""khinsider_album_url"":""https://downloads.khinsider.com/game-soundtracks/album/super-smash-bros.-ultimate-expanded-vol.-08-star-fox-switch-gamerip-2018"",""khinsider_album_title"":""Super Smash Bros. Ultimate Vol. 08 - Star Fox (super-smash-bros.-ultimate-expanded-vol.-08-star-fox-switch-gamerip-2018)"",""khinsider_album_kind"":""official_or_gamerip"",""khinsider_album_match_score"":100.0,""relevance_score_100"":100.0,""popularity_score_100"":70.51628250740463,""score_100"":88.20651300296186,""popularity_basis"":""BeatHit master-list game rank plus track position proxy""}"
74,Pokémon Red  -  Pokémon Blue Medley,Unknown credited artist,[],Super Smash Bros. Ultimate Vol. 09 - Pokémon (super-smash-bros.-ultimate-expanded-vol.-09-pok-mon-switch-gamerip-2018),,,"[""video game soundtrack""]","[""und""]",,,,Super Smash Bros. Ultimate,,,khinsider_track_prominence_proxy,70.51628250740463,score_0_100,,,,88.20651300296186,,,,https://downloads.khinsider.com/game-soundtracks/album/super-smash-bros.-ultimate-expanded-vol.-09-pok-mon-switch-gamerip-2018,2026-10-05,Track title is taken from KHInsider's soundtrack/gamerip album index. Popularity is an explicitly labelled proxy based on BeatHit game rank and track prominence.,"{""culture_category"":""video_game_music"",""video_game"":""Super Smash Bros. Ultimate"",""game_rank"":41,""game_association_kind"":""khinsider_game_soundtrack"",""khinsider_album_url"":""https://downloads.khinsider.com/game-soundtracks/album/super-smash-bros.-ultimate-expanded-vol.-09-pok-mon-switch-gamerip-2018"",""khinsider_album_title"":""Super Smash Bros. Ultimate Vol. 09 - Pokémon (super-smash-bros.-ultimate-expanded-vol.-09-pok-mon-switch-gamerip-2018)"",""khinsider_album_kind"":""official_or_gamerip"",""khinsider_album_match_score"":100.0,""relevance_score_100"":100.0,""popularity_score_100"":70.51628250740463,""score_100"":88.20651300296186,""popularity_basis"":""BeatHit master-list game rank plus track position proxy""}"
75,Big Blue (Melee),Unknown credited artist,[],Super Smash Bros. Ultimate Vol. 10 - F-Zero (super-smash-bros.-ultimate-expanded-vol.-10-f-zero-switch-gamerip-2018),,,"[""video game soundtrack""]","[""und""]",,,,Super Smash Bros. Ultimate,,,khinsider_track_prominence_proxy,70.51628250740463,score_0_100,,,,88.20651300296186,,,,https://downloads.khinsider.com/game-soundtracks/album/super-smash-bros.-ultimate-expanded-vol.-10-f-zero-switch-gamerip-2018,2026-10-05,Track title is taken from KHInsider's soundtrack/gamerip album index. Popularity is an explicitly labelled proxy based on BeatHit game rank and track prominence.,"{""culture_category"":""video_game_music"",""video_game"":""Super Smash Bros. Ultimate"",""game_rank"":41,""game_association_kind"":""khinsider_game_soundtrack"",""khinsider_album_url"":""https://downloads.khinsider.com/game-soundtracks/album/super-smash-bros.-ultimate-expanded-vol.-10-f-zero-switch-gamerip-2018"",""khinsider_album_title"":""Super Smash Bros. Ultimate Vol. 10 - F-Zero (super-smash-bros.-ultimate-expanded-vol.-10-f-zero-switch-gamerip-2018)"",""khinsider_album_kind"":""official_or_gamerip"",""khinsider_album_match_score"":100.0,""relevance_score_100"":100.0,""popularity_score_100"":70.51628250740463,""score_100"":88.20651300296186,""popularity_basis"":""BeatHit master-list game rank plus track position proxy""}"
76,Onett Theme  -  Winters Theme,Unknown credited artist,[],Super Smash Bros. Ultimate Vol. 11 - Mother (super-smash-bros.-ultimate-expanded-vol.-11-mother-switch-gamerip-2018),,,"[""video game soundtrack""]","[""und""]",,,,Super Smash Bros. Ultimate,,,khinsider_track_prominence_proxy,70.51628250740463,score_0_100,,,,88.20651300296186,,,,https://downloads.khinsider.com/game-soundtracks/album/super-smash-bros.-ultimate-expanded-vol.-11-mother-switch-gamerip-2018,2026-10-05,Track title is taken from KHInsider's soundtrack/gamerip album index. Popularity is an explicitly labelled proxy based on BeatHit game rank and track prominence.,"{""culture_category"":""video_game_music"",""video_game"":""Super Smash Bros. Ultimate"",""game_rank"":41,""game_association_kind"":""khinsider_game_soundtrack"",""khinsider_album_url"":""https://downloads.khinsider.com/game-soundtracks/album/super-smash-bros.-ultimate-expanded-vol.-11-mother-switch-gamerip-2018"",""khinsider_album_title"":""Super Smash Bros. Ultimate Vol. 11 - Mother (super-smash-bros.-ultimate-expanded-vol.-11-mother-switch-gamerip-2018)"",""khinsider_album_kind"":""official_or_gamerip"",""khinsider_album_match_score"":100.0,""relevance_score_100"":100.0,""popularity_score_100"":70.51628250740463,""score_100"":88.20651300296186,""popularity_basis"":""BeatHit master-list game rank plus track position proxy""}"
77,Fortress Boss - Super Mario Bros. 3,Unknown credited artist,[],Super Smash Bros. Ultimate Enhanced Original Soundtrack (super-smash-bros.-ultimate-enhanced-original-soundtrack),,,"[""video game soundtrack""]","[""und""]",,,,Super Smash Bros. Ultimate,,,khinsider_track_prominence_proxy,70.30628250740462,score_0_100,,,,88.12251300296185,,,,https://downloads.khinsider.com/game-soundtracks/album/super-smash-bros.-ultimate-enhanced-original-soundtrack,2026-10-05,Track title is taken from KHInsider's soundtrack/gamerip album index. Popularity is an explicitly labelled proxy based on BeatHit game rank and track prominence.,"{""culture_category"":""video_game_music"",""video_game"":""Super Smash Bros. Ultimate"",""game_rank"":41,""game_association_kind"":""khinsider_game_soundtrack"",""khinsider_album_url"":""https://downloads.khinsider.com/game-soundtracks/album/super-smash-bros.-ultimate-enhanced-original-soundtrack"",""khinsider_album_title"":""Super Smash Bros. Ultimate Enhanced Original Soundtrack (super-smash-bros.-ultimate-enhanced-original-soundtrack)"",""khinsider_album_kind"":""official_or_gamerip"",""khinsider_album_match_score"":100.0,""relevance_score_100"":100.0,""popularity_score_100"":70.30628250740462,""score_100"":88.12251300296185,""popularity_basis"":""BeatHit master-list game rank plus track position proxy""}"
78,Underwater Theme - Super Mario Bros.,Unknown credited artist,[],Super Smash Bros. Ultimate Vol. 02 - Super Mario (super-smash-bros.-ultimate-expanded-vol.-02-super-mario-switch-gamerip-2018),,,"[""video game soundtrack""]","[""und""]",,,,Super Smash Bros. Ultimate,,,khinsider_track_prominence_proxy,70.30628250740462,score_0_100,,,,88.12251300296185,,,,https://downloads.khinsider.com/game-soundtracks/album/super-smash-bros.-ultimate-expanded-vol.-02-super-mario-switch-gamerip-2018,2026-10-05,Track title is taken from KHInsider's soundtrack/gamerip album index. Popularity is an explicitly labelled proxy based on BeatHit game rank and track prominence.,"{""culture_category"":""video_game_music"",""video_game"":""Super Smash Bros. Ultimate"",""game_rank"":41,""game_association_kind"":""khinsider_game_soundtrack"",""khinsider_album_url"":""https://downloads.khinsider.com/game-soundtracks/album/super-smash-bros.-ultimate-expanded-vol.-02-super-mario-switch-gamerip-2018"",""khinsider_album_title"":""Super Smash Bros. Ultimate Vol. 02 - Super Mario (super-smash-bros.-ultimate-expanded-vol.-02-super-mario-switch-gamerip-2018)"",""khinsider_album_kind"":""official_or_gamerip"",""khinsider_album_match_score"":100.0,""relevance_score_100"":100.0,""popularity_score_100"":70.30628250740462,""score_100"":88.12251300296185,""popularity_basis"":""BeatHit master-list game rank plus track position proxy""}"
79,The Map Page  -  Bonus Level [Original],Unknown credited artist,[],Super Smash Bros. Ultimate Vol. 03 - Donkey Kong (super-smash-bros.-ultimate-expanded-vol.-03-donkey-kong-switch-gamerip-2018),,,"[""video game soundtrack""]","[""und""]",,,,Super Smash Bros. Ultimate,,,khinsider_track_prominence_proxy,70.30628250740462,score_0_100,,,,88.12251300296185,,,,https://downloads.khinsider.com/game-soundtracks/album/super-smash-bros.-ultimate-expanded-vol.-03-donkey-kong-switch-gamerip-2018,2026-10-05,Track title is taken from KHInsider's soundtrack/gamerip album index. Popularity is an explicitly labelled proxy based on BeatHit game rank and track prominence.,"{""culture_category"":""video_game_music"",""video_game"":""Super Smash Bros. Ultimate"",""game_rank"":41,""game_association_kind"":""khinsider_game_soundtrack"",""khinsider_album_url"":""https://downloads.khinsider.com/game-soundtracks/album/super-smash-bros.-ultimate-expanded-vol.-03-donkey-kong-switch-gamerip-2018"",""khinsider_album_title"":""Super Smash Bros. Ultimate Vol. 03 - Donkey Kong (super-smash-bros.-ultimate-expanded-vol.-03-donkey-kong-switch-gamerip-2018)"",""khinsider_album_kind"":""official_or_gamerip"",""khinsider_album_match_score"":100.0,""relevance_score_100"":100.0,""popularity_score_100"":70.30628250740462,""score_100"":88.12251300296185,""popularity_basis"":""BeatHit master-list game rank plus track position proxy""}"
80,Death Mountain,Unknown credited artist,[],Super Smash Bros. Ultimate Vol. 04 - The Legend of Zelda (super-smash-bros.-ultimate-expanded-vol.-04-the-legend-of-zelda-switch-gamerip-2018),,,"[""video game soundtrack""]","[""und""]",,,,Super Smash Bros. Ultimate,,,khinsider_track_prominence_proxy,70.30628250740462,score_0_100,,,,88.12251300296185,,,,https://downloads.khinsider.com/game-soundtracks/album/super-smash-bros.-ultimate-expanded-vol.-04-the-legend-of-zelda-switch-gamerip-2018,2026-10-05,Track title is taken from KHInsider's soundtrack/gamerip album index. Popularity is an explicitly labelled proxy based on BeatHit game rank and track prominence.,"{""culture_category"":""video_game_music"",""video_game"":""Super Smash Bros. Ultimate"",""game_rank"":41,""game_association_kind"":""khinsider_game_soundtrack"",""khinsider_album_url"":""https://downloads.khinsider.com/game-soundtracks/album/super-smash-bros.-ultimate-expanded-vol.-04-the-legend-of-zelda-switch-gamerip-2018"",""khinsider_album_title"":""Super Smash Bros. Ultimate Vol. 04 - The Legend of Zelda (super-smash-bros.-ultimate-expanded-vol.-04-the-legend-of-zelda-switch-gamerip-2018)"",""khinsider_album_kind"":""official_or_gamerip"",""khinsider_album_match_score"":100.0,""relevance_score_100"":100.0,""popularity_score_100"":70.30628250740462,""score_100"":88.12251300296185,""popularity_basis"":""BeatHit master-list game rank plus track position proxy""}"
81,Escape,Unknown credited artist,[],Super Smash Bros. Ultimate Vol. 05 - Metroid (super-smash-bros.-ultimate-expanded-vol.-05-metroid-switch-gamerip-2018),,,"[""video game soundtrack""]","[""und""]",,,,Super Smash Bros. Ultimate,,,khinsider_track_prominence_proxy,70.30628250740462,score_0_100,,,,88.12251300296185,,,,https://downloads.khinsider.com/game-soundtracks/album/super-smash-bros.-ultimate-expanded-vol.-05-metroid-switch-gamerip-2018,2026-10-05,Track title is taken from KHInsider's soundtrack/gamerip album index. Popularity is an explicitly labelled proxy based on BeatHit game rank and track prominence.,"{""culture_category"":""video_game_music"",""video_game"":""Super Smash Bros. Ultimate"",""game_rank"":41,""game_association_kind"":""khinsider_game_soundtrack"",""khinsider_album_url"":""https://downloads.khinsider.com/game-soundtracks/album/super-smash-bros.-ultimate-expanded-vol.-05-metroid-switch-gamerip-2018"",""khinsider_album_title"":""Super Smash Bros. Ultimate Vol. 05 - Metroid (super-smash-bros.-ultimate-expanded-vol.-05-metroid-switch-gamerip-2018)"",""khinsider_album_kind"":""official_or_gamerip"",""khinsider_album_match_score"":100.0,""relevance_score_100"":100.0,""popularity_score_100"":70.30628250740462,""score_100"":88.12251300296185,""popularity_basis"":""BeatHit master-list game rank plus track position proxy""}"
82,Flower Field,Unknown credited artist,[],Super Smash Bros. Ultimate Vol. 06 - Yoshi (super-smash-bros.-ultimate-expanded-vol.-06-yoshi-switch-gamerip-2018),,,"[""video game soundtrack""]","[""und""]",,,,Super Smash Bros. Ultimate,,,khinsider_track_prominence_proxy,70.30628250740462,score_0_100,,,,88.12251300296185,,,,https://downloads.khinsider.com/game-soundtracks/album/super-smash-bros.-ultimate-expanded-vol.-06-yoshi-switch-gamerip-2018,2026-10-05,Track title is taken from KHInsider's soundtrack/gamerip album index. Popularity is an explicitly labelled proxy based on BeatHit game rank and track prominence.,"{""culture_category"":""video_game_music"",""video_game"":""Super Smash Bros. Ultimate"",""game_rank"":41,""game_association_kind"":""khinsider_game_soundtrack"",""khinsider_album_url"":""https://downloads.khinsider.com/game-soundtracks/album/super-smash-bros.-ultimate-expanded-vol.-06-yoshi-switch-gamerip-2018"",""khinsider_album_title"":""Super Smash Bros. Ultimate Vol. 06 - Yoshi (super-smash-bros.-ultimate-expanded-vol.-06-yoshi-switch-gamerip-2018)"",""khinsider_album_kind"":""official_or_gamerip"",""khinsider_album_match_score"":100.0,""relevance_score_100"":100.0,""popularity_score_100"":70.30628250740462,""score_100"":88.12251300296185,""popularity_basis"":""BeatHit master-list game rank plus track position proxy""}"
83,Ice Cream Island,Unknown credited artist,[],Super Smash Bros. Ultimate Vol. 07 - Kirby (super-smash-bros.-ultimate-expanded-vol.-07-kirby-switch-gamerip-2018),,,"[""video game soundtrack""]","[""und""]",,,,Super Smash Bros. Ultimate,,,khinsider_track_prominence_proxy,70.30628250740462,score_0_100,,,,88.12251300296185,,,,https://downloads.khinsider.com/game-soundtracks/album/super-smash-bros.-ultimate-expanded-vol.-07-kirby-switch-gamerip-2018,2026-10-05,Track title is taken from KHInsider's soundtrack/gamerip album index. Popularity is an explicitly labelled proxy based on BeatHit game rank and track prominence.,"{""culture_category"":""video_game_music"",""video_game"":""Super Smash Bros. Ultimate"",""game_rank"":41,""game_association_kind"":""khinsider_game_soundtrack"",""khinsider_album_url"":""https://downloads.khinsider.com/game-soundtracks/album/super-smash-bros.-ultimate-expanded-vol.-07-kirby-switch-gamerip-2018"",""khinsider_album_title"":""Super Smash Bros. Ultimate Vol. 07 - Kirby (super-smash-bros.-ultimate-expanded-vol.-07-kirby-switch-gamerip-2018)"",""khinsider_album_kind"":""official_or_gamerip"",""khinsider_album_match_score"":100.0,""relevance_score_100"":100.0,""popularity_score_100"":70.30628250740462,""score_100"":88.12251300296185,""popularity_basis"":""BeatHit master-list game rank plus track position proxy""}"
84,Star Wolf,Unknown credited artist,[],Super Smash Bros. Ultimate Vol. 08 - Star Fox (super-smash-bros.-ultimate-expanded-vol.-08-star-fox-switch-gamerip-2018),,,"[""video game soundtrack""]","[""und""]",,,,Super Smash Bros. Ultimate,,,khinsider_track_prominence_proxy,70.30628250740462,score_0_100,,,,88.12251300296185,,,,https://downloads.khinsider.com/game-soundtracks/album/super-smash-bros.-ultimate-expanded-vol.-08-star-fox-switch-gamerip-2018,2026-10-05,Track title is taken from KHInsider's soundtrack/gamerip album index. Popularity is an explicitly labelled proxy based on BeatHit game rank and track prominence.,"{""culture_category"":""video_game_music"",""video_game"":""Super Smash Bros. Ultimate"",""game_rank"":41,""game_association_kind"":""khinsider_game_soundtrack"",""khinsider_album_url"":""https://downloads.khinsider.com/game-soundtracks/album/super-smash-bros.-ultimate-expanded-vol.-08-star-fox-switch-gamerip-2018"",""khinsider_album_title"":""Super Smash Bros. Ultimate Vol. 08 - Star Fox (super-smash-bros.-ultimate-expanded-vol.-08-star-fox-switch-gamerip-2018)"",""khinsider_album_kind"":""official_or_gamerip"",""khinsider_album_match_score"":100.0,""relevance_score_100"":100.0,""popularity_score_100"":70.30628250740462,""score_100"":88.12251300296185,""popularity_basis"":""BeatHit master-list game rank plus track position proxy""}"
85,Pokémon Gold  -  Pokémon Silver Medley,Unknown credited artist,[],Super Smash Bros. Ultimate Vol. 09 - Pokémon (super-smash-bros.-ultimate-expanded-vol.-09-pok-mon-switch-gamerip-2018),,,"[""video game soundtrack""]","[""und""]",,,,Super Smash Bros. Ultimate,,,khinsider_track_prominence_proxy,70.30628250740462,score_0_100,,,,88.12251300296185,,,,https://downloads.khinsider.com/game-soundtracks/album/super-smash-bros.-ultimate-expanded-vol.-09-pok-mon-switch-gamerip-2018,2026-10-05,Track title is taken from KHInsider's soundtrack/gamerip album index. Popularity is an explicitly labelled proxy based on BeatHit game rank and track prominence.,"{""culture_category"":""video_game_music"",""video_game"":""Super Smash Bros. Ultimate"",""game_rank"":41,""game_association_kind"":""khinsider_game_soundtrack"",""khinsider_album_url"":""https://downloads.khinsider.com/game-soundtracks/album/super-smash-bros.-ultimate-expanded-vol.-09-pok-mon-switch-gamerip-2018"",""khinsider_album_title"":""Super Smash Bros. Ultimate Vol. 09 - Pokémon (super-smash-bros.-ultimate-expanded-vol.-09-pok-mon-switch-gamerip-2018)"",""khinsider_album_kind"":""official_or_gamerip"",""khinsider_album_match_score"":100.0,""relevance_score_100"":100.0,""popularity_score_100"":70.30628250740462,""score_100"":88.12251300296185,""popularity_basis"":""BeatHit master-list game rank plus track position proxy""}"
86,Sand Ocean,Unknown credited artist,[],Super Smash Bros. Ultimate Vol. 10 - F-Zero (super-smash-bros.-ultimate-expanded-vol.-10-f-zero-switch-gamerip-2018),,,"[""video game soundtrack""]","[""und""]",,,,Super Smash Bros. Ultimate,,,khinsider_track_prominence_proxy,70.30628250740462,score_0_100,,,,88.12251300296185,,,,https://downloads.khinsider.com/game-soundtracks/album/super-smash-bros.-ultimate-expanded-vol.-10-f-zero-switch-gamerip-2018,2026-10-05,Track title is taken from KHInsider's soundtrack/gamerip album index. Popularity is an explicitly labelled proxy based on BeatHit game rank and track prominence.,"{""culture_category"":""video_game_music"",""video_game"":""Super Smash Bros. Ultimate"",""game_rank"":41,""game_association_kind"":""khinsider_game_soundtrack"",""khinsider_album_url"":""https://downloads.khinsider.com/game-soundtracks/album/super-smash-bros.-ultimate-expanded-vol.-10-f-zero-switch-gamerip-2018"",""khinsider_album_title"":""Super Smash Bros. Ultimate Vol. 10 - F-Zero (super-smash-bros.-ultimate-expanded-vol.-10-f-zero-switch-gamerip-2018)"",""khinsider_album_kind"":""official_or_gamerip"",""khinsider_album_match_score"":100.0,""relevance_score_100"":100.0,""popularity_score_100"":70.30628250740462,""score_100"":88.12251300296185,""popularity_basis"":""BeatHit master-list game rank plus track position proxy""}"
87,Smiles and Tears,Unknown credited artist,[],Super Smash Bros. Ultimate Vol. 11 - Mother (super-smash-bros.-ultimate-expanded-vol.-11-mother-switch-gamerip-2018),,,"[""video game soundtrack""]","[""und""]",,,,Super Smash Bros. Ultimate,,,khinsider_track_prominence_proxy,70.30628250740462,score_0_100,,,,88.12251300296185,,,,https://downloads.khinsider.com/game-soundtracks/album/super-smash-bros.-ultimate-expanded-vol.-11-mother-switch-gamerip-2018,2026-10-05,Track title is taken from KHInsider's soundtrack/gamerip album index. Popularity is an explicitly labelled proxy based on BeatHit game rank and track prominence.,"{""culture_category"":""video_game_music"",""video_game"":""Super Smash Bros. Ultimate"",""game_rank"":41,""game_association_kind"":""khinsider_game_soundtrack"",""khinsider_album_url"":""https://downloads.khinsider.com/game-soundtracks/album/super-smash-bros.-ultimate-expanded-vol.-11-mother-switch-gamerip-2018"",""khinsider_album_title"":""Super Smash Bros. Ultimate Vol. 11 - Mother (super-smash-bros.-ultimate-expanded-vol.-11-mother-switch-gamerip-2018)"",""khinsider_album_kind"":""official_or_gamerip"",""khinsider_album_match_score"":100.0,""relevance_score_100"":100.0,""popularity_score_100"":70.30628250740462,""score_100"":88.12251300296185,""popularity_basis"":""BeatHit master-list game rank plus track position proxy""}"
88,King Bowser - Super Mario Bros. 3,Unknown credited artist,[],Super Smash Bros. Ultimate Enhanced Original Soundtrack (super-smash-bros.-ultimate-enhanced-original-soundtrack),,,"[""video game soundtrack""]","[""und""]",,,,Super Smash Bros. Ultimate,,,khinsider_track_prominence_proxy,70.09628250740462,score_0_100,,,,88.03851300296185,,,,https://downloads.khinsider.com/game-soundtracks/album/super-smash-bros.-ultimate-enhanced-original-soundtrack,2026-10-05,Track title is taken from KHInsider's soundtrack/gamerip album index. Popularity is an explicitly labelled proxy based on BeatHit game rank and track prominence.,"{""culture_category"":""video_game_music"",""video_game"":""Super Smash Bros. Ultimate"",""game_rank"":41,""game_association_kind"":""khinsider_game_soundtrack"",""khinsider_album_url"":""https://downloads.khinsider.com/game-soundtracks/album/super-smash-bros.-ultimate-enhanced-original-soundtrack"",""khinsider_album_title"":""Super Smash Bros. Ultimate Enhanced Original Soundtrack (super-smash-bros.-ultimate-enhanced-original-soundtrack)"",""khinsider_album_kind"":""official_or_gamerip"",""khinsider_album_match_score"":100.0,""relevance_score_100"":100.0,""popularity_score_100"":70.09628250740462,""score_100"":88.03851300296185,""popularity_basis"":""BeatHit master-list game rank plus track position proxy""}"
89,Super Mario Bros. Medley,Unknown credited artist,[],Super Smash Bros. Ultimate Vol. 02 - Super Mario (super-smash-bros.-ultimate-expanded-vol.-02-super-mario-switch-gamerip-2018),,,"[""video game soundtrack""]","[""und""]",,,,Super Smash Bros. Ultimate,,,khinsider_track_prominence_proxy,70.09628250740462,score_0_100,,,,88.03851300296185,,,,https://downloads.khinsider.com/game-soundtracks/album/super-smash-bros.-ultimate-expanded-vol.-02-super-mario-switch-gamerip-2018,2026-10-05,Track title is taken from KHInsider's soundtrack/gamerip album index. Popularity is an explicitly labelled proxy based on BeatHit game rank and track prominence.,"{""culture_category"":""video_game_music"",""video_game"":""Super Smash Bros. Ultimate"",""game_rank"":41,""game_association_kind"":""khinsider_game_soundtrack"",""khinsider_album_url"":""https://downloads.khinsider.com/game-soundtracks/album/super-smash-bros.-ultimate-expanded-vol.-02-super-mario-switch-gamerip-2018"",""khinsider_album_title"":""Super Smash Bros. Ultimate Vol. 02 - Super Mario (super-smash-bros.-ultimate-expanded-vol.-02-super-mario-switch-gamerip-2018)"",""khinsider_album_kind"":""official_or_gamerip"",""khinsider_album_match_score"":100.0,""relevance_score_100"":100.0,""popularity_score_100"":70.09628250740462,""score_100"":88.03851300296185,""popularity_basis"":""BeatHit master-list game rank plus track position proxy""}"
90,Jungle Level (64),Unknown credited artist,[],Super Smash Bros. Ultimate Vol. 03 - Donkey Kong (super-smash-bros.-ultimate-expanded-vol.-03-donkey-kong-switch-gamerip-2018),,,"[""video game soundtrack""]","[""und""]",,,,Super Smash Bros. Ultimate,,,khinsider_track_prominence_proxy,70.09628250740462,score_0_100,,,,88.03851300296185,,,,https://downloads.khinsider.com/game-soundtracks/album/super-smash-bros.-ultimate-expanded-vol.-03-donkey-kong-switch-gamerip-2018,2026-10-05,Track title is taken from KHInsider's soundtrack/gamerip album index. Popularity is an explicitly labelled proxy based on BeatHit game rank and track prominence.,"{""culture_category"":""video_game_music"",""video_game"":""Super Smash Bros. Ultimate"",""game_rank"":41,""game_association_kind"":""khinsider_game_soundtrack"",""khinsider_album_url"":""https://downloads.khinsider.com/game-soundtracks/album/super-smash-bros.-ultimate-expanded-vol.-03-donkey-kong-switch-gamerip-2018"",""khinsider_album_title"":""Super Smash Bros. Ultimate Vol. 03 - Donkey Kong (super-smash-bros.-ultimate-expanded-vol.-03-donkey-kong-switch-gamerip-2018)"",""khinsider_album_kind"":""official_or_gamerip"",""khinsider_album_match_score"":100.0,""relevance_score_100"":100.0,""popularity_score_100"":70.09628250740462,""score_100"":88.03851300296185,""popularity_basis"":""BeatHit master-list game rank plus track position proxy""}"
91,Temple Theme,Unknown credited artist,[],Super Smash Bros. Ultimate Vol. 04 - The Legend of Zelda (super-smash-bros.-ultimate-expanded-vol.-04-the-legend-of-zelda-switch-gamerip-2018),,,"[""video game soundtrack""]","[""und""]",,,,Super Smash Bros. Ultimate,,,khinsider_track_prominence_proxy,70.09628250740462,score_0_100,,,,88.03851300296185,,,,https://downloads.khinsider.com/game-soundtracks/album/super-smash-bros.-ultimate-expanded-vol.-04-the-legend-of-zelda-switch-gamerip-2018,2026-10-05,Track title is taken from KHInsider's soundtrack/gamerip album index. Popularity is an explicitly labelled proxy based on BeatHit game rank and track prominence.,"{""culture_category"":""video_game_music"",""video_game"":""Super Smash Bros. Ultimate"",""game_rank"":41,""game_association_kind"":""khinsider_game_soundtrack"",""khinsider_album_url"":""https://downloads.khinsider.com/game-soundtracks/album/super-smash-bros.-ultimate-expanded-vol.-04-the-legend-of-zelda-switch-gamerip-2018"",""khinsider_album_title"":""Super Smash Bros. Ultimate Vol. 04 - The Legend of Zelda (super-smash-bros.-ultimate-expanded-vol.-04-the-legend-of-zelda-switch-gamerip-2018)"",""khinsider_album_kind"":""official_or_gamerip"",""khinsider_album_match_score"":100.0,""relevance_score_100"":100.0,""popularity_score_100"":70.09628250740462,""score_100"":88.03851300296185,""popularity_basis"":""BeatHit master-list game rank plus track position proxy""}"
92,Ending - Metroid,Unknown credited artist,[],Super Smash Bros. Ultimate Vol. 05 - Metroid (super-smash-bros.-ultimate-expanded-vol.-05-metroid-switch-gamerip-2018),,,"[""video game soundtrack""]","[""und""]",,,,Super Smash Bros. Ultimate,,,khinsider_track_prominence_proxy,70.09628250740462,score_0_100,,,,88.03851300296185,,,,https://downloads.khinsider.com/game-soundtracks/album/super-smash-bros.-ultimate-expanded-vol.-05-metroid-switch-gamerip-2018,2026-10-05,Track title is taken from KHInsider's soundtrack/gamerip album index. Popularity is an explicitly labelled proxy based on BeatHit game rank and track prominence.,"{""culture_category"":""video_game_music"",""video_game"":""Super Smash Bros. Ultimate"",""game_rank"":41,""game_association_kind"":""khinsider_game_soundtrack"",""khinsider_album_url"":""https://downloads.khinsider.com/game-soundtracks/album/super-smash-bros.-ultimate-expanded-vol.-05-metroid-switch-gamerip-2018"",""khinsider_album_title"":""Super Smash Bros. Ultimate Vol. 05 - Metroid (super-smash-bros.-ultimate-expanded-vol.-05-metroid-switch-gamerip-2018)"",""khinsider_album_kind"":""official_or_gamerip"",""khinsider_album_match_score"":100.0,""relevance_score_100"":100.0,""popularity_score_100"":70.09628250740462,""score_100"":88.03851300296185,""popularity_basis"":""BeatHit master-list game rank plus track position proxy""}"
93,Wildlands,Unknown credited artist,[],Super Smash Bros. Ultimate Vol. 06 - Yoshi (super-smash-bros.-ultimate-expanded-vol.-06-yoshi-switch-gamerip-2018),,,"[""video game soundtrack""]","[""und""]",,,,Super Smash Bros. Ultimate,,,khinsider_track_prominence_proxy,70.09628250740462,score_0_100,,,,88.03851300296185,,,,https://downloads.khinsider.com/game-soundtracks/album/super-smash-bros.-ultimate-expanded-vol.-06-yoshi-switch-gamerip-2018,2026-10-05,Track title is taken from KHInsider's soundtrack/gamerip album index. Popularity is an explicitly labelled proxy based on BeatHit game rank and track prominence.,"{""culture_category"":""video_game_music"",""video_game"":""Super Smash Bros. Ultimate"",""game_rank"":41,""game_association_kind"":""khinsider_game_soundtrack"",""khinsider_album_url"":""https://downloads.khinsider.com/game-soundtracks/album/super-smash-bros.-ultimate-expanded-vol.-06-yoshi-switch-gamerip-2018"",""khinsider_album_title"":""Super Smash Bros. Ultimate Vol. 06 - Yoshi (super-smash-bros.-ultimate-expanded-vol.-06-yoshi-switch-gamerip-2018)"",""khinsider_album_kind"":""official_or_gamerip"",""khinsider_album_match_score"":100.0,""relevance_score_100"":100.0,""popularity_score_100"":70.09628250740462,""score_100"":88.03851300296185,""popularity_basis"":""BeatHit master-list game rank plus track position proxy""}"
94,Butter Building (Brawl),Unknown credited artist,[],Super Smash Bros. Ultimate Vol. 07 - Kirby (super-smash-bros.-ultimate-expanded-vol.-07-kirby-switch-gamerip-2018),,,"[""video game soundtrack""]","[""und""]",,,,Super Smash Bros. Ultimate,,,khinsider_track_prominence_proxy,70.09628250740462,score_0_100,,,,88.03851300296185,,,,https://downloads.khinsider.com/game-soundtracks/album/super-smash-bros.-ultimate-expanded-vol.-07-kirby-switch-gamerip-2018,2026-10-05,Track title is taken from KHInsider's soundtrack/gamerip album index. Popularity is an explicitly labelled proxy based on BeatHit game rank and track prominence.,"{""culture_category"":""video_game_music"",""video_game"":""Super Smash Bros. Ultimate"",""game_rank"":41,""game_association_kind"":""khinsider_game_soundtrack"",""khinsider_album_url"":""https://downloads.khinsider.com/game-soundtracks/album/super-smash-bros.-ultimate-expanded-vol.-07-kirby-switch-gamerip-2018"",""khinsider_album_title"":""Super Smash Bros. Ultimate Vol. 07 - Kirby (super-smash-bros.-ultimate-expanded-vol.-07-kirby-switch-gamerip-2018)"",""khinsider_album_kind"":""official_or_gamerip"",""khinsider_album_match_score"":100.0,""relevance_score_100"":100.0,""popularity_score_100"":70.09628250740462,""score_100"":88.03851300296185,""popularity_basis"":""BeatHit master-list game rank plus track position proxy""}"
95,Star Wolf (Brawl),Unknown credited artist,[],Super Smash Bros. Ultimate Vol. 08 - Star Fox (super-smash-bros.-ultimate-expanded-vol.-08-star-fox-switch-gamerip-2018),,,"[""video game soundtrack""]","[""und""]",,,,Super Smash Bros. Ultimate,,,khinsider_track_prominence_proxy,70.09628250740462,score_0_100,,,,88.03851300296185,,,,https://downloads.khinsider.com/game-soundtracks/album/super-smash-bros.-ultimate-expanded-vol.-08-star-fox-switch-gamerip-2018,2026-10-05,Track title is taken from KHInsider's soundtrack/gamerip album index. Popularity is an explicitly labelled proxy based on BeatHit game rank and track prominence.,"{""culture_category"":""video_game_music"",""video_game"":""Super Smash Bros. Ultimate"",""game_rank"":41,""game_association_kind"":""khinsider_game_soundtrack"",""khinsider_album_url"":""https://downloads.khinsider.com/game-soundtracks/album/super-smash-bros.-ultimate-expanded-vol.-08-star-fox-switch-gamerip-2018"",""khinsider_album_title"":""Super Smash Bros. Ultimate Vol. 08 - Star Fox (super-smash-bros.-ultimate-expanded-vol.-08-star-fox-switch-gamerip-2018)"",""khinsider_album_kind"":""official_or_gamerip"",""khinsider_album_match_score"":100.0,""relevance_score_100"":100.0,""popularity_score_100"":70.09628250740462,""score_100"":88.03851300296185,""popularity_basis"":""BeatHit master-list game rank plus track position proxy""}"
96,Battle! (Wild Pokémon) - Pokémon Ruby  -  Pokémon Sapphire,Unknown credited artist,[],Super Smash Bros. Ultimate Vol. 09 - Pokémon (super-smash-bros.-ultimate-expanded-vol.-09-pok-mon-switch-gamerip-2018),,,"[""video game soundtrack""]","[""und""]",,,,Super Smash Bros. Ultimate,,,khinsider_track_prominence_proxy,70.09628250740462,score_0_100,,,,88.03851300296185,,,,https://downloads.khinsider.com/game-soundtracks/album/super-smash-bros.-ultimate-expanded-vol.-09-pok-mon-switch-gamerip-2018,2026-10-05,Track title is taken from KHInsider's soundtrack/gamerip album index. Popularity is an explicitly labelled proxy based on BeatHit game rank and track prominence.,"{""culture_category"":""video_game_music"",""video_game"":""Super Smash Bros. Ultimate"",""game_rank"":41,""game_association_kind"":""khinsider_game_soundtrack"",""khinsider_album_url"":""https://downloads.khinsider.com/game-soundtracks/album/super-smash-bros.-ultimate-expanded-vol.-09-pok-mon-switch-gamerip-2018"",""khinsider_album_title"":""Super Smash Bros. Ultimate Vol. 09 - Pokémon (super-smash-bros.-ultimate-expanded-vol.-09-pok-mon-switch-gamerip-2018)"",""khinsider_album_kind"":""official_or_gamerip"",""khinsider_album_match_score"":100.0,""relevance_score_100"":100.0,""popularity_score_100"":70.09628250740462,""score_100"":88.03851300296185,""popularity_basis"":""BeatHit master-list game rank plus track position proxy""}"
97,Sand Ocean [Original],Unknown credited artist,[],Super Smash Bros. Ultimate Vol. 10 - F-Zero (super-smash-bros.-ultimate-expanded-vol.-10-f-zero-switch-gamerip-2018),,,"[""video game soundtrack""]","[""und""]",,,,Super Smash Bros. Ultimate,,,khinsider_track_prominence_proxy,70.09628250740462,score_0_100,,,,88.03851300296185,,,,https://downloads.khinsider.com/game-soundtracks/album/super-smash-bros.-ultimate-expanded-vol.-10-f-zero-switch-gamerip-2018,2026-10-05,Track title is taken from KHInsider's soundtrack/gamerip album index. Popularity is an explicitly labelled proxy based on BeatHit game rank and track prominence.,"{""culture_category"":""video_game_music"",""video_game"":""Super Smash Bros. Ultimate"",""game_rank"":41,""game_association_kind"":""khinsider_game_soundtrack"",""khinsider_album_url"":""https://downloads.khinsider.com/game-soundtracks/album/super-smash-bros.-ultimate-expanded-vol.-10-f-zero-switch-gamerip-2018"",""khinsider_album_title"":""Super Smash Bros. Ultimate Vol. 10 - F-Zero (super-smash-bros.-ultimate-expanded-vol.-10-f-zero-switch-gamerip-2018)"",""khinsider_album_kind"":""official_or_gamerip"",""khinsider_album_match_score"":100.0,""relevance_score_100"":100.0,""popularity_score_100"":70.09628250740462,""score_100"":88.03851300296185,""popularity_basis"":""BeatHit master-list game rank plus track position proxy""}"
98,Fourside,Unknown credited artist,[],Super Smash Bros. Ultimate Vol. 11 - Mother (super-smash-bros.-ultimate-expanded-vol.-11-mother-switch-gamerip-2018),,,"[""video game soundtrack""]","[""und""]",,,,Super Smash Bros. Ultimate,,,khinsider_track_prominence_proxy,70.09628250740462,score_0_100,,,,88.03851300296185,,,,https://downloads.khinsider.com/game-soundtracks/album/super-smash-bros.-ultimate-expanded-vol.-11-mother-switch-gamerip-2018,2026-10-05,Track title is taken from KHInsider's soundtrack/gamerip album index. Popularity is an explicitly labelled proxy based on BeatHit game rank and track prominence.,"{""culture_category"":""video_game_music"",""video_game"":""Super Smash Bros. Ultimate"",""game_rank"":41,""game_association_kind"":""khinsider_game_soundtrack"",""khinsider_album_url"":""https://downloads.khinsider.com/game-soundtracks/album/super-smash-bros.-ultimate-expanded-vol.-11-mother-switch-gamerip-2018"",""khinsider_album_title"":""Super Smash Bros. Ultimate Vol. 11 - Mother (super-smash-bros.-ultimate-expanded-vol.-11-mother-switch-gamerip-2018)"",""khinsider_album_kind"":""official_or_gamerip"",""khinsider_album_match_score"":100.0,""relevance_score_100"":100.0,""popularity_score_100"":70.09628250740462,""score_100"":88.03851300296185,""popularity_basis"":""BeatHit master-list game rank plus track position proxy""}"
99,Delfino Plaza [Super Mario Sunshine],Unknown credited artist,[],Super Smash Bros. Ultimate Enhanced Original Soundtrack (super-smash-bros.-ultimate-enhanced-original-soundtrack),,,"[""video game soundtrack""]","[""und""]",,,,Super Smash Bros. Ultimate,,,khinsider_track_prominence_proxy,69.88628250740462,score_0_100,,,,87.95451300296185,,,,https://downloads.khinsider.com/game-soundtracks/album/super-smash-bros.-ultimate-enhanced-original-soundtrack,2026-10-05,Track title is taken from KHInsider's soundtrack/gamerip album index. Popularity is an explicitly labelled proxy based on BeatHit game rank and track prominence.,"{""culture_category"":""video_game_music"",""video_game"":""Super Smash Bros. Ultimate"",""game_rank"":41,""game_association_kind"":""khinsider_game_soundtrack"",""khinsider_album_url"":""https://downloads.khinsider.com/game-soundtracks/album/super-smash-bros.-ultimate-enhanced-original-soundtrack"",""khinsider_album_title"":""Super Smash Bros. Ultimate Enhanced Original Soundtrack (super-smash-bros.-ultimate-enhanced-original-soundtrack)"",""khinsider_album_kind"":""official_or_gamerip"",""khinsider_album_match_score"":100.0,""relevance_score_100"":100.0,""popularity_score_100"":69.88628250740462,""score_100"":87.95451300296185,""popularity_basis"":""BeatHit master-list game rank plus track position proxy""}"
100,Super Mario Bros. - The Lost Levels Medley,Unknown credited artist,[],Super Smash Bros. Ultimate Vol. 02 - Super Mario (super-smash-bros.-ultimate-expanded-vol.-02-super-mario-switch-gamerip-2018),,,"[""video game soundtrack""]","[""und""]",,,,Super Smash Bros. Ultimate,,,khinsider_track_prominence_proxy,69.88628250740462,score_0_100,,,,87.95451300296185,,,,https://downloads.khinsider.com/game-soundtracks/album/super-smash-bros.-ultimate-expanded-vol.-02-super-mario-switch-gamerip-2018,2026-10-05,Track title is taken from KHInsider's soundtrack/gamerip album index. Popularity is an explicitly labelled proxy based on BeatHit game rank and track prominence.,"{""culture_category"":""video_game_music"",""video_game"":""Super Smash Bros. Ultimate"",""game_rank"":41,""game_association_kind"":""khinsider_game_soundtrack"",""khinsider_album_url"":""https://downloads.khinsider.com/game-soundtracks/album/super-smash-bros.-ultimate-expanded-vol.-02-super-mario-switch-gamerip-2018"",""khinsider_album_title"":""Super Smash Bros. Ultimate Vol. 02 - Super Mario (super-smash-bros.-ultimate-expanded-vol.-02-super-mario-switch-gamerip-2018)"",""khinsider_album_kind"":""official_or_gamerip"",""khinsider_album_match_score"":100.0,""relevance_score_100"":100.0,""popularity_score_100"":69.88628250740462,""score_100"":87.95451300296185,""popularity_basis"":""BeatHit master-list game rank plus track position proxy""}"
101,Jungle Level (Melee),Unknown credited artist,[],Super Smash Bros. Ultimate Vol. 03 - Donkey Kong (super-smash-bros.-ultimate-expanded-vol.-03-donkey-kong-switch-gamerip-2018),,,"[""video game soundtrack""]","[""und""]",,,,Super Smash Bros. Ultimate,,,khinsider_track_prominence_proxy,69.88628250740462,score_0_100,,,,87.95451300296185,,,,https://downloads.khinsider.com/game-soundtracks/album/super-smash-bros.-ultimate-expanded-vol.-03-donkey-kong-switch-gamerip-2018,2026-10-05,Track title is taken from KHInsider's soundtrack/gamerip album index. Popularity is an explicitly labelled proxy based on BeatHit game rank and track prominence.,"{""culture_category"":""video_game_music"",""video_game"":""Super Smash Bros. Ultimate"",""game_rank"":41,""game_association_kind"":""khinsider_game_soundtrack"",""khinsider_album_url"":""https://downloads.khinsider.com/game-soundtracks/album/super-smash-bros.-ultimate-expanded-vol.-03-donkey-kong-switch-gamerip-2018"",""khinsider_album_title"":""Super Smash Bros. Ultimate Vol. 03 - Donkey Kong (super-smash-bros.-ultimate-expanded-vol.-03-donkey-kong-switch-gamerip-2018)"",""khinsider_album_kind"":""official_or_gamerip"",""khinsider_album_match_score"":100.0,""relevance_score_100"":100.0,""popularity_score_100"":69.88628250740462,""score_100"":87.95451300296185,""popularity_basis"":""BeatHit master-list game rank plus track position proxy""}"
102,Great Temple  -  Temple,Unknown credited artist,[],Super Smash Bros. Ultimate Vol. 04 - The Legend of Zelda (super-smash-bros.-ultimate-expanded-vol.-04-the-legend-of-zelda-switch-gamerip-2018),,,"[""video game soundtrack""]","[""und""]",,,,Super Smash Bros. Ultimate,,,khinsider_track_prominence_proxy,69.88628250740462,score_0_100,,,,87.95451300296185,,,,https://downloads.khinsider.com/game-soundtracks/album/super-smash-bros.-ultimate-expanded-vol.-04-the-legend-of-zelda-switch-gamerip-2018,2026-10-05,Track title is taken from KHInsider's soundtrack/gamerip album index. Popularity is an explicitly labelled proxy based on BeatHit game rank and track prominence.,"{""culture_category"":""video_game_music"",""video_game"":""Super Smash Bros. Ultimate"",""game_rank"":41,""game_association_kind"":""khinsider_game_soundtrack"",""khinsider_album_url"":""https://downloads.khinsider.com/game-soundtracks/album/super-smash-bros.-ultimate-expanded-vol.-04-the-legend-of-zelda-switch-gamerip-2018"",""khinsider_album_title"":""Super Smash Bros. Ultimate Vol. 04 - The Legend of Zelda (super-smash-bros.-ultimate-expanded-vol.-04-the-legend-of-zelda-switch-gamerip-2018)"",""khinsider_album_kind"":""official_or_gamerip"",""khinsider_album_match_score"":100.0,""relevance_score_100"":100.0,""popularity_score_100"":69.88628250740462,""score_100"":87.95451300296185,""popularity_basis"":""BeatHit master-list game rank plus track position proxy""}"
103,Vs. Ridley,Unknown credited artist,[],Super Smash Bros. Ultimate Vol. 05 - Metroid (super-smash-bros.-ultimate-expanded-vol.-05-metroid-switch-gamerip-2018),,,"[""video game soundtrack""]","[""und""]",,,,Super Smash Bros. Ultimate,,,khinsider_track_prominence_proxy,69.88628250740462,score_0_100,,,,87.95451300296185,,,,https://downloads.khinsider.com/game-soundtracks/album/super-smash-bros.-ultimate-expanded-vol.-05-metroid-switch-gamerip-2018,2026-10-05,Track title is taken from KHInsider's soundtrack/gamerip album index. Popularity is an explicitly labelled proxy based on BeatHit game rank and track prominence.,"{""culture_category"":""video_game_music"",""video_game"":""Super Smash Bros. Ultimate"",""game_rank"":41,""game_association_kind"":""khinsider_game_soundtrack"",""khinsider_album_url"":""https://downloads.khinsider.com/game-soundtracks/album/super-smash-bros.-ultimate-expanded-vol.-05-metroid-switch-gamerip-2018"",""khinsider_album_title"":""Super Smash Bros. Ultimate Vol. 05 - Metroid (super-smash-bros.-ultimate-expanded-vol.-05-metroid-switch-gamerip-2018)"",""khinsider_album_kind"":""official_or_gamerip"",""khinsider_album_match_score"":100.0,""relevance_score_100"":100.0,""popularity_score_100"":69.88628250740462,""score_100"":87.95451300296185,""popularity_basis"":""BeatHit master-list game rank plus track position proxy""}"
104,Butter Building (for 3DS  -  Wii U),Unknown credited artist,[],Super Smash Bros. Ultimate Vol. 07 - Kirby (super-smash-bros.-ultimate-expanded-vol.-07-kirby-switch-gamerip-2018),,,"[""video game soundtrack""]","[""und""]",,,,Super Smash Bros. Ultimate,,,khinsider_track_prominence_proxy,69.88628250740462,score_0_100,,,,87.95451300296185,,,,https://downloads.khinsider.com/game-soundtracks/album/super-smash-bros.-ultimate-expanded-vol.-07-kirby-switch-gamerip-2018,2026-10-05,Track title is taken from KHInsider's soundtrack/gamerip album index. Popularity is an explicitly labelled proxy based on BeatHit game rank and track prominence.,"{""culture_category"":""video_game_music"",""video_game"":""Super Smash Bros. Ultimate"",""game_rank"":41,""game_association_kind"":""khinsider_game_soundtrack"",""khinsider_album_url"":""https://downloads.khinsider.com/game-soundtracks/album/super-smash-bros.-ultimate-expanded-vol.-07-kirby-switch-gamerip-2018"",""khinsider_album_title"":""Super Smash Bros. Ultimate Vol. 07 - Kirby (super-smash-bros.-ultimate-expanded-vol.-07-kirby-switch-gamerip-2018)"",""khinsider_album_kind"":""official_or_gamerip"",""khinsider_album_match_score"":100.0,""relevance_score_100"":100.0,""popularity_score_100"":69.88628250740462,""score_100"":87.95451300296185,""popularity_basis"":""BeatHit master-list game rank plus track position proxy""}"
105,Star Wolf's Theme  -  Sector Z (for 3DS  -  Wii U),Unknown credited artist,[],Super Smash Bros. Ultimate Vol. 08 - Star Fox (super-smash-bros.-ultimate-expanded-vol.-08-star-fox-switch-gamerip-2018),,,"[""video game soundtrack""]","[""und""]",,,,Super Smash Bros. Ultimate,,,khinsider_track_prominence_proxy,69.88628250740462,score_0_100,,,,87.95451300296185,,,,https://downloads.khinsider.com/game-soundtracks/album/super-smash-bros.-ultimate-expanded-vol.-08-star-fox-switch-gamerip-2018,2026-10-05,Track title is taken from KHInsider's soundtrack/gamerip album index. Popularity is an explicitly labelled proxy based on BeatHit game rank and track prominence.,"{""culture_category"":""video_game_music"",""video_game"":""Super Smash Bros. Ultimate"",""game_rank"":41,""game_association_kind"":""khinsider_game_soundtrack"",""khinsider_album_url"":""https://downloads.khinsider.com/game-soundtracks/album/super-smash-bros.-ultimate-expanded-vol.-08-star-fox-switch-gamerip-2018"",""khinsider_album_title"":""Super Smash Bros. Ultimate Vol. 08 - Star Fox (super-smash-bros.-ultimate-expanded-vol.-08-star-fox-switch-gamerip-2018)"",""khinsider_album_kind"":""official_or_gamerip"",""khinsider_album_match_score"":100.0,""relevance_score_100"":100.0,""popularity_score_100"":69.88628250740462,""score_100"":87.95451300296185,""popularity_basis"":""BeatHit master-list game rank plus track position proxy""}"
106,Victory Road - Pokémon Ruby  -  Pokémon Sapphire,Unknown credited artist,[],Super Smash Bros. Ultimate Vol. 09 - Pokémon (super-smash-bros.-ultimate-expanded-vol.-09-pok-mon-switch-gamerip-2018),,,"[""video game soundtrack""]","[""und""]",,,,Super Smash Bros. Ultimate,,,khinsider_track_prominence_proxy,69.88628250740462,score_0_100,,,,87.95451300296185,,,,https://downloads.khinsider.com/game-soundtracks/album/super-smash-bros.-ultimate-expanded-vol.-09-pok-mon-switch-gamerip-2018,2026-10-05,Track title is taken from KHInsider's soundtrack/gamerip album index. Popularity is an explicitly labelled proxy based on BeatHit game rank and track prominence.,"{""culture_category"":""video_game_music"",""video_game"":""Super Smash Bros. Ultimate"",""game_rank"":41,""game_association_kind"":""khinsider_game_soundtrack"",""khinsider_album_url"":""https://downloads.khinsider.com/game-soundtracks/album/super-smash-bros.-ultimate-expanded-vol.-09-pok-mon-switch-gamerip-2018"",""khinsider_album_title"":""Super Smash Bros. Ultimate Vol. 09 - Pokémon (super-smash-bros.-ultimate-expanded-vol.-09-pok-mon-switch-gamerip-2018)"",""khinsider_album_kind"":""official_or_gamerip"",""khinsider_album_match_score"":100.0,""relevance_score_100"":100.0,""popularity_score_100"":69.88628250740462,""score_100"":87.95451300296185,""popularity_basis"":""BeatHit master-list game rank plus track position proxy""}"
107,Death Wind,Unknown credited artist,[],Super Smash Bros. Ultimate Vol. 10 - F-Zero (super-smash-bros.-ultimate-expanded-vol.-10-f-zero-switch-gamerip-2018),,,"[""video game soundtrack""]","[""und""]",,,,Super Smash Bros. Ultimate,,,khinsider_track_prominence_proxy,69.88628250740462,score_0_100,,,,87.95451300296185,,,,https://downloads.khinsider.com/game-soundtracks/album/super-smash-bros.-ultimate-expanded-vol.-10-f-zero-switch-gamerip-2018,2026-10-05,Track title is taken from KHInsider's soundtrack/gamerip album index. Popularity is an explicitly labelled proxy based on BeatHit game rank and track prominence.,"{""culture_category"":""video_game_music"",""video_game"":""Super Smash Bros. Ultimate"",""game_rank"":41,""game_association_kind"":""khinsider_game_soundtrack"",""khinsider_album_url"":""https://downloads.khinsider.com/game-soundtracks/album/super-smash-bros.-ultimate-expanded-vol.-10-f-zero-switch-gamerip-2018"",""khinsider_album_title"":""Super Smash Bros. Ultimate Vol. 10 - F-Zero (super-smash-bros.-ultimate-expanded-vol.-10-f-zero-switch-gamerip-2018)"",""khinsider_album_kind"":""official_or_gamerip"",""khinsider_album_match_score"":100.0,""relevance_score_100"":100.0,""popularity_score_100"":69.88628250740462,""score_100"":87.95451300296185,""popularity_basis"":""BeatHit master-list game rank plus track position proxy""}"
108,Fourside (Melee),Unknown credited artist,[],Super Smash Bros. Ultimate Vol. 11 - Mother (super-smash-bros.-ultimate-expanded-vol.-11-mother-switch-gamerip-2018),,,"[""video game soundtrack""]","[""und""]",,,,Super Smash Bros. Ultimate,,,khinsider_track_prominence_proxy,69.88628250740462,score_0_100,,,,87.95451300296185,,,,https://downloads.khinsider.com/game-soundtracks/album/super-smash-bros.-ultimate-expanded-vol.-11-mother-switch-gamerip-2018,2026-10-05,Track title is taken from KHInsider's soundtrack/gamerip album index. Popularity is an explicitly labelled proxy based on BeatHit game rank and track prominence.,"{""culture_category"":""video_game_music"",""video_game"":""Super Smash Bros. Ultimate"",""game_rank"":41,""game_association_kind"":""khinsider_game_soundtrack"",""khinsider_album_url"":""https://downloads.khinsider.com/game-soundtracks/album/super-smash-bros.-ultimate-expanded-vol.-11-mother-switch-gamerip-2018"",""khinsider_album_title"":""Super Smash Bros. Ultimate Vol. 11 - Mother (super-smash-bros.-ultimate-expanded-vol.-11-mother-switch-gamerip-2018)"",""khinsider_album_kind"":""official_or_gamerip"",""khinsider_album_match_score"":100.0,""relevance_score_100"":100.0,""popularity_score_100"":69.88628250740462,""score_100"":87.95451300296185,""popularity_basis"":""BeatHit master-list game rank plus track position proxy""}"
109,Main Theme - Luigi's Mansion,Unknown credited artist,[],Super Smash Bros. Ultimate Enhanced Original Soundtrack (super-smash-bros.-ultimate-enhanced-original-soundtrack),,,"[""video game soundtrack""]","[""und""]",,,,Super Smash Bros. Ultimate,,,khinsider_track_prominence_proxy,69.67628250740462,score_0_100,,,,87.87051300296184,,,,https://downloads.khinsider.com/game-soundtracks/album/super-smash-bros.-ultimate-enhanced-original-soundtrack,2026-10-05,Track title is taken from KHInsider's soundtrack/gamerip album index. Popularity is an explicitly labelled proxy based on BeatHit game rank and track prominence.,"{""culture_category"":""video_game_music"",""video_game"":""Super Smash Bros. Ultimate"",""game_rank"":41,""game_association_kind"":""khinsider_game_soundtrack"",""khinsider_album_url"":""https://downloads.khinsider.com/game-soundtracks/album/super-smash-bros.-ultimate-enhanced-original-soundtrack"",""khinsider_album_title"":""Super Smash Bros. Ultimate Enhanced Original Soundtrack (super-smash-bros.-ultimate-enhanced-original-soundtrack)"",""khinsider_album_kind"":""official_or_gamerip"",""khinsider_album_match_score"":100.0,""relevance_score_100"":100.0,""popularity_score_100"":69.67628250740462,""score_100"":87.87051300296184,""popularity_basis"":""BeatHit master-list game rank plus track position proxy""}"
110,Jungle Level (Brawl),Unknown credited artist,[],Super Smash Bros. Ultimate Vol. 03 - Donkey Kong (super-smash-bros.-ultimate-expanded-vol.-03-donkey-kong-switch-gamerip-2018),,,"[""video game soundtrack""]","[""und""]",,,,Super Smash Bros. Ultimate,,,khinsider_track_prominence_proxy,69.67628250740462,score_0_100,,,,87.87051300296184,,,,https://downloads.khinsider.com/game-soundtracks/album/super-smash-bros.-ultimate-expanded-vol.-03-donkey-kong-switch-gamerip-2018,2026-10-05,Track title is taken from KHInsider's soundtrack/gamerip album index. Popularity is an explicitly labelled proxy based on BeatHit game rank and track prominence.,"{""culture_category"":""video_game_music"",""video_game"":""Super Smash Bros. Ultimate"",""game_rank"":41,""game_association_kind"":""khinsider_game_soundtrack"",""khinsider_album_url"":""https://downloads.khinsider.com/game-soundtracks/album/super-smash-bros.-ultimate-expanded-vol.-03-donkey-kong-switch-gamerip-2018"",""khinsider_album_title"":""Super Smash Bros. Ultimate Vol. 03 - Donkey Kong (super-smash-bros.-ultimate-expanded-vol.-03-donkey-kong-switch-gamerip-2018)"",""khinsider_album_kind"":""official_or_gamerip"",""khinsider_album_match_score"":100.0,""relevance_score_100"":100.0,""popularity_score_100"":69.67628250740462,""score_100"":87.87051300296184,""popularity_basis"":""BeatHit master-list game rank plus track position proxy""}"
111,Overworld Theme - The Legend of Zelda - A Link to the Past,Unknown credited artist,[],Super Smash Bros. Ultimate Vol. 04 - The Legend of Zelda (super-smash-bros.-ultimate-expanded-vol.-04-the-legend-of-zelda-switch-gamerip-2018),,,"[""video game soundtrack""]","[""und""]",,,,Super Smash Bros. Ultimate,,,khinsider_track_prominence_proxy,69.67628250740462,score_0_100,,,,87.87051300296184,,,,https://downloads.khinsider.com/game-soundtracks/album/super-smash-bros.-ultimate-expanded-vol.-04-the-legend-of-zelda-switch-gamerip-2018,2026-10-05,Track title is taken from KHInsider's soundtrack/gamerip album index. Popularity is an explicitly labelled proxy based on BeatHit game rank and track prominence.,"{""culture_category"":""video_game_music"",""video_game"":""Super Smash Bros. Ultimate"",""game_rank"":41,""game_association_kind"":""khinsider_game_soundtrack"",""khinsider_album_url"":""https://downloads.khinsider.com/game-soundtracks/album/super-smash-bros.-ultimate-expanded-vol.-04-the-legend-of-zelda-switch-gamerip-2018"",""khinsider_album_title"":""Super Smash Bros. Ultimate Vol. 04 - The Legend of Zelda (super-smash-bros.-ultimate-expanded-vol.-04-the-legend-of-zelda-switch-gamerip-2018)"",""khinsider_album_kind"":""official_or_gamerip"",""khinsider_album_match_score"":100.0,""relevance_score_100"":100.0,""popularity_score_100"":69.67628250740462,""score_100"":87.87051300296184,""popularity_basis"":""BeatHit master-list game rank plus track position proxy""}"
112,Vs. Ridley (Brawl),Unknown credited artist,[],Super Smash Bros. Ultimate Vol. 05 - Metroid (super-smash-bros.-ultimate-expanded-vol.-05-metroid-switch-gamerip-2018),,,"[""video game soundtrack""]","[""und""]",,,,Super Smash Bros. Ultimate,,,khinsider_track_prominence_proxy,69.67628250740462,score_0_100,,,,87.87051300296184,,,,https://downloads.khinsider.com/game-soundtracks/album/super-smash-bros.-ultimate-expanded-vol.-05-metroid-switch-gamerip-2018,2026-10-05,Track title is taken from KHInsider's soundtrack/gamerip album index. Popularity is an explicitly labelled proxy based on BeatHit game rank and track prominence.,"{""culture_category"":""video_game_music"",""video_game"":""Super Smash Bros. Ultimate"",""game_rank"":41,""game_association_kind"":""khinsider_game_soundtrack"",""khinsider_album_url"":""https://downloads.khinsider.com/game-soundtracks/album/super-smash-bros.-ultimate-expanded-vol.-05-metroid-switch-gamerip-2018"",""khinsider_album_title"":""Super Smash Bros. Ultimate Vol. 05 - Metroid (super-smash-bros.-ultimate-expanded-vol.-05-metroid-switch-gamerip-2018)"",""khinsider_album_kind"":""official_or_gamerip"",""khinsider_album_match_score"":100.0,""relevance_score_100"":100.0,""popularity_score_100"":69.67628250740462,""score_100"":87.87051300296184,""popularity_basis"":""BeatHit master-list game rank plus track position proxy""}"
113,Main Theme - Yoshi's New Island [Original],Unknown credited artist,[],Super Smash Bros. Ultimate Vol. 06 - Yoshi (super-smash-bros.-ultimate-expanded-vol.-06-yoshi-switch-gamerip-2018),,,"[""video game soundtrack""]","[""und""]",,,,Super Smash Bros. Ultimate,,,khinsider_track_prominence_proxy,69.67628250740462,score_0_100,,,,87.87051300296184,,,,https://downloads.khinsider.com/game-soundtracks/album/super-smash-bros.-ultimate-expanded-vol.-06-yoshi-switch-gamerip-2018,2026-10-05,Track title is taken from KHInsider's soundtrack/gamerip album index. Popularity is an explicitly labelled proxy based on BeatHit game rank and track prominence.,"{""culture_category"":""video_game_music"",""video_game"":""Super Smash Bros. Ultimate"",""game_rank"":41,""game_association_kind"":""khinsider_game_soundtrack"",""khinsider_album_url"":""https://downloads.khinsider.com/game-soundtracks/album/super-smash-bros.-ultimate-expanded-vol.-06-yoshi-switch-gamerip-2018"",""khinsider_album_title"":""Super Smash Bros. Ultimate Vol. 06 - Yoshi (super-smash-bros.-ultimate-expanded-vol.-06-yoshi-switch-gamerip-2018)"",""khinsider_album_kind"":""official_or_gamerip"",""khinsider_album_match_score"":100.0,""relevance_score_100"":100.0,""popularity_score_100"":69.67628250740462,""score_100"":87.87051300296184,""popularity_basis"":""BeatHit master-list game rank plus track position proxy""}"
114,Gourmet Race (Brawl),Unknown credited artist,[],Super Smash Bros. Ultimate Vol. 07 - Kirby (super-smash-bros.-ultimate-expanded-vol.-07-kirby-switch-gamerip-2018),,,"[""video game soundtrack""]","[""und""]",,,,Super Smash Bros. Ultimate,,,khinsider_track_prominence_proxy,69.67628250740462,score_0_100,,,,87.87051300296184,,,,https://downloads.khinsider.com/game-soundtracks/album/super-smash-bros.-ultimate-expanded-vol.-07-kirby-switch-gamerip-2018,2026-10-05,Track title is taken from KHInsider's soundtrack/gamerip album index. Popularity is an explicitly labelled proxy based on BeatHit game rank and track prominence.,"{""culture_category"":""video_game_music"",""video_game"":""Super Smash Bros. Ultimate"",""game_rank"":41,""game_association_kind"":""khinsider_game_soundtrack"",""khinsider_album_url"":""https://downloads.khinsider.com/game-soundtracks/album/super-smash-bros.-ultimate-expanded-vol.-07-kirby-switch-gamerip-2018"",""khinsider_album_title"":""Super Smash Bros. Ultimate Vol. 07 - Kirby (super-smash-bros.-ultimate-expanded-vol.-07-kirby-switch-gamerip-2018)"",""khinsider_album_kind"":""official_or_gamerip"",""khinsider_album_match_score"":100.0,""relevance_score_100"":100.0,""popularity_score_100"":69.67628250740462,""score_100"":87.87051300296184,""popularity_basis"":""BeatHit master-list game rank plus track position proxy""}"
115,Area 6 - Star Fox 64,Unknown credited artist,[],Super Smash Bros. Ultimate Vol. 08 - Star Fox (super-smash-bros.-ultimate-expanded-vol.-08-star-fox-switch-gamerip-2018),,,"[""video game soundtrack""]","[""und""]",,,,Super Smash Bros. Ultimate,,,khinsider_track_prominence_proxy,69.67628250740462,score_0_100,,,,87.87051300296184,,,,https://downloads.khinsider.com/game-soundtracks/album/super-smash-bros.-ultimate-expanded-vol.-08-star-fox-switch-gamerip-2018,2026-10-05,Track title is taken from KHInsider's soundtrack/gamerip album index. Popularity is an explicitly labelled proxy based on BeatHit game rank and track prominence.,"{""culture_category"":""video_game_music"",""video_game"":""Super Smash Bros. Ultimate"",""game_rank"":41,""game_association_kind"":""khinsider_game_soundtrack"",""khinsider_album_url"":""https://downloads.khinsider.com/game-soundtracks/album/super-smash-bros.-ultimate-expanded-vol.-08-star-fox-switch-gamerip-2018"",""khinsider_album_title"":""Super Smash Bros. Ultimate Vol. 08 - Star Fox (super-smash-bros.-ultimate-expanded-vol.-08-star-fox-switch-gamerip-2018)"",""khinsider_album_kind"":""official_or_gamerip"",""khinsider_album_match_score"":100.0,""relevance_score_100"":100.0,""popularity_score_100"":69.67628250740462,""score_100"":87.87051300296184,""popularity_basis"":""BeatHit master-list game rank plus track position proxy""}"
116,Battle! (Wild Pokémon) - Pokémon Diamond  -  Pokémon Pearl,Unknown credited artist,[],Super Smash Bros. Ultimate Vol. 09 - Pokémon (super-smash-bros.-ultimate-expanded-vol.-09-pok-mon-switch-gamerip-2018),,,"[""video game soundtrack""]","[""und""]",,,,Super Smash Bros. Ultimate,,,khinsider_track_prominence_proxy,69.67628250740462,score_0_100,,,,87.87051300296184,,,,https://downloads.khinsider.com/game-soundtracks/album/super-smash-bros.-ultimate-expanded-vol.-09-pok-mon-switch-gamerip-2018,2026-10-05,Track title is taken from KHInsider's soundtrack/gamerip album index. Popularity is an explicitly labelled proxy based on BeatHit game rank and track prominence.,"{""culture_category"":""video_game_music"",""video_game"":""Super Smash Bros. Ultimate"",""game_rank"":41,""game_association_kind"":""khinsider_game_soundtrack"",""khinsider_album_url"":""https://downloads.khinsider.com/game-soundtracks/album/super-smash-bros.-ultimate-expanded-vol.-09-pok-mon-switch-gamerip-2018"",""khinsider_album_title"":""Super Smash Bros. Ultimate Vol. 09 - Pokémon (super-smash-bros.-ultimate-expanded-vol.-09-pok-mon-switch-gamerip-2018)"",""khinsider_album_kind"":""official_or_gamerip"",""khinsider_album_match_score"":100.0,""relevance_score_100"":100.0,""popularity_score_100"":69.67628250740462,""score_100"":87.87051300296184,""popularity_basis"":""BeatHit master-list game rank plus track position proxy""}"
117,Mother 3 Love Theme,Unknown credited artist,[],Super Smash Bros. Ultimate Vol. 11 - Mother (super-smash-bros.-ultimate-expanded-vol.-11-mother-switch-gamerip-2018),,,"[""video game soundtrack""]","[""und""]",,,,Super Smash Bros. Ultimate,,,khinsider_track_prominence_proxy,69.67628250740462,score_0_100,,,,87.87051300296184,,,,https://downloads.khinsider.com/game-soundtracks/album/super-smash-bros.-ultimate-expanded-vol.-11-mother-switch-gamerip-2018,2026-10-05,Track title is taken from KHInsider's soundtrack/gamerip album index. Popularity is an explicitly labelled proxy based on BeatHit game rank and track prominence.,"{""culture_category"":""video_game_music"",""video_game"":""Super Smash Bros. Ultimate"",""game_rank"":41,""game_association_kind"":""khinsider_game_soundtrack"",""khinsider_album_url"":""https://downloads.khinsider.com/game-soundtracks/album/super-smash-bros.-ultimate-expanded-vol.-11-mother-switch-gamerip-2018"",""khinsider_album_title"":""Super Smash Bros. Ultimate Vol. 11 - Mother (super-smash-bros.-ultimate-expanded-vol.-11-mother-switch-gamerip-2018)"",""khinsider_album_kind"":""official_or_gamerip"",""khinsider_album_match_score"":100.0,""relevance_score_100"":100.0,""popularity_score_100"":69.67628250740462,""score_100"":87.87051300296184,""popularity_basis"":""BeatHit master-list game rank plus track position proxy""}"
118,Victory! [Wario],Unknown credited artist,[],Super Smash Bros. Ultimate Enhanced Original Soundtrack (super-smash-bros.-ultimate-enhanced-original-soundtrack),,,"[""video game soundtrack""]","[""und""]",,,,Super Smash Bros. Ultimate,,,khinsider_track_prominence_proxy,69.46628250740463,score_0_100,,,,87.78651300296185,,,,https://downloads.khinsider.com/game-soundtracks/album/super-smash-bros.-ultimate-enhanced-original-soundtrack,2026-10-05,Track title is taken from KHInsider's soundtrack/gamerip album index. Popularity is an explicitly labelled proxy based on BeatHit game rank and track prominence.,"{""culture_category"":""video_game_music"",""video_game"":""Super Smash Bros. Ultimate"",""game_rank"":41,""game_association_kind"":""khinsider_game_soundtrack"",""khinsider_album_url"":""https://downloads.khinsider.com/game-soundtracks/album/super-smash-bros.-ultimate-enhanced-original-soundtrack"",""khinsider_album_title"":""Super Smash Bros. Ultimate Enhanced Original Soundtrack (super-smash-bros.-ultimate-enhanced-original-soundtrack)"",""khinsider_album_kind"":""official_or_gamerip"",""khinsider_album_match_score"":100.0,""relevance_score_100"":100.0,""popularity_score_100"":69.46628250740463,""score_100"":87.78651300296185,""popularity_basis"":""BeatHit master-list game rank plus track position proxy""}"
119,Ground Theme - Super Mario Bros. 2 [Original],Unknown credited artist,[],Super Smash Bros. Ultimate Vol. 02 - Super Mario (super-smash-bros.-ultimate-expanded-vol.-02-super-mario-switch-gamerip-2018),,,"[""video game soundtrack""]","[""und""]",,,,Super Smash Bros. Ultimate,,,khinsider_track_prominence_proxy,69.46628250740463,score_0_100,,,,87.78651300296185,,,,https://downloads.khinsider.com/game-soundtracks/album/super-smash-bros.-ultimate-expanded-vol.-02-super-mario-switch-gamerip-2018,2026-10-05,Track title is taken from KHInsider's soundtrack/gamerip album index. Popularity is an explicitly labelled proxy based on BeatHit game rank and track prominence.,"{""culture_category"":""video_game_music"",""video_game"":""Super Smash Bros. Ultimate"",""game_rank"":41,""game_association_kind"":""khinsider_game_soundtrack"",""khinsider_album_url"":""https://downloads.khinsider.com/game-soundtracks/album/super-smash-bros.-ultimate-expanded-vol.-02-super-mario-switch-gamerip-2018"",""khinsider_album_title"":""Super Smash Bros. Ultimate Vol. 02 - Super Mario (super-smash-bros.-ultimate-expanded-vol.-02-super-mario-switch-gamerip-2018)"",""khinsider_album_kind"":""official_or_gamerip"",""khinsider_album_match_score"":100.0,""relevance_score_100"":100.0,""popularity_score_100"":69.46628250740463,""score_100"":87.78651300296185,""popularity_basis"":""BeatHit master-list game rank plus track position proxy""}"
120,Jungle Level Jazz Style (for 3DS  -  Wii U),Unknown credited artist,[],Super Smash Bros. Ultimate Vol. 03 - Donkey Kong (super-smash-bros.-ultimate-expanded-vol.-03-donkey-kong-switch-gamerip-2018),,,"[""video game soundtrack""]","[""und""]",,,,Super Smash Bros. Ultimate,,,khinsider_track_prominence_proxy,69.46628250740463,score_0_100,,,,87.78651300296185,,,,https://downloads.khinsider.com/game-soundtracks/album/super-smash-bros.-ultimate-expanded-vol.-03-donkey-kong-switch-gamerip-2018,2026-10-05,Track title is taken from KHInsider's soundtrack/gamerip album index. Popularity is an explicitly labelled proxy based on BeatHit game rank and track prominence.,"{""culture_category"":""video_game_music"",""video_game"":""Super Smash Bros. Ultimate"",""game_rank"":41,""game_association_kind"":""khinsider_game_soundtrack"",""khinsider_album_url"":""https://downloads.khinsider.com/game-soundtracks/album/super-smash-bros.-ultimate-expanded-vol.-03-donkey-kong-switch-gamerip-2018"",""khinsider_album_title"":""Super Smash Bros. Ultimate Vol. 03 - Donkey Kong (super-smash-bros.-ultimate-expanded-vol.-03-donkey-kong-switch-gamerip-2018)"",""khinsider_album_kind"":""official_or_gamerip"",""khinsider_album_match_score"":100.0,""relevance_score_100"":100.0,""popularity_score_100"":69.46628250740463,""score_100"":87.78651300296185,""popularity_basis"":""BeatHit master-list game rank plus track position proxy""}"
121,Dark World (Brawl),Unknown credited artist,[],Super Smash Bros. Ultimate Vol. 04 - The Legend of Zelda (super-smash-bros.-ultimate-expanded-vol.-04-the-legend-of-zelda-switch-gamerip-2018),,,"[""video game soundtrack""]","[""und""]",,,,Super Smash Bros. Ultimate,,,khinsider_track_prominence_proxy,69.46628250740463,score_0_100,,,,87.78651300296185,,,,https://downloads.khinsider.com/game-soundtracks/album/super-smash-bros.-ultimate-expanded-vol.-04-the-legend-of-zelda-switch-gamerip-2018,2026-10-05,Track title is taken from KHInsider's soundtrack/gamerip album index. Popularity is an explicitly labelled proxy based on BeatHit game rank and track prominence.,"{""culture_category"":""video_game_music"",""video_game"":""Super Smash Bros. Ultimate"",""game_rank"":41,""game_association_kind"":""khinsider_game_soundtrack"",""khinsider_album_url"":""https://downloads.khinsider.com/game-soundtracks/album/super-smash-bros.-ultimate-expanded-vol.-04-the-legend-of-zelda-switch-gamerip-2018"",""khinsider_album_title"":""Super Smash Bros. Ultimate Vol. 04 - The Legend of Zelda (super-smash-bros.-ultimate-expanded-vol.-04-the-legend-of-zelda-switch-gamerip-2018)"",""khinsider_album_kind"":""official_or_gamerip"",""khinsider_album_match_score"":100.0,""relevance_score_100"":100.0,""popularity_score_100"":69.46628250740463,""score_100"":87.78651300296185,""popularity_basis"":""BeatHit master-list game rank plus track position proxy""}"
122,"Theme of Samus Aran, Space Warrior",Unknown credited artist,[],Super Smash Bros. Ultimate Vol. 05 - Metroid (super-smash-bros.-ultimate-expanded-vol.-05-metroid-switch-gamerip-2018),,,"[""video game soundtrack""]","[""und""]",,,,Super Smash Bros. Ultimate,,,khinsider_track_prominence_proxy,69.46628250740463,score_0_100,,,,87.78651300296185,,,,https://downloads.khinsider.com/game-soundtracks/album/super-smash-bros.-ultimate-expanded-vol.-05-metroid-switch-gamerip-2018,2026-10-05,Track title is taken from KHInsider's soundtrack/gamerip album index. Popularity is an explicitly labelled proxy based on BeatHit game rank and track prominence.,"{""culture_category"":""video_game_music"",""video_game"":""Super Smash Bros. Ultimate"",""game_rank"":41,""game_association_kind"":""khinsider_game_soundtrack"",""khinsider_album_url"":""https://downloads.khinsider.com/game-soundtracks/album/super-smash-bros.-ultimate-expanded-vol.-05-metroid-switch-gamerip-2018"",""khinsider_album_title"":""Super Smash Bros. Ultimate Vol. 05 - Metroid (super-smash-bros.-ultimate-expanded-vol.-05-metroid-switch-gamerip-2018)"",""khinsider_album_kind"":""official_or_gamerip"",""khinsider_album_match_score"":100.0,""relevance_score_100"":100.0,""popularity_score_100"":69.46628250740463,""score_100"":87.78651300296185,""popularity_basis"":""BeatHit master-list game rank plus track position proxy""}"
123,Bandit Valley,Unknown credited artist,[],Super Smash Bros. Ultimate Vol. 06 - Yoshi (super-smash-bros.-ultimate-expanded-vol.-06-yoshi-switch-gamerip-2018),,,"[""video game soundtrack""]","[""und""]",,,,Super Smash Bros. Ultimate,,,khinsider_track_prominence_proxy,69.46628250740463,score_0_100,,,,87.78651300296185,,,,https://downloads.khinsider.com/game-soundtracks/album/super-smash-bros.-ultimate-expanded-vol.-06-yoshi-switch-gamerip-2018,2026-10-05,Track title is taken from KHInsider's soundtrack/gamerip album index. Popularity is an explicitly labelled proxy based on BeatHit game rank and track prominence.,"{""culture_category"":""video_game_music"",""video_game"":""Super Smash Bros. Ultimate"",""game_rank"":41,""game_association_kind"":""khinsider_game_soundtrack"",""khinsider_album_url"":""https://downloads.khinsider.com/game-soundtracks/album/super-smash-bros.-ultimate-expanded-vol.-06-yoshi-switch-gamerip-2018"",""khinsider_album_title"":""Super Smash Bros. Ultimate Vol. 06 - Yoshi (super-smash-bros.-ultimate-expanded-vol.-06-yoshi-switch-gamerip-2018)"",""khinsider_album_kind"":""official_or_gamerip"",""khinsider_album_match_score"":100.0,""relevance_score_100"":100.0,""popularity_score_100"":69.46628250740463,""score_100"":87.78651300296185,""popularity_basis"":""BeatHit master-list game rank plus track position proxy""}"
124,Gourmet Race (64),Unknown credited artist,[],Super Smash Bros. Ultimate Vol. 07 - Kirby (super-smash-bros.-ultimate-expanded-vol.-07-kirby-switch-gamerip-2018),,,"[""video game soundtrack""]","[""und""]",,,,Super Smash Bros. Ultimate,,,khinsider_track_prominence_proxy,69.46628250740463,score_0_100,,,,87.78651300296185,,,,https://downloads.khinsider.com/game-soundtracks/album/super-smash-bros.-ultimate-expanded-vol.-07-kirby-switch-gamerip-2018,2026-10-05,Track title is taken from KHInsider's soundtrack/gamerip album index. Popularity is an explicitly labelled proxy based on BeatHit game rank and track prominence.,"{""culture_category"":""video_game_music"",""video_game"":""Super Smash Bros. Ultimate"",""game_rank"":41,""game_association_kind"":""khinsider_game_soundtrack"",""khinsider_album_url"":""https://downloads.khinsider.com/game-soundtracks/album/super-smash-bros.-ultimate-expanded-vol.-07-kirby-switch-gamerip-2018"",""khinsider_album_title"":""Super Smash Bros. Ultimate Vol. 07 - Kirby (super-smash-bros.-ultimate-expanded-vol.-07-kirby-switch-gamerip-2018)"",""khinsider_album_kind"":""official_or_gamerip"",""khinsider_album_match_score"":100.0,""relevance_score_100"":100.0,""popularity_score_100"":69.46628250740463,""score_100"":87.78651300296185,""popularity_basis"":""BeatHit master-list game rank plus track position proxy""}"
125,Area 6 Ver. 2 - Star Fox 64,Unknown credited artist,[],Super Smash Bros. Ultimate Vol. 08 - Star Fox (super-smash-bros.-ultimate-expanded-vol.-08-star-fox-switch-gamerip-2018),,,"[""video game soundtrack""]","[""und""]",,,,Super Smash Bros. Ultimate,,,khinsider_track_prominence_proxy,69.46628250740463,score_0_100,,,,87.78651300296185,,,,https://downloads.khinsider.com/game-soundtracks/album/super-smash-bros.-ultimate-expanded-vol.-08-star-fox-switch-gamerip-2018,2026-10-05,Track title is taken from KHInsider's soundtrack/gamerip album index. Popularity is an explicitly labelled proxy based on BeatHit game rank and track prominence.,"{""culture_category"":""video_game_music"",""video_game"":""Super Smash Bros. Ultimate"",""game_rank"":41,""game_association_kind"":""khinsider_game_soundtrack"",""khinsider_album_url"":""https://downloads.khinsider.com/game-soundtracks/album/super-smash-bros.-ultimate-expanded-vol.-08-star-fox-switch-gamerip-2018"",""khinsider_album_title"":""Super Smash Bros. Ultimate Vol. 08 - Star Fox (super-smash-bros.-ultimate-expanded-vol.-08-star-fox-switch-gamerip-2018)"",""khinsider_album_kind"":""official_or_gamerip"",""khinsider_album_match_score"":100.0,""relevance_score_100"":100.0,""popularity_score_100"":69.46628250740463,""score_100"":87.78651300296185,""popularity_basis"":""BeatHit master-list game rank plus track position proxy""}"
126,Battle! (Team Galactic),Unknown credited artist,[],Super Smash Bros. Ultimate Vol. 09 - Pokémon (super-smash-bros.-ultimate-expanded-vol.-09-pok-mon-switch-gamerip-2018),,,"[""video game soundtrack""]","[""und""]",,,,Super Smash Bros. Ultimate,,,khinsider_track_prominence_proxy,69.46628250740463,score_0_100,,,,87.78651300296185,,,,https://downloads.khinsider.com/game-soundtracks/album/super-smash-bros.-ultimate-expanded-vol.-09-pok-mon-switch-gamerip-2018,2026-10-05,Track title is taken from KHInsider's soundtrack/gamerip album index. Popularity is an explicitly labelled proxy based on BeatHit game rank and track prominence.,"{""culture_category"":""video_game_music"",""video_game"":""Super Smash Bros. Ultimate"",""game_rank"":41,""game_association_kind"":""khinsider_game_soundtrack"",""khinsider_album_url"":""https://downloads.khinsider.com/game-soundtracks/album/super-smash-bros.-ultimate-expanded-vol.-09-pok-mon-switch-gamerip-2018"",""khinsider_album_title"":""Super Smash Bros. Ultimate Vol. 09 - Pokémon (super-smash-bros.-ultimate-expanded-vol.-09-pok-mon-switch-gamerip-2018)"",""khinsider_album_kind"":""official_or_gamerip"",""khinsider_album_match_score"":100.0,""relevance_score_100"":100.0,""popularity_score_100"":69.46628250740463,""score_100"":87.78651300296185,""popularity_basis"":""BeatHit master-list game rank plus track position proxy""}"
127,Silence,Unknown credited artist,[],Super Smash Bros. Ultimate Vol. 10 - F-Zero (super-smash-bros.-ultimate-expanded-vol.-10-f-zero-switch-gamerip-2018),,,"[""video game soundtrack""]","[""und""]",,,,Super Smash Bros. Ultimate,,,khinsider_track_prominence_proxy,69.46628250740463,score_0_100,,,,87.78651300296185,,,,https://downloads.khinsider.com/game-soundtracks/album/super-smash-bros.-ultimate-expanded-vol.-10-f-zero-switch-gamerip-2018,2026-10-05,Track title is taken from KHInsider's soundtrack/gamerip album index. Popularity is an explicitly labelled proxy based on BeatHit game rank and track prominence.,"{""culture_category"":""video_game_music"",""video_game"":""Super Smash Bros. Ultimate"",""game_rank"":41,""game_association_kind"":""khinsider_game_soundtrack"",""khinsider_album_url"":""https://downloads.khinsider.com/game-soundtracks/album/super-smash-bros.-ultimate-expanded-vol.-10-f-zero-switch-gamerip-2018"",""khinsider_album_title"":""Super Smash Bros. Ultimate Vol. 10 - F-Zero (super-smash-bros.-ultimate-expanded-vol.-10-f-zero-switch-gamerip-2018)"",""khinsider_album_kind"":""official_or_gamerip"",""khinsider_album_match_score"":100.0,""relevance_score_100"":100.0,""popularity_score_100"":69.46628250740463,""score_100"":87.78651300296185,""popularity_basis"":""BeatHit master-list game rank plus track position proxy""}"
128,Unfounded Revenge  -  Smashing Song of Praise,Unknown credited artist,[],Super Smash Bros. Ultimate Vol. 11 - Mother (super-smash-bros.-ultimate-expanded-vol.-11-mother-switch-gamerip-2018),,,"[""video game soundtrack""]","[""und""]",,,,Super Smash Bros. Ultimate,,,khinsider_track_prominence_proxy,69.46628250740463,score_0_100,,,,87.78651300296185,,,,https://downloads.khinsider.com/game-soundtracks/album/super-smash-bros.-ultimate-expanded-vol.-11-mother-switch-gamerip-2018,2026-10-05,Track title is taken from KHInsider's soundtrack/gamerip album index. Popularity is an explicitly labelled proxy based on BeatHit game rank and track prominence.,"{""culture_category"":""video_game_music"",""video_game"":""Super Smash Bros. Ultimate"",""game_rank"":41,""game_association_kind"":""khinsider_game_soundtrack"",""khinsider_album_url"":""https://downloads.khinsider.com/game-soundtracks/album/super-smash-bros.-ultimate-expanded-vol.-11-mother-switch-gamerip-2018"",""khinsider_album_title"":""Super Smash Bros. Ultimate Vol. 11 - Mother (super-smash-bros.-ultimate-expanded-vol.-11-mother-switch-gamerip-2018)"",""khinsider_album_kind"":""official_or_gamerip"",""khinsider_album_match_score"":100.0,""relevance_score_100"":100.0,""popularity_score_100"":69.46628250740463,""score_100"":87.78651300296185,""popularity_basis"":""BeatHit master-list game rank plus track position proxy""}"
129,Donkey Kong  Donkey Kong Jr. Medley,Unknown credited artist,[],Super Smash Bros. Ultimate Enhanced Original Soundtrack (super-smash-bros.-ultimate-enhanced-original-soundtrack),,,"[""video game soundtrack""]","[""und""]",,,,Super Smash Bros. Ultimate,,,khinsider_track_prominence_proxy,69.25628250740462,score_0_100,,,,87.70251300296185,,,,https://downloads.khinsider.com/game-soundtracks/album/super-smash-bros.-ultimate-enhanced-original-soundtrack,2026-10-05,Track title is taken from KHInsider's soundtrack/gamerip album index. Popularity is an explicitly labelled proxy based on BeatHit game rank and track prominence.,"{""culture_category"":""video_game_music"",""video_game"":""Super Smash Bros. Ultimate"",""game_rank"":41,""game_association_kind"":""khinsider_game_soundtrack"",""khinsider_album_url"":""https://downloads.khinsider.com/game-soundtracks/album/super-smash-bros.-ultimate-enhanced-original-soundtrack"",""khinsider_album_title"":""Super Smash Bros. Ultimate Enhanced Original Soundtrack (super-smash-bros.-ultimate-enhanced-original-soundtrack)"",""khinsider_album_kind"":""official_or_gamerip"",""khinsider_album_match_score"":100.0,""relevance_score_100"":100.0,""popularity_score_100"":69.25628250740462,""score_100"":87.70251300296185,""popularity_basis"":""BeatHit master-list game rank plus track position proxy""}"
130,Rolling Hills A,Unknown credited artist,[],Super Smash Bros. Ultimate Vol. 02 - Super Mario (super-smash-bros.-ultimate-expanded-vol.-02-super-mario-switch-gamerip-2018),,,"[""video game soundtrack""]","[""und""]",,,,Super Smash Bros. Ultimate,,,khinsider_track_prominence_proxy,69.25628250740462,score_0_100,,,,87.70251300296185,,,,https://downloads.khinsider.com/game-soundtracks/album/super-smash-bros.-ultimate-expanded-vol.-02-super-mario-switch-gamerip-2018,2026-10-05,Track title is taken from KHInsider's soundtrack/gamerip album index. Popularity is an explicitly labelled proxy based on BeatHit game rank and track prominence.,"{""culture_category"":""video_game_music"",""video_game"":""Super Smash Bros. Ultimate"",""game_rank"":41,""game_association_kind"":""khinsider_game_soundtrack"",""khinsider_album_url"":""https://downloads.khinsider.com/game-soundtracks/album/super-smash-bros.-ultimate-expanded-vol.-02-super-mario-switch-gamerip-2018"",""khinsider_album_title"":""Super Smash Bros. Ultimate Vol. 02 - Super Mario (super-smash-bros.-ultimate-expanded-vol.-02-super-mario-switch-gamerip-2018)"",""khinsider_album_kind"":""official_or_gamerip"",""khinsider_album_match_score"":100.0,""relevance_score_100"":100.0,""popularity_score_100"":69.25628250740462,""score_100"":87.70251300296185,""popularity_basis"":""BeatHit master-list game rank plus track position proxy""}"
131,Jungle Level Tribal Style (for 3DS  -  Wii U),Unknown credited artist,[],Super Smash Bros. Ultimate Vol. 03 - Donkey Kong (super-smash-bros.-ultimate-expanded-vol.-03-donkey-kong-switch-gamerip-2018),,,"[""video game soundtrack""]","[""und""]",,,,Super Smash Bros. Ultimate,,,khinsider_track_prominence_proxy,69.25628250740462,score_0_100,,,,87.70251300296185,,,,https://downloads.khinsider.com/game-soundtracks/album/super-smash-bros.-ultimate-expanded-vol.-03-donkey-kong-switch-gamerip-2018,2026-10-05,Track title is taken from KHInsider's soundtrack/gamerip album index. Popularity is an explicitly labelled proxy based on BeatHit game rank and track prominence.,"{""culture_category"":""video_game_music"",""video_game"":""Super Smash Bros. Ultimate"",""game_rank"":41,""game_association_kind"":""khinsider_game_soundtrack"",""khinsider_album_url"":""https://downloads.khinsider.com/game-soundtracks/album/super-smash-bros.-ultimate-expanded-vol.-03-donkey-kong-switch-gamerip-2018"",""khinsider_album_title"":""Super Smash Bros. Ultimate Vol. 03 - Donkey Kong (super-smash-bros.-ultimate-expanded-vol.-03-donkey-kong-switch-gamerip-2018)"",""khinsider_album_kind"":""official_or_gamerip"",""khinsider_album_match_score"":100.0,""relevance_score_100"":100.0,""popularity_score_100"":69.25628250740462,""score_100"":87.70251300296185,""popularity_basis"":""BeatHit master-list game rank plus track position proxy""}"
132,Dark World (for 3DS  -  Wii U),Unknown credited artist,[],Super Smash Bros. Ultimate Vol. 04 - The Legend of Zelda (super-smash-bros.-ultimate-expanded-vol.-04-the-legend-of-zelda-switch-gamerip-2018),,,"[""video game soundtrack""]","[""und""]",,,,Super Smash Bros. Ultimate,,,khinsider_track_prominence_proxy,69.25628250740462,score_0_100,,,,87.70251300296185,,,,https://downloads.khinsider.com/game-soundtracks/album/super-smash-bros.-ultimate-expanded-vol.-04-the-legend-of-zelda-switch-gamerip-2018,2026-10-05,Track title is taken from KHInsider's soundtrack/gamerip album index. Popularity is an explicitly labelled proxy based on BeatHit game rank and track prominence.,"{""culture_category"":""video_game_music"",""video_game"":""Super Smash Bros. Ultimate"",""game_rank"":41,""game_association_kind"":""khinsider_game_soundtrack"",""khinsider_album_url"":""https://downloads.khinsider.com/game-soundtracks/album/super-smash-bros.-ultimate-expanded-vol.-04-the-legend-of-zelda-switch-gamerip-2018"",""khinsider_album_title"":""Super Smash Bros. Ultimate Vol. 04 - The Legend of Zelda (super-smash-bros.-ultimate-expanded-vol.-04-the-legend-of-zelda-switch-gamerip-2018)"",""khinsider_album_kind"":""official_or_gamerip"",""khinsider_album_match_score"":100.0,""relevance_score_100"":100.0,""popularity_score_100"":69.25628250740462,""score_100"":87.70251300296185,""popularity_basis"":""BeatHit master-list game rank plus track position proxy""}"
133,Sector 1,Unknown credited artist,[],Super Smash Bros. Ultimate Vol. 05 - Metroid (super-smash-bros.-ultimate-expanded-vol.-05-metroid-switch-gamerip-2018),,,"[""video game soundtrack""]","[""und""]",,,,Super Smash Bros. Ultimate,,,khinsider_track_prominence_proxy,69.25628250740462,score_0_100,,,,87.70251300296185,,,,https://downloads.khinsider.com/game-soundtracks/album/super-smash-bros.-ultimate-expanded-vol.-05-metroid-switch-gamerip-2018,2026-10-05,Track title is taken from KHInsider's soundtrack/gamerip album index. Popularity is an explicitly labelled proxy based on BeatHit game rank and track prominence.,"{""culture_category"":""video_game_music"",""video_game"":""Super Smash Bros. Ultimate"",""game_rank"":41,""game_association_kind"":""khinsider_game_soundtrack"",""khinsider_album_url"":""https://downloads.khinsider.com/game-soundtracks/album/super-smash-bros.-ultimate-expanded-vol.-05-metroid-switch-gamerip-2018"",""khinsider_album_title"":""Super Smash Bros. Ultimate Vol. 05 - Metroid (super-smash-bros.-ultimate-expanded-vol.-05-metroid-switch-gamerip-2018)"",""khinsider_album_kind"":""official_or_gamerip"",""khinsider_album_match_score"":100.0,""relevance_score_100"":100.0,""popularity_score_100"":69.25628250740462,""score_100"":87.70251300296185,""popularity_basis"":""BeatHit master-list game rank plus track position proxy""}"
134,Main Theme - Yoshi's Woolly World,Unknown credited artist,[],Super Smash Bros. Ultimate Vol. 06 - Yoshi (super-smash-bros.-ultimate-expanded-vol.-06-yoshi-switch-gamerip-2018),,,"[""video game soundtrack""]","[""und""]",,,,Super Smash Bros. Ultimate,,,khinsider_track_prominence_proxy,69.25628250740462,score_0_100,,,,87.70251300296185,,,,https://downloads.khinsider.com/game-soundtracks/album/super-smash-bros.-ultimate-expanded-vol.-06-yoshi-switch-gamerip-2018,2026-10-05,Track title is taken from KHInsider's soundtrack/gamerip album index. Popularity is an explicitly labelled proxy based on BeatHit game rank and track prominence.,"{""culture_category"":""video_game_music"",""video_game"":""Super Smash Bros. Ultimate"",""game_rank"":41,""game_association_kind"":""khinsider_game_soundtrack"",""khinsider_album_url"":""https://downloads.khinsider.com/game-soundtracks/album/super-smash-bros.-ultimate-expanded-vol.-06-yoshi-switch-gamerip-2018"",""khinsider_album_title"":""Super Smash Bros. Ultimate Vol. 06 - Yoshi (super-smash-bros.-ultimate-expanded-vol.-06-yoshi-switch-gamerip-2018)"",""khinsider_album_kind"":""official_or_gamerip"",""khinsider_album_match_score"":100.0,""relevance_score_100"":100.0,""popularity_score_100"":69.25628250740462,""score_100"":87.70251300296185,""popularity_basis"":""BeatHit master-list game rank plus track position proxy""}"
135,Gourmet Race (Melee),Unknown credited artist,[],Super Smash Bros. Ultimate Vol. 07 - Kirby (super-smash-bros.-ultimate-expanded-vol.-07-kirby-switch-gamerip-2018),,,"[""video game soundtrack""]","[""und""]",,,,Super Smash Bros. Ultimate,,,khinsider_track_prominence_proxy,69.25628250740462,score_0_100,,,,87.70251300296185,,,,https://downloads.khinsider.com/game-soundtracks/album/super-smash-bros.-ultimate-expanded-vol.-07-kirby-switch-gamerip-2018,2026-10-05,Track title is taken from KHInsider's soundtrack/gamerip album index. Popularity is an explicitly labelled proxy based on BeatHit game rank and track prominence.,"{""culture_category"":""video_game_music"",""video_game"":""Super Smash Bros. Ultimate"",""game_rank"":41,""game_association_kind"":""khinsider_game_soundtrack"",""khinsider_album_url"":""https://downloads.khinsider.com/game-soundtracks/album/super-smash-bros.-ultimate-expanded-vol.-07-kirby-switch-gamerip-2018"",""khinsider_album_title"":""Super Smash Bros. Ultimate Vol. 07 - Kirby (super-smash-bros.-ultimate-expanded-vol.-07-kirby-switch-gamerip-2018)"",""khinsider_album_kind"":""official_or_gamerip"",""khinsider_album_match_score"":100.0,""relevance_score_100"":100.0,""popularity_score_100"":69.25628250740462,""score_100"":87.70251300296185,""popularity_basis"":""BeatHit master-list game rank plus track position proxy""}"
136,Theme from Area 6  -  Missile Slipstream,Unknown credited artist,[],Super Smash Bros. Ultimate Vol. 08 - Star Fox (super-smash-bros.-ultimate-expanded-vol.-08-star-fox-switch-gamerip-2018),,,"[""video game soundtrack""]","[""und""]",,,,Super Smash Bros. Ultimate,,,khinsider_track_prominence_proxy,69.25628250740462,score_0_100,,,,87.70251300296185,,,,https://downloads.khinsider.com/game-soundtracks/album/super-smash-bros.-ultimate-expanded-vol.-08-star-fox-switch-gamerip-2018,2026-10-05,Track title is taken from KHInsider's soundtrack/gamerip album index. Popularity is an explicitly labelled proxy based on BeatHit game rank and track prominence.,"{""culture_category"":""video_game_music"",""video_game"":""Super Smash Bros. Ultimate"",""game_rank"":41,""game_association_kind"":""khinsider_game_soundtrack"",""khinsider_album_url"":""https://downloads.khinsider.com/game-soundtracks/album/super-smash-bros.-ultimate-expanded-vol.-08-star-fox-switch-gamerip-2018"",""khinsider_album_title"":""Super Smash Bros. Ultimate Vol. 08 - Star Fox (super-smash-bros.-ultimate-expanded-vol.-08-star-fox-switch-gamerip-2018)"",""khinsider_album_kind"":""official_or_gamerip"",""khinsider_album_match_score"":100.0,""relevance_score_100"":100.0,""popularity_score_100"":69.25628250740462,""score_100"":87.70251300296185,""popularity_basis"":""BeatHit master-list game rank plus track position proxy""}"
137,Route 209 - Pokémon Diamond  -  Pokémon Pearl,Unknown credited artist,[],Super Smash Bros. Ultimate Vol. 09 - Pokémon (super-smash-bros.-ultimate-expanded-vol.-09-pok-mon-switch-gamerip-2018),,,"[""video game soundtrack""]","[""und""]",,,,Super Smash Bros. Ultimate,,,khinsider_track_prominence_proxy,69.25628250740462,score_0_100,,,,87.70251300296185,,,,https://downloads.khinsider.com/game-soundtracks/album/super-smash-bros.-ultimate-expanded-vol.-09-pok-mon-switch-gamerip-2018,2026-10-05,Track title is taken from KHInsider's soundtrack/gamerip album index. Popularity is an explicitly labelled proxy based on BeatHit game rank and track prominence.,"{""culture_category"":""video_game_music"",""video_game"":""Super Smash Bros. Ultimate"",""game_rank"":41,""game_association_kind"":""khinsider_game_soundtrack"",""khinsider_album_url"":""https://downloads.khinsider.com/game-soundtracks/album/super-smash-bros.-ultimate-expanded-vol.-09-pok-mon-switch-gamerip-2018"",""khinsider_album_title"":""Super Smash Bros. Ultimate Vol. 09 - Pokémon (super-smash-bros.-ultimate-expanded-vol.-09-pok-mon-switch-gamerip-2018)"",""khinsider_album_kind"":""official_or_gamerip"",""khinsider_album_match_score"":100.0,""relevance_score_100"":100.0,""popularity_score_100"":69.25628250740462,""score_100"":87.70251300296185,""popularity_basis"":""BeatHit master-list game rank plus track position proxy""}"
138,Port Town,Unknown credited artist,[],Super Smash Bros. Ultimate Vol. 10 - F-Zero (super-smash-bros.-ultimate-expanded-vol.-10-f-zero-switch-gamerip-2018),,,"[""video game soundtrack""]","[""und""]",,,,Super Smash Bros. Ultimate,,,khinsider_track_prominence_proxy,69.25628250740462,score_0_100,,,,87.70251300296185,,,,https://downloads.khinsider.com/game-soundtracks/album/super-smash-bros.-ultimate-expanded-vol.-10-f-zero-switch-gamerip-2018,2026-10-05,Track title is taken from KHInsider's soundtrack/gamerip album index. Popularity is an explicitly labelled proxy based on BeatHit game rank and track prominence.,"{""culture_category"":""video_game_music"",""video_game"":""Super Smash Bros. Ultimate"",""game_rank"":41,""game_association_kind"":""khinsider_game_soundtrack"",""khinsider_album_url"":""https://downloads.khinsider.com/game-soundtracks/album/super-smash-bros.-ultimate-expanded-vol.-10-f-zero-switch-gamerip-2018"",""khinsider_album_title"":""Super Smash Bros. Ultimate Vol. 10 - F-Zero (super-smash-bros.-ultimate-expanded-vol.-10-f-zero-switch-gamerip-2018)"",""khinsider_album_kind"":""official_or_gamerip"",""khinsider_album_match_score"":100.0,""relevance_score_100"":100.0,""popularity_score_100"":69.25628250740462,""score_100"":87.70251300296185,""popularity_basis"":""BeatHit master-list game rank plus track position proxy""}"
139,You Call This a Utopia?!,Unknown credited artist,[],Super Smash Bros. Ultimate Vol. 11 - Mother (super-smash-bros.-ultimate-expanded-vol.-11-mother-switch-gamerip-2018),,,"[""video game soundtrack""]","[""und""]",,,,Super Smash Bros. Ultimate,,,khinsider_track_prominence_proxy,69.25628250740462,score_0_100,,,,87.70251300296185,,,,https://downloads.khinsider.com/game-soundtracks/album/super-smash-bros.-ultimate-expanded-vol.-11-mother-switch-gamerip-2018,2026-10-05,Track title is taken from KHInsider's soundtrack/gamerip album index. Popularity is an explicitly labelled proxy based on BeatHit game rank and track prominence.,"{""culture_category"":""video_game_music"",""video_game"":""Super Smash Bros. Ultimate"",""game_rank"":41,""game_association_kind"":""khinsider_game_soundtrack"",""khinsider_album_url"":""https://downloads.khinsider.com/game-soundtracks/album/super-smash-bros.-ultimate-expanded-vol.-11-mother-switch-gamerip-2018"",""khinsider_album_title"":""Super Smash Bros. Ultimate Vol. 11 - Mother (super-smash-bros.-ultimate-expanded-vol.-11-mother-switch-gamerip-2018)"",""khinsider_album_kind"":""official_or_gamerip"",""khinsider_album_match_score"":100.0,""relevance_score_100"":100.0,""popularity_score_100"":69.25628250740462,""score_100"":87.70251300296185,""popularity_basis"":""BeatHit master-list game rank plus track position proxy""}"
140,The Map Page  Bonus Level [Donkey Kong Country],Unknown credited artist,[],Super Smash Bros. Ultimate Enhanced Original Soundtrack (super-smash-bros.-ultimate-enhanced-original-soundtrack),,,"[""video game soundtrack""]","[""und""]",,,,Super Smash Bros. Ultimate,,,khinsider_track_prominence_proxy,69.04628250740463,score_0_100,,,,87.61851300296185,,,,https://downloads.khinsider.com/game-soundtracks/album/super-smash-bros.-ultimate-enhanced-original-soundtrack,2026-10-05,Track title is taken from KHInsider's soundtrack/gamerip album index. Popularity is an explicitly labelled proxy based on BeatHit game rank and track prominence.,"{""culture_category"":""video_game_music"",""video_game"":""Super Smash Bros. Ultimate"",""game_rank"":41,""game_association_kind"":""khinsider_game_soundtrack"",""khinsider_album_url"":""https://downloads.khinsider.com/game-soundtracks/album/super-smash-bros.-ultimate-enhanced-original-soundtrack"",""khinsider_album_title"":""Super Smash Bros. Ultimate Enhanced Original Soundtrack (super-smash-bros.-ultimate-enhanced-original-soundtrack)"",""khinsider_album_kind"":""official_or_gamerip"",""khinsider_album_match_score"":100.0,""relevance_score_100"":100.0,""popularity_score_100"":69.04628250740463,""score_100"":87.61851300296185,""popularity_basis"":""BeatHit master-list game rank plus track position proxy""}"
141,Boss Theme - Super Mario Bros. 2,Unknown credited artist,[],Super Smash Bros. Ultimate Vol. 02 - Super Mario (super-smash-bros.-ultimate-expanded-vol.-02-super-mario-switch-gamerip-2018),,,"[""video game soundtrack""]","[""und""]",,,,Super Smash Bros. Ultimate,,,khinsider_track_prominence_proxy,69.04628250740463,score_0_100,,,,87.61851300296185,,,,https://downloads.khinsider.com/game-soundtracks/album/super-smash-bros.-ultimate-expanded-vol.-02-super-mario-switch-gamerip-2018,2026-10-05,Track title is taken from KHInsider's soundtrack/gamerip album index. Popularity is an explicitly labelled proxy based on BeatHit game rank and track prominence.,"{""culture_category"":""video_game_music"",""video_game"":""Super Smash Bros. Ultimate"",""game_rank"":41,""game_association_kind"":""khinsider_game_soundtrack"",""khinsider_album_url"":""https://downloads.khinsider.com/game-soundtracks/album/super-smash-bros.-ultimate-expanded-vol.-02-super-mario-switch-gamerip-2018"",""khinsider_album_title"":""Super Smash Bros. Ultimate Vol. 02 - Super Mario (super-smash-bros.-ultimate-expanded-vol.-02-super-mario-switch-gamerip-2018)"",""khinsider_album_kind"":""official_or_gamerip"",""khinsider_album_match_score"":100.0,""relevance_score_100"":100.0,""popularity_score_100"":69.04628250740463,""score_100"":87.61851300296185,""popularity_basis"":""BeatHit master-list game rank plus track position proxy""}"
142,Jungle Hijinx,Unknown credited artist,[],Super Smash Bros. Ultimate Vol. 03 - Donkey Kong (super-smash-bros.-ultimate-expanded-vol.-03-donkey-kong-switch-gamerip-2018),,,"[""video game soundtrack""]","[""und""]",,,,Super Smash Bros. Ultimate,,,khinsider_track_prominence_proxy,69.04628250740463,score_0_100,,,,87.61851300296185,,,,https://downloads.khinsider.com/game-soundtracks/album/super-smash-bros.-ultimate-expanded-vol.-03-donkey-kong-switch-gamerip-2018,2026-10-05,Track title is taken from KHInsider's soundtrack/gamerip album index. Popularity is an explicitly labelled proxy based on BeatHit game rank and track prominence.,"{""culture_category"":""video_game_music"",""video_game"":""Super Smash Bros. Ultimate"",""game_rank"":41,""game_association_kind"":""khinsider_game_soundtrack"",""khinsider_album_url"":""https://downloads.khinsider.com/game-soundtracks/album/super-smash-bros.-ultimate-expanded-vol.-03-donkey-kong-switch-gamerip-2018"",""khinsider_album_title"":""Super Smash Bros. Ultimate Vol. 03 - Donkey Kong (super-smash-bros.-ultimate-expanded-vol.-03-donkey-kong-switch-gamerip-2018)"",""khinsider_album_kind"":""official_or_gamerip"",""khinsider_album_match_score"":100.0,""relevance_score_100"":100.0,""popularity_score_100"":69.04628250740463,""score_100"":87.61851300296185,""popularity_basis"":""BeatHit master-list game rank plus track position proxy""}"
143,Hidden Mountain & Forest,Unknown credited artist,[],Super Smash Bros. Ultimate Vol. 04 - The Legend of Zelda (super-smash-bros.-ultimate-expanded-vol.-04-the-legend-of-zelda-switch-gamerip-2018),,,"[""video game soundtrack""]","[""und""]",,,,Super Smash Bros. Ultimate,,,khinsider_track_prominence_proxy,69.04628250740463,score_0_100,,,,87.61851300296185,,,,https://downloads.khinsider.com/game-soundtracks/album/super-smash-bros.-ultimate-expanded-vol.-04-the-legend-of-zelda-switch-gamerip-2018,2026-10-05,Track title is taken from KHInsider's soundtrack/gamerip album index. Popularity is an explicitly labelled proxy based on BeatHit game rank and track prominence.,"{""culture_category"":""video_game_music"",""video_game"":""Super Smash Bros. Ultimate"",""game_rank"":41,""game_association_kind"":""khinsider_game_soundtrack"",""khinsider_album_url"":""https://downloads.khinsider.com/game-soundtracks/album/super-smash-bros.-ultimate-expanded-vol.-04-the-legend-of-zelda-switch-gamerip-2018"",""khinsider_album_title"":""Super Smash Bros. Ultimate Vol. 04 - The Legend of Zelda (super-smash-bros.-ultimate-expanded-vol.-04-the-legend-of-zelda-switch-gamerip-2018)"",""khinsider_album_kind"":""official_or_gamerip"",""khinsider_album_match_score"":100.0,""relevance_score_100"":100.0,""popularity_score_100"":69.04628250740463,""score_100"":87.61851300296185,""popularity_basis"":""BeatHit master-list game rank plus track position proxy""}"
144,Opening - Menu - Metroid Prime,Unknown credited artist,[],Super Smash Bros. Ultimate Vol. 05 - Metroid (super-smash-bros.-ultimate-expanded-vol.-05-metroid-switch-gamerip-2018),,,"[""video game soundtrack""]","[""und""]",,,,Super Smash Bros. Ultimate,,,khinsider_track_prominence_proxy,69.04628250740463,score_0_100,,,,87.61851300296185,,,,https://downloads.khinsider.com/game-soundtracks/album/super-smash-bros.-ultimate-expanded-vol.-05-metroid-switch-gamerip-2018,2026-10-05,Track title is taken from KHInsider's soundtrack/gamerip album index. Popularity is an explicitly labelled proxy based on BeatHit game rank and track prominence.,"{""culture_category"":""video_game_music"",""video_game"":""Super Smash Bros. Ultimate"",""game_rank"":41,""game_association_kind"":""khinsider_game_soundtrack"",""khinsider_album_url"":""https://downloads.khinsider.com/game-soundtracks/album/super-smash-bros.-ultimate-expanded-vol.-05-metroid-switch-gamerip-2018"",""khinsider_album_title"":""Super Smash Bros. Ultimate Vol. 05 - Metroid (super-smash-bros.-ultimate-expanded-vol.-05-metroid-switch-gamerip-2018)"",""khinsider_album_kind"":""official_or_gamerip"",""khinsider_album_match_score"":100.0,""relevance_score_100"":100.0,""popularity_score_100"":69.04628250740463,""score_100"":87.61851300296185,""popularity_basis"":""BeatHit master-list game rank plus track position proxy""}"
145,Main Theme - Yoshi's Woolly World [Original],Unknown credited artist,[],Super Smash Bros. Ultimate Vol. 06 - Yoshi (super-smash-bros.-ultimate-expanded-vol.-06-yoshi-switch-gamerip-2018),,,"[""video game soundtrack""]","[""und""]",,,,Super Smash Bros. Ultimate,,,khinsider_track_prominence_proxy,69.04628250740463,score_0_100,,,,87.61851300296185,,,,https://downloads.khinsider.com/game-soundtracks/album/super-smash-bros.-ultimate-expanded-vol.-06-yoshi-switch-gamerip-2018,2026-10-05,Track title is taken from KHInsider's soundtrack/gamerip album index. Popularity is an explicitly labelled proxy based on BeatHit game rank and track prominence.,"{""culture_category"":""video_game_music"",""video_game"":""Super Smash Bros. Ultimate"",""game_rank"":41,""game_association_kind"":""khinsider_game_soundtrack"",""khinsider_album_url"":""https://downloads.khinsider.com/game-soundtracks/album/super-smash-bros.-ultimate-expanded-vol.-06-yoshi-switch-gamerip-2018"",""khinsider_album_title"":""Super Smash Bros. Ultimate Vol. 06 - Yoshi (super-smash-bros.-ultimate-expanded-vol.-06-yoshi-switch-gamerip-2018)"",""khinsider_album_kind"":""official_or_gamerip"",""khinsider_album_match_score"":100.0,""relevance_score_100"":100.0,""popularity_score_100"":69.04628250740463,""score_100"":87.61851300296185,""popularity_basis"":""BeatHit master-list game rank plus track position proxy""}"
146,The Great Cave Offensive,Unknown credited artist,[],Super Smash Bros. Ultimate Vol. 07 - Kirby (super-smash-bros.-ultimate-expanded-vol.-07-kirby-switch-gamerip-2018),,,"[""video game soundtrack""]","[""und""]",,,,Super Smash Bros. Ultimate,,,khinsider_track_prominence_proxy,69.04628250740463,score_0_100,,,,87.61851300296185,,,,https://downloads.khinsider.com/game-soundtracks/album/super-smash-bros.-ultimate-expanded-vol.-07-kirby-switch-gamerip-2018,2026-10-05,Track title is taken from KHInsider's soundtrack/gamerip album index. Popularity is an explicitly labelled proxy based on BeatHit game rank and track prominence.,"{""culture_category"":""video_game_music"",""video_game"":""Super Smash Bros. Ultimate"",""game_rank"":41,""game_association_kind"":""khinsider_game_soundtrack"",""khinsider_album_url"":""https://downloads.khinsider.com/game-soundtracks/album/super-smash-bros.-ultimate-expanded-vol.-07-kirby-switch-gamerip-2018"",""khinsider_album_title"":""Super Smash Bros. Ultimate Vol. 07 - Kirby (super-smash-bros.-ultimate-expanded-vol.-07-kirby-switch-gamerip-2018)"",""khinsider_album_kind"":""official_or_gamerip"",""khinsider_album_match_score"":100.0,""relevance_score_100"":100.0,""popularity_score_100"":69.04628250740463,""score_100"":87.61851300296185,""popularity_basis"":""BeatHit master-list game rank plus track position proxy""}"
147,Space Battleground,Unknown credited artist,[],Super Smash Bros. Ultimate Vol. 08 - Star Fox (super-smash-bros.-ultimate-expanded-vol.-08-star-fox-switch-gamerip-2018),,,"[""video game soundtrack""]","[""und""]",,,,Super Smash Bros. Ultimate,,,khinsider_track_prominence_proxy,69.04628250740463,score_0_100,,,,87.61851300296185,,,,https://downloads.khinsider.com/game-soundtracks/album/super-smash-bros.-ultimate-expanded-vol.-08-star-fox-switch-gamerip-2018,2026-10-05,Track title is taken from KHInsider's soundtrack/gamerip album index. Popularity is an explicitly labelled proxy based on BeatHit game rank and track prominence.,"{""culture_category"":""video_game_music"",""video_game"":""Super Smash Bros. Ultimate"",""game_rank"":41,""game_association_kind"":""khinsider_game_soundtrack"",""khinsider_album_url"":""https://downloads.khinsider.com/game-soundtracks/album/super-smash-bros.-ultimate-expanded-vol.-08-star-fox-switch-gamerip-2018"",""khinsider_album_title"":""Super Smash Bros. Ultimate Vol. 08 - Star Fox (super-smash-bros.-ultimate-expanded-vol.-08-star-fox-switch-gamerip-2018)"",""khinsider_album_kind"":""official_or_gamerip"",""khinsider_album_match_score"":100.0,""relevance_score_100"":100.0,""popularity_score_100"":69.04628250740463,""score_100"":87.61851300296185,""popularity_basis"":""BeatHit master-list game rank plus track position proxy""}"
148,Battle! (Dialga - Palkia)  -  Spear Pillar,Unknown credited artist,[],Super Smash Bros. Ultimate Vol. 09 - Pokémon (super-smash-bros.-ultimate-expanded-vol.-09-pok-mon-switch-gamerip-2018),,,"[""video game soundtrack""]","[""und""]",,,,Super Smash Bros. Ultimate,,,khinsider_track_prominence_proxy,69.04628250740463,score_0_100,,,,87.61851300296185,,,,https://downloads.khinsider.com/game-soundtracks/album/super-smash-bros.-ultimate-expanded-vol.-09-pok-mon-switch-gamerip-2018,2026-10-05,Track title is taken from KHInsider's soundtrack/gamerip album index. Popularity is an explicitly labelled proxy based on BeatHit game rank and track prominence.,"{""culture_category"":""video_game_music"",""video_game"":""Super Smash Bros. Ultimate"",""game_rank"":41,""game_association_kind"":""khinsider_game_soundtrack"",""khinsider_album_url"":""https://downloads.khinsider.com/game-soundtracks/album/super-smash-bros.-ultimate-expanded-vol.-09-pok-mon-switch-gamerip-2018"",""khinsider_album_title"":""Super Smash Bros. Ultimate Vol. 09 - Pokémon (super-smash-bros.-ultimate-expanded-vol.-09-pok-mon-switch-gamerip-2018)"",""khinsider_album_kind"":""official_or_gamerip"",""khinsider_album_match_score"":100.0,""relevance_score_100"":100.0,""popularity_score_100"":69.04628250740463,""score_100"":87.61851300296185,""popularity_basis"":""BeatHit master-list game rank plus track position proxy""}"
149,Red Canyon,Unknown credited artist,[],Super Smash Bros. Ultimate Vol. 10 - F-Zero (super-smash-bros.-ultimate-expanded-vol.-10-f-zero-switch-gamerip-2018),,,"[""video game soundtrack""]","[""und""]",,,,Super Smash Bros. Ultimate,,,khinsider_track_prominence_proxy,69.04628250740463,score_0_100,,,,87.61851300296185,,,,https://downloads.khinsider.com/game-soundtracks/album/super-smash-bros.-ultimate-expanded-vol.-10-f-zero-switch-gamerip-2018,2026-10-05,Track title is taken from KHInsider's soundtrack/gamerip album index. Popularity is an explicitly labelled proxy based on BeatHit game rank and track prominence.,"{""culture_category"":""video_game_music"",""video_game"":""Super Smash Bros. Ultimate"",""game_rank"":41,""game_association_kind"":""khinsider_game_soundtrack"",""khinsider_album_url"":""https://downloads.khinsider.com/game-soundtracks/album/super-smash-bros.-ultimate-expanded-vol.-10-f-zero-switch-gamerip-2018"",""khinsider_album_title"":""Super Smash Bros. Ultimate Vol. 10 - F-Zero (super-smash-bros.-ultimate-expanded-vol.-10-f-zero-switch-gamerip-2018)"",""khinsider_album_kind"":""official_or_gamerip"",""khinsider_album_match_score"":100.0,""relevance_score_100"":100.0,""popularity_score_100"":69.04628250740463,""score_100"":87.61851300296185,""popularity_basis"":""BeatHit master-list game rank plus track position proxy""}"
150,Porky's Theme,Unknown credited artist,[],Super Smash Bros. Ultimate Vol. 11 - Mother (super-smash-bros.-ultimate-expanded-vol.-11-mother-switch-gamerip-2018),,,"[""video game soundtrack""]","[""und""]",,,,Super Smash Bros. Ultimate,,,khinsider_track_prominence_proxy,69.04628250740463,score_0_100,,,,87.61851300296185,,,,https://downloads.khinsider.com/game-soundtracks/album/super-smash-bros.-ultimate-expanded-vol.-11-mother-switch-gamerip-2018,2026-10-05,Track title is taken from KHInsider's soundtrack/gamerip album index. Popularity is an explicitly labelled proxy based on BeatHit game rank and track prominence.,"{""culture_category"":""video_game_music"",""video_game"":""Super Smash Bros. Ultimate"",""game_rank"":41,""game_association_kind"":""khinsider_game_soundtrack"",""khinsider_album_url"":""https://downloads.khinsider.com/game-soundtracks/album/super-smash-bros.-ultimate-expanded-vol.-11-mother-switch-gamerip-2018"",""khinsider_album_title"":""Super Smash Bros. Ultimate Vol. 11 - Mother (super-smash-bros.-ultimate-expanded-vol.-11-mother-switch-gamerip-2018)"",""khinsider_album_kind"":""official_or_gamerip"",""khinsider_album_match_score"":100.0,""relevance_score_100"":100.0,""popularity_score_100"":69.04628250740463,""score_100"":87.61851300296185,""popularity_basis"":""BeatHit master-list game rank plus track position proxy""}"
151,Snakey Chantey [Donkey Kong Country  Donkey Kong Country 2 Diddy's Kong Quest],Unknown credited artist,[],Super Smash Bros. Ultimate Enhanced Original Soundtrack (super-smash-bros.-ultimate-enhanced-original-soundtrack),,,"[""video game soundtrack""]","[""und""]",,,,Super Smash Bros. Ultimate,,,khinsider_track_prominence_proxy,68.83628250740462,score_0_100,,,,87.53451300296184,,,,https://downloads.khinsider.com/game-soundtracks/album/super-smash-bros.-ultimate-enhanced-original-soundtrack,2026-10-05,Track title is taken from KHInsider's soundtrack/gamerip album index. Popularity is an explicitly labelled proxy based on BeatHit game rank and track prominence.,"{""culture_category"":""video_game_music"",""video_game"":""Super Smash Bros. Ultimate"",""game_rank"":41,""game_association_kind"":""khinsider_game_soundtrack"",""khinsider_album_url"":""https://downloads.khinsider.com/game-soundtracks/album/super-smash-bros.-ultimate-enhanced-original-soundtrack"",""khinsider_album_title"":""Super Smash Bros. Ultimate Enhanced Original Soundtrack (super-smash-bros.-ultimate-enhanced-original-soundtrack)"",""khinsider_album_kind"":""official_or_gamerip"",""khinsider_album_match_score"":100.0,""relevance_score_100"":100.0,""popularity_score_100"":68.83628250740462,""score_100"":87.53451300296184,""popularity_basis"":""BeatHit master-list game rank plus track position proxy""}"
152,Ground Theme - Super Mario Bros. 3 (Melee),Unknown credited artist,[],Super Smash Bros. Ultimate Vol. 02 - Super Mario (super-smash-bros.-ultimate-expanded-vol.-02-super-mario-switch-gamerip-2018),,,"[""video game soundtrack""]","[""und""]",,,,Super Smash Bros. Ultimate,,,khinsider_track_prominence_proxy,68.83628250740462,score_0_100,,,,87.53451300296184,,,,https://downloads.khinsider.com/game-soundtracks/album/super-smash-bros.-ultimate-expanded-vol.-02-super-mario-switch-gamerip-2018,2026-10-05,Track title is taken from KHInsider's soundtrack/gamerip album index. Popularity is an explicitly labelled proxy based on BeatHit game rank and track prominence.,"{""culture_category"":""video_game_music"",""video_game"":""Super Smash Bros. Ultimate"",""game_rank"":41,""game_association_kind"":""khinsider_game_soundtrack"",""khinsider_album_url"":""https://downloads.khinsider.com/game-soundtracks/album/super-smash-bros.-ultimate-expanded-vol.-02-super-mario-switch-gamerip-2018"",""khinsider_album_title"":""Super Smash Bros. Ultimate Vol. 02 - Super Mario (super-smash-bros.-ultimate-expanded-vol.-02-super-mario-switch-gamerip-2018)"",""khinsider_album_kind"":""official_or_gamerip"",""khinsider_album_match_score"":100.0,""relevance_score_100"":100.0,""popularity_score_100"":68.83628250740462,""score_100"":87.53451300296184,""popularity_basis"":""BeatHit master-list game rank plus track position proxy""}"
153,Swinger Flinger,Unknown credited artist,[],Super Smash Bros. Ultimate Vol. 03 - Donkey Kong (super-smash-bros.-ultimate-expanded-vol.-03-donkey-kong-switch-gamerip-2018),,,"[""video game soundtrack""]","[""und""]",,,,Super Smash Bros. Ultimate,,,khinsider_track_prominence_proxy,68.83628250740462,score_0_100,,,,87.53451300296184,,,,https://downloads.khinsider.com/game-soundtracks/album/super-smash-bros.-ultimate-expanded-vol.-03-donkey-kong-switch-gamerip-2018,2026-10-05,Track title is taken from KHInsider's soundtrack/gamerip album index. Popularity is an explicitly labelled proxy based on BeatHit game rank and track prominence.,"{""culture_category"":""video_game_music"",""video_game"":""Super Smash Bros. Ultimate"",""game_rank"":41,""game_association_kind"":""khinsider_game_soundtrack"",""khinsider_album_url"":""https://downloads.khinsider.com/game-soundtracks/album/super-smash-bros.-ultimate-expanded-vol.-03-donkey-kong-switch-gamerip-2018"",""khinsider_album_title"":""Super Smash Bros. Ultimate Vol. 03 - Donkey Kong (super-smash-bros.-ultimate-expanded-vol.-03-donkey-kong-switch-gamerip-2018)"",""khinsider_album_kind"":""official_or_gamerip"",""khinsider_album_match_score"":100.0,""relevance_score_100"":100.0,""popularity_score_100"":68.83628250740462,""score_100"":87.53451300296184,""popularity_basis"":""BeatHit master-list game rank plus track position proxy""}"
154,Tal Tal Heights,Unknown credited artist,[],Super Smash Bros. Ultimate Vol. 04 - The Legend of Zelda (super-smash-bros.-ultimate-expanded-vol.-04-the-legend-of-zelda-switch-gamerip-2018),,,"[""video game soundtrack""]","[""und""]",,,,Super Smash Bros. Ultimate,,,khinsider_track_prominence_proxy,68.83628250740462,score_0_100,,,,87.53451300296184,,,,https://downloads.khinsider.com/game-soundtracks/album/super-smash-bros.-ultimate-expanded-vol.-04-the-legend-of-zelda-switch-gamerip-2018,2026-10-05,Track title is taken from KHInsider's soundtrack/gamerip album index. Popularity is an explicitly labelled proxy based on BeatHit game rank and track prominence.,"{""culture_category"":""video_game_music"",""video_game"":""Super Smash Bros. Ultimate"",""game_rank"":41,""game_association_kind"":""khinsider_game_soundtrack"",""khinsider_album_url"":""https://downloads.khinsider.com/game-soundtracks/album/super-smash-bros.-ultimate-expanded-vol.-04-the-legend-of-zelda-switch-gamerip-2018"",""khinsider_album_title"":""Super Smash Bros. Ultimate Vol. 04 - The Legend of Zelda (super-smash-bros.-ultimate-expanded-vol.-04-the-legend-of-zelda-switch-gamerip-2018)"",""khinsider_album_kind"":""official_or_gamerip"",""khinsider_album_match_score"":100.0,""relevance_score_100"":100.0,""popularity_score_100"":68.83628250740462,""score_100"":87.53451300296184,""popularity_basis"":""BeatHit master-list game rank plus track position proxy""}"
155,Vs. Parasite Queen,Unknown credited artist,[],Super Smash Bros. Ultimate Vol. 05 - Metroid (super-smash-bros.-ultimate-expanded-vol.-05-metroid-switch-gamerip-2018),,,"[""video game soundtrack""]","[""und""]",,,,Super Smash Bros. Ultimate,,,khinsider_track_prominence_proxy,68.83628250740462,score_0_100,,,,87.53451300296184,,,,https://downloads.khinsider.com/game-soundtracks/album/super-smash-bros.-ultimate-expanded-vol.-05-metroid-switch-gamerip-2018,2026-10-05,Track title is taken from KHInsider's soundtrack/gamerip album index. Popularity is an explicitly labelled proxy based on BeatHit game rank and track prominence.,"{""culture_category"":""video_game_music"",""video_game"":""Super Smash Bros. Ultimate"",""game_rank"":41,""game_association_kind"":""khinsider_game_soundtrack"",""khinsider_album_url"":""https://downloads.khinsider.com/game-soundtracks/album/super-smash-bros.-ultimate-expanded-vol.-05-metroid-switch-gamerip-2018"",""khinsider_album_title"":""Super Smash Bros. Ultimate Vol. 05 - Metroid (super-smash-bros.-ultimate-expanded-vol.-05-metroid-switch-gamerip-2018)"",""khinsider_album_kind"":""official_or_gamerip"",""khinsider_album_match_score"":100.0,""relevance_score_100"":100.0,""popularity_score_100"":68.83628250740462,""score_100"":87.53451300296184,""popularity_basis"":""BeatHit master-list game rank plus track position proxy""}"
156,Yoshi Victory Theme (64),Unknown credited artist,[],Super Smash Bros. Ultimate Vol. 06 - Yoshi (super-smash-bros.-ultimate-expanded-vol.-06-yoshi-switch-gamerip-2018),,,"[""video game soundtrack""]","[""und""]",,,,Super Smash Bros. Ultimate,,,khinsider_track_prominence_proxy,68.83628250740462,score_0_100,,,,87.53451300296184,,,,https://downloads.khinsider.com/game-soundtracks/album/super-smash-bros.-ultimate-expanded-vol.-06-yoshi-switch-gamerip-2018,2026-10-05,Track title is taken from KHInsider's soundtrack/gamerip album index. Popularity is an explicitly labelled proxy based on BeatHit game rank and track prominence.,"{""culture_category"":""video_game_music"",""video_game"":""Super Smash Bros. Ultimate"",""game_rank"":41,""game_association_kind"":""khinsider_game_soundtrack"",""khinsider_album_url"":""https://downloads.khinsider.com/game-soundtracks/album/super-smash-bros.-ultimate-expanded-vol.-06-yoshi-switch-gamerip-2018"",""khinsider_album_title"":""Super Smash Bros. Ultimate Vol. 06 - Yoshi (super-smash-bros.-ultimate-expanded-vol.-06-yoshi-switch-gamerip-2018)"",""khinsider_album_kind"":""official_or_gamerip"",""khinsider_album_match_score"":100.0,""relevance_score_100"":100.0,""popularity_score_100"":68.83628250740462,""score_100"":87.53451300296184,""popularity_basis"":""BeatHit master-list game rank plus track position proxy""}"
157,Meta Knight's Revenge,Unknown credited artist,[],Super Smash Bros. Ultimate Vol. 07 - Kirby (super-smash-bros.-ultimate-expanded-vol.-07-kirby-switch-gamerip-2018),,,"[""video game soundtrack""]","[""und""]",,,,Super Smash Bros. Ultimate,,,khinsider_track_prominence_proxy,68.83628250740462,score_0_100,,,,87.53451300296184,,,,https://downloads.khinsider.com/game-soundtracks/album/super-smash-bros.-ultimate-expanded-vol.-07-kirby-switch-gamerip-2018,2026-10-05,Track title is taken from KHInsider's soundtrack/gamerip album index. Popularity is an explicitly labelled proxy based on BeatHit game rank and track prominence.,"{""culture_category"":""video_game_music"",""video_game"":""Super Smash Bros. Ultimate"",""game_rank"":41,""game_association_kind"":""khinsider_game_soundtrack"",""khinsider_album_url"":""https://downloads.khinsider.com/game-soundtracks/album/super-smash-bros.-ultimate-expanded-vol.-07-kirby-switch-gamerip-2018"",""khinsider_album_title"":""Super Smash Bros. Ultimate Vol. 07 - Kirby (super-smash-bros.-ultimate-expanded-vol.-07-kirby-switch-gamerip-2018)"",""khinsider_album_kind"":""official_or_gamerip"",""khinsider_album_match_score"":100.0,""relevance_score_100"":100.0,""popularity_score_100"":68.83628250740462,""score_100"":87.53451300296184,""popularity_basis"":""BeatHit master-list game rank plus track position proxy""}"
158,Break - Through the Ice,Unknown credited artist,[],Super Smash Bros. Ultimate Vol. 08 - Star Fox (super-smash-bros.-ultimate-expanded-vol.-08-star-fox-switch-gamerip-2018),,,"[""video game soundtrack""]","[""und""]",,,,Super Smash Bros. Ultimate,,,khinsider_track_prominence_proxy,68.83628250740462,score_0_100,,,,87.53451300296184,,,,https://downloads.khinsider.com/game-soundtracks/album/super-smash-bros.-ultimate-expanded-vol.-08-star-fox-switch-gamerip-2018,2026-10-05,Track title is taken from KHInsider's soundtrack/gamerip album index. Popularity is an explicitly labelled proxy based on BeatHit game rank and track prominence.,"{""culture_category"":""video_game_music"",""video_game"":""Super Smash Bros. Ultimate"",""game_rank"":41,""game_association_kind"":""khinsider_game_soundtrack"",""khinsider_album_url"":""https://downloads.khinsider.com/game-soundtracks/album/super-smash-bros.-ultimate-expanded-vol.-08-star-fox-switch-gamerip-2018"",""khinsider_album_title"":""Super Smash Bros. Ultimate Vol. 08 - Star Fox (super-smash-bros.-ultimate-expanded-vol.-08-star-fox-switch-gamerip-2018)"",""khinsider_album_kind"":""official_or_gamerip"",""khinsider_album_match_score"":100.0,""relevance_score_100"":100.0,""popularity_score_100"":68.83628250740462,""score_100"":87.53451300296184,""popularity_basis"":""BeatHit master-list game rank plus track position proxy""}"
159,Battle! (Champion)  -  Champion Cynthia,Unknown credited artist,[],Super Smash Bros. Ultimate Vol. 09 - Pokémon (super-smash-bros.-ultimate-expanded-vol.-09-pok-mon-switch-gamerip-2018),,,"[""video game soundtrack""]","[""und""]",,,,Super Smash Bros. Ultimate,,,khinsider_track_prominence_proxy,68.83628250740462,score_0_100,,,,87.53451300296184,,,,https://downloads.khinsider.com/game-soundtracks/album/super-smash-bros.-ultimate-expanded-vol.-09-pok-mon-switch-gamerip-2018,2026-10-05,Track title is taken from KHInsider's soundtrack/gamerip album index. Popularity is an explicitly labelled proxy based on BeatHit game rank and track prominence.,"{""culture_category"":""video_game_music"",""video_game"":""Super Smash Bros. Ultimate"",""game_rank"":41,""game_association_kind"":""khinsider_game_soundtrack"",""khinsider_album_url"":""https://downloads.khinsider.com/game-soundtracks/album/super-smash-bros.-ultimate-expanded-vol.-09-pok-mon-switch-gamerip-2018"",""khinsider_album_title"":""Super Smash Bros. Ultimate Vol. 09 - Pokémon (super-smash-bros.-ultimate-expanded-vol.-09-pok-mon-switch-gamerip-2018)"",""khinsider_album_kind"":""official_or_gamerip"",""khinsider_album_match_score"":100.0,""relevance_score_100"":100.0,""popularity_score_100"":68.83628250740462,""score_100"":87.53451300296184,""popularity_basis"":""BeatHit master-list game rank plus track position proxy""}"
160,White Land,Unknown credited artist,[],Super Smash Bros. Ultimate Vol. 10 - F-Zero (super-smash-bros.-ultimate-expanded-vol.-10-f-zero-switch-gamerip-2018),,,"[""video game soundtrack""]","[""und""]",,,,Super Smash Bros. Ultimate,,,khinsider_track_prominence_proxy,68.83628250740462,score_0_100,,,,87.53451300296184,,,,https://downloads.khinsider.com/game-soundtracks/album/super-smash-bros.-ultimate-expanded-vol.-10-f-zero-switch-gamerip-2018,2026-10-05,Track title is taken from KHInsider's soundtrack/gamerip album index. Popularity is an explicitly labelled proxy based on BeatHit game rank and track prominence.,"{""culture_category"":""video_game_music"",""video_game"":""Super Smash Bros. Ultimate"",""game_rank"":41,""game_association_kind"":""khinsider_game_soundtrack"",""khinsider_album_url"":""https://downloads.khinsider.com/game-soundtracks/album/super-smash-bros.-ultimate-expanded-vol.-10-f-zero-switch-gamerip-2018"",""khinsider_album_title"":""Super Smash Bros. Ultimate Vol. 10 - F-Zero (super-smash-bros.-ultimate-expanded-vol.-10-f-zero-switch-gamerip-2018)"",""khinsider_album_kind"":""official_or_gamerip"",""khinsider_album_match_score"":100.0,""relevance_score_100"":100.0,""popularity_score_100"":68.83628250740462,""score_100"":87.53451300296184,""popularity_basis"":""BeatHit master-list game rank plus track position proxy""}"
161,EarthBound Victory Theme (64),Unknown credited artist,[],Super Smash Bros. Ultimate Vol. 11 - Mother (super-smash-bros.-ultimate-expanded-vol.-11-mother-switch-gamerip-2018),,,"[""video game soundtrack""]","[""und""]",,,,Super Smash Bros. Ultimate,,,khinsider_track_prominence_proxy,68.83628250740462,score_0_100,,,,87.53451300296184,,,,https://downloads.khinsider.com/game-soundtracks/album/super-smash-bros.-ultimate-expanded-vol.-11-mother-switch-gamerip-2018,2026-10-05,Track title is taken from KHInsider's soundtrack/gamerip album index. Popularity is an explicitly labelled proxy based on BeatHit game rank and track prominence.,"{""culture_category"":""video_game_music"",""video_game"":""Super Smash Bros. Ultimate"",""game_rank"":41,""game_association_kind"":""khinsider_game_soundtrack"",""khinsider_album_url"":""https://downloads.khinsider.com/game-soundtracks/album/super-smash-bros.-ultimate-expanded-vol.-11-mother-switch-gamerip-2018"",""khinsider_album_title"":""Super Smash Bros. Ultimate Vol. 11 - Mother (super-smash-bros.-ultimate-expanded-vol.-11-mother-switch-gamerip-2018)"",""khinsider_album_kind"":""official_or_gamerip"",""khinsider_album_match_score"":100.0,""relevance_score_100"":100.0,""popularity_score_100"":68.83628250740462,""score_100"":87.53451300296184,""popularity_basis"":""BeatHit master-list game rank plus track position proxy""}"
162,Gang-Plank Galleon [Donkey Kong Country],Unknown credited artist,[],Super Smash Bros. Ultimate Enhanced Original Soundtrack (super-smash-bros.-ultimate-enhanced-original-soundtrack),,,"[""video game soundtrack""]","[""und""]",,,,Super Smash Bros. Ultimate,,,khinsider_track_prominence_proxy,68.62628250740462,score_0_100,,,,87.45051300296186,,,,https://downloads.khinsider.com/game-soundtracks/album/super-smash-bros.-ultimate-enhanced-original-soundtrack,2026-10-05,Track title is taken from KHInsider's soundtrack/gamerip album index. Popularity is an explicitly labelled proxy based on BeatHit game rank and track prominence.,"{""culture_category"":""video_game_music"",""video_game"":""Super Smash Bros. Ultimate"",""game_rank"":41,""game_association_kind"":""khinsider_game_soundtrack"",""khinsider_album_url"":""https://downloads.khinsider.com/game-soundtracks/album/super-smash-bros.-ultimate-enhanced-original-soundtrack"",""khinsider_album_title"":""Super Smash Bros. Ultimate Enhanced Original Soundtrack (super-smash-bros.-ultimate-enhanced-original-soundtrack)"",""khinsider_album_kind"":""official_or_gamerip"",""khinsider_album_match_score"":100.0,""relevance_score_100"":100.0,""popularity_score_100"":68.62628250740462,""score_100"":87.45051300296186,""popularity_basis"":""BeatHit master-list game rank plus track position proxy""}"
163,Ice Cave Chant,Unknown credited artist,[],Super Smash Bros. Ultimate Vol. 03 - Donkey Kong (super-smash-bros.-ultimate-expanded-vol.-03-donkey-kong-switch-gamerip-2018),,,"[""video game soundtrack""]","[""und""]",,,,Super Smash Bros. Ultimate,,,khinsider_track_prominence_proxy,68.62628250740462,score_0_100,,,,87.45051300296186,,,,https://downloads.khinsider.com/game-soundtracks/album/super-smash-bros.-ultimate-expanded-vol.-03-donkey-kong-switch-gamerip-2018,2026-10-05,Track title is taken from KHInsider's soundtrack/gamerip album index. Popularity is an explicitly labelled proxy based on BeatHit game rank and track prominence.,"{""culture_category"":""video_game_music"",""video_game"":""Super Smash Bros. Ultimate"",""game_rank"":41,""game_association_kind"":""khinsider_game_soundtrack"",""khinsider_album_url"":""https://downloads.khinsider.com/game-soundtracks/album/super-smash-bros.-ultimate-expanded-vol.-03-donkey-kong-switch-gamerip-2018"",""khinsider_album_title"":""Super Smash Bros. Ultimate Vol. 03 - Donkey Kong (super-smash-bros.-ultimate-expanded-vol.-03-donkey-kong-switch-gamerip-2018)"",""khinsider_album_kind"":""official_or_gamerip"",""khinsider_album_match_score"":100.0,""relevance_score_100"":100.0,""popularity_score_100"":68.62628250740462,""score_100"":87.45051300296186,""popularity_basis"":""BeatHit master-list game rank plus track position proxy""}"
164,Ocarina of Time Medley,Unknown credited artist,[],Super Smash Bros. Ultimate Vol. 04 - The Legend of Zelda (super-smash-bros.-ultimate-expanded-vol.-04-the-legend-of-zelda-switch-gamerip-2018),,,"[""video game soundtrack""]","[""und""]",,,,Super Smash Bros. Ultimate,,,khinsider_track_prominence_proxy,68.62628250740462,score_0_100,,,,87.45051300296186,,,,https://downloads.khinsider.com/game-soundtracks/album/super-smash-bros.-ultimate-expanded-vol.-04-the-legend-of-zelda-switch-gamerip-2018,2026-10-05,Track title is taken from KHInsider's soundtrack/gamerip album index. Popularity is an explicitly labelled proxy based on BeatHit game rank and track prominence.,"{""culture_category"":""video_game_music"",""video_game"":""Super Smash Bros. Ultimate"",""game_rank"":41,""game_association_kind"":""khinsider_game_soundtrack"",""khinsider_album_url"":""https://downloads.khinsider.com/game-soundtracks/album/super-smash-bros.-ultimate-expanded-vol.-04-the-legend-of-zelda-switch-gamerip-2018"",""khinsider_album_title"":""Super Smash Bros. Ultimate Vol. 04 - The Legend of Zelda (super-smash-bros.-ultimate-expanded-vol.-04-the-legend-of-zelda-switch-gamerip-2018)"",""khinsider_album_kind"":""official_or_gamerip"",""khinsider_album_match_score"":100.0,""relevance_score_100"":100.0,""popularity_score_100"":68.62628250740462,""score_100"":87.45051300296186,""popularity_basis"":""BeatHit master-list game rank plus track position proxy""}"
165,Vs. Meta Ridley,Unknown credited artist,[],Super Smash Bros. Ultimate Vol. 05 - Metroid (super-smash-bros.-ultimate-expanded-vol.-05-metroid-switch-gamerip-2018),,,"[""video game soundtrack""]","[""und""]",,,,Super Smash Bros. Ultimate,,,khinsider_track_prominence_proxy,68.62628250740462,score_0_100,,,,87.45051300296186,,,,https://downloads.khinsider.com/game-soundtracks/album/super-smash-bros.-ultimate-expanded-vol.-05-metroid-switch-gamerip-2018,2026-10-05,Track title is taken from KHInsider's soundtrack/gamerip album index. Popularity is an explicitly labelled proxy based on BeatHit game rank and track prominence.,"{""culture_category"":""video_game_music"",""video_game"":""Super Smash Bros. Ultimate"",""game_rank"":41,""game_association_kind"":""khinsider_game_soundtrack"",""khinsider_album_url"":""https://downloads.khinsider.com/game-soundtracks/album/super-smash-bros.-ultimate-expanded-vol.-05-metroid-switch-gamerip-2018"",""khinsider_album_title"":""Super Smash Bros. Ultimate Vol. 05 - Metroid (super-smash-bros.-ultimate-expanded-vol.-05-metroid-switch-gamerip-2018)"",""khinsider_album_kind"":""official_or_gamerip"",""khinsider_album_match_score"":100.0,""relevance_score_100"":100.0,""popularity_score_100"":68.62628250740462,""score_100"":87.45051300296186,""popularity_basis"":""BeatHit master-list game rank plus track position proxy""}"
166,Yoshi Victory Theme (Melee),Unknown credited artist,[],Super Smash Bros. Ultimate Vol. 06 - Yoshi (super-smash-bros.-ultimate-expanded-vol.-06-yoshi-switch-gamerip-2018),,,"[""video game soundtrack""]","[""und""]",,,,Super Smash Bros. Ultimate,,,khinsider_track_prominence_proxy,68.62628250740462,score_0_100,,,,87.45051300296186,,,,https://downloads.khinsider.com/game-soundtracks/album/super-smash-bros.-ultimate-expanded-vol.-06-yoshi-switch-gamerip-2018,2026-10-05,Track title is taken from KHInsider's soundtrack/gamerip album index. Popularity is an explicitly labelled proxy based on BeatHit game rank and track prominence.,"{""culture_category"":""video_game_music"",""video_game"":""Super Smash Bros. Ultimate"",""game_rank"":41,""game_association_kind"":""khinsider_game_soundtrack"",""khinsider_album_url"":""https://downloads.khinsider.com/game-soundtracks/album/super-smash-bros.-ultimate-expanded-vol.-06-yoshi-switch-gamerip-2018"",""khinsider_album_title"":""Super Smash Bros. Ultimate Vol. 06 - Yoshi (super-smash-bros.-ultimate-expanded-vol.-06-yoshi-switch-gamerip-2018)"",""khinsider_album_kind"":""official_or_gamerip"",""khinsider_album_match_score"":100.0,""relevance_score_100"":100.0,""popularity_score_100"":68.62628250740462,""score_100"":87.45051300296186,""popularity_basis"":""BeatHit master-list game rank plus track position proxy""}"
167,Vs. Marx,Unknown credited artist,[],Super Smash Bros. Ultimate Vol. 07 - Kirby (super-smash-bros.-ultimate-expanded-vol.-07-kirby-switch-gamerip-2018),,,"[""video game soundtrack""]","[""und""]",,,,Super Smash Bros. Ultimate,,,khinsider_track_prominence_proxy,68.62628250740462,score_0_100,,,,87.45051300296186,,,,https://downloads.khinsider.com/game-soundtracks/album/super-smash-bros.-ultimate-expanded-vol.-07-kirby-switch-gamerip-2018,2026-10-05,Track title is taken from KHInsider's soundtrack/gamerip album index. Popularity is an explicitly labelled proxy based on BeatHit game rank and track prominence.,"{""culture_category"":""video_game_music"",""video_game"":""Super Smash Bros. Ultimate"",""game_rank"":41,""game_association_kind"":""khinsider_game_soundtrack"",""khinsider_album_url"":""https://downloads.khinsider.com/game-soundtracks/album/super-smash-bros.-ultimate-expanded-vol.-07-kirby-switch-gamerip-2018"",""khinsider_album_title"":""Super Smash Bros. Ultimate Vol. 07 - Kirby (super-smash-bros.-ultimate-expanded-vol.-07-kirby-switch-gamerip-2018)"",""khinsider_album_kind"":""official_or_gamerip"",""khinsider_album_match_score"":100.0,""relevance_score_100"":100.0,""popularity_score_100"":68.62628250740462,""score_100"":87.45051300296186,""popularity_basis"":""BeatHit master-list game rank plus track position proxy""}"
168,Corneria - Star Fox Zero,Unknown credited artist,[],Super Smash Bros. Ultimate Vol. 08 - Star Fox (super-smash-bros.-ultimate-expanded-vol.-08-star-fox-switch-gamerip-2018),,,"[""video game soundtrack""]","[""und""]",,,,Super Smash Bros. Ultimate,,,khinsider_track_prominence_proxy,68.62628250740462,score_0_100,,,,87.45051300296186,,,,https://downloads.khinsider.com/game-soundtracks/album/super-smash-bros.-ultimate-expanded-vol.-08-star-fox-switch-gamerip-2018,2026-10-05,Track title is taken from KHInsider's soundtrack/gamerip album index. Popularity is an explicitly labelled proxy based on BeatHit game rank and track prominence.,"{""culture_category"":""video_game_music"",""video_game"":""Super Smash Bros. Ultimate"",""game_rank"":41,""game_association_kind"":""khinsider_game_soundtrack"",""khinsider_album_url"":""https://downloads.khinsider.com/game-soundtracks/album/super-smash-bros.-ultimate-expanded-vol.-08-star-fox-switch-gamerip-2018"",""khinsider_album_title"":""Super Smash Bros. Ultimate Vol. 08 - Star Fox (super-smash-bros.-ultimate-expanded-vol.-08-star-fox-switch-gamerip-2018)"",""khinsider_album_kind"":""official_or_gamerip"",""khinsider_album_match_score"":100.0,""relevance_score_100"":100.0,""popularity_score_100"":68.62628250740462,""score_100"":87.45051300296186,""popularity_basis"":""BeatHit master-list game rank plus track position proxy""}"
169,Route 10 - Pokémon Black  -  Pokémon White,Unknown credited artist,[],Super Smash Bros. Ultimate Vol. 09 - Pokémon (super-smash-bros.-ultimate-expanded-vol.-09-pok-mon-switch-gamerip-2018),,,"[""video game soundtrack""]","[""und""]",,,,Super Smash Bros. Ultimate,,,khinsider_track_prominence_proxy,68.62628250740462,score_0_100,,,,87.45051300296186,,,,https://downloads.khinsider.com/game-soundtracks/album/super-smash-bros.-ultimate-expanded-vol.-09-pok-mon-switch-gamerip-2018,2026-10-05,Track title is taken from KHInsider's soundtrack/gamerip album index. Popularity is an explicitly labelled proxy based on BeatHit game rank and track prominence.,"{""culture_category"":""video_game_music"",""video_game"":""Super Smash Bros. Ultimate"",""game_rank"":41,""game_association_kind"":""khinsider_game_soundtrack"",""khinsider_album_url"":""https://downloads.khinsider.com/game-soundtracks/album/super-smash-bros.-ultimate-expanded-vol.-09-pok-mon-switch-gamerip-2018"",""khinsider_album_title"":""Super Smash Bros. Ultimate Vol. 09 - Pokémon (super-smash-bros.-ultimate-expanded-vol.-09-pok-mon-switch-gamerip-2018)"",""khinsider_album_kind"":""official_or_gamerip"",""khinsider_album_match_score"":100.0,""relevance_score_100"":100.0,""popularity_score_100"":68.62628250740462,""score_100"":87.45051300296186,""popularity_basis"":""BeatHit master-list game rank plus track position proxy""}"
170,White Land [Original],Unknown credited artist,[],Super Smash Bros. Ultimate Vol. 10 - F-Zero (super-smash-bros.-ultimate-expanded-vol.-10-f-zero-switch-gamerip-2018),,,"[""video game soundtrack""]","[""und""]",,,,Super Smash Bros. Ultimate,,,khinsider_track_prominence_proxy,68.62628250740462,score_0_100,,,,87.45051300296186,,,,https://downloads.khinsider.com/game-soundtracks/album/super-smash-bros.-ultimate-expanded-vol.-10-f-zero-switch-gamerip-2018,2026-10-05,Track title is taken from KHInsider's soundtrack/gamerip album index. Popularity is an explicitly labelled proxy based on BeatHit game rank and track prominence.,"{""culture_category"":""video_game_music"",""video_game"":""Super Smash Bros. Ultimate"",""game_rank"":41,""game_association_kind"":""khinsider_game_soundtrack"",""khinsider_album_url"":""https://downloads.khinsider.com/game-soundtracks/album/super-smash-bros.-ultimate-expanded-vol.-10-f-zero-switch-gamerip-2018"",""khinsider_album_title"":""Super Smash Bros. Ultimate Vol. 10 - F-Zero (super-smash-bros.-ultimate-expanded-vol.-10-f-zero-switch-gamerip-2018)"",""khinsider_album_kind"":""official_or_gamerip"",""khinsider_album_match_score"":100.0,""relevance_score_100"":100.0,""popularity_score_100"":68.62628250740462,""score_100"":87.45051300296186,""popularity_basis"":""BeatHit master-list game rank plus track position proxy""}"
171,EarthBound Victory Theme (Melee),Unknown credited artist,[],Super Smash Bros. Ultimate Vol. 11 - Mother (super-smash-bros.-ultimate-expanded-vol.-11-mother-switch-gamerip-2018),,,"[""video game soundtrack""]","[""und""]",,,,Super Smash Bros. Ultimate,,,khinsider_track_prominence_proxy,68.62628250740462,score_0_100,,,,87.45051300296186,,,,https://downloads.khinsider.com/game-soundtracks/album/super-smash-bros.-ultimate-expanded-vol.-11-mother-switch-gamerip-2018,2026-10-05,Track title is taken from KHInsider's soundtrack/gamerip album index. Popularity is an explicitly labelled proxy based on BeatHit game rank and track prominence.,"{""culture_category"":""video_game_music"",""video_game"":""Super Smash Bros. Ultimate"",""game_rank"":41,""game_association_kind"":""khinsider_game_soundtrack"",""khinsider_album_url"":""https://downloads.khinsider.com/game-soundtracks/album/super-smash-bros.-ultimate-expanded-vol.-11-mother-switch-gamerip-2018"",""khinsider_album_title"":""Super Smash Bros. Ultimate Vol. 11 - Mother (super-smash-bros.-ultimate-expanded-vol.-11-mother-switch-gamerip-2018)"",""khinsider_album_kind"":""official_or_gamerip"",""khinsider_album_match_score"":100.0,""relevance_score_100"":100.0,""popularity_score_100"":68.62628250740462,""score_100"":87.45051300296186,""popularity_basis"":""BeatHit master-list game rank plus track position proxy""}"
172,Crocodile Cacophony [Donkey Kong Country 2 Diddy's Kong Quest],Unknown credited artist,[],Super Smash Bros. Ultimate Enhanced Original Soundtrack (super-smash-bros.-ultimate-enhanced-original-soundtrack),,,"[""video game soundtrack""]","[""und""]",,,,Super Smash Bros. Ultimate,,,khinsider_track_prominence_proxy,68.41628250740462,score_0_100,,,,87.36651300296185,,,,https://downloads.khinsider.com/game-soundtracks/album/super-smash-bros.-ultimate-enhanced-original-soundtrack,2026-10-05,Track title is taken from KHInsider's soundtrack/gamerip album index. Popularity is an explicitly labelled proxy based on BeatHit game rank and track prominence.,"{""culture_category"":""video_game_music"",""video_game"":""Super Smash Bros. Ultimate"",""game_rank"":41,""game_association_kind"":""khinsider_game_soundtrack"",""khinsider_album_url"":""https://downloads.khinsider.com/game-soundtracks/album/super-smash-bros.-ultimate-enhanced-original-soundtrack"",""khinsider_album_title"":""Super Smash Bros. Ultimate Enhanced Original Soundtrack (super-smash-bros.-ultimate-enhanced-original-soundtrack)"",""khinsider_album_kind"":""official_or_gamerip"",""khinsider_album_match_score"":100.0,""relevance_score_100"":100.0,""popularity_score_100"":68.41628250740462,""score_100"":87.36651300296185,""popularity_basis"":""BeatHit master-list game rank plus track position proxy""}"
173,Super Mario Bros. 3 Medley,Unknown credited artist,[],Super Smash Bros. Ultimate Vol. 02 - Super Mario (super-smash-bros.-ultimate-expanded-vol.-02-super-mario-switch-gamerip-2018),,,"[""video game soundtrack""]","[""und""]",,,,Super Smash Bros. Ultimate,,,khinsider_track_prominence_proxy,68.41628250740462,score_0_100,,,,87.36651300296185,,,,https://downloads.khinsider.com/game-soundtracks/album/super-smash-bros.-ultimate-expanded-vol.-02-super-mario-switch-gamerip-2018,2026-10-05,Track title is taken from KHInsider's soundtrack/gamerip album index. Popularity is an explicitly labelled proxy based on BeatHit game rank and track prominence.,"{""culture_category"":""video_game_music"",""video_game"":""Super Smash Bros. Ultimate"",""game_rank"":41,""game_association_kind"":""khinsider_game_soundtrack"",""khinsider_album_url"":""https://downloads.khinsider.com/game-soundtracks/album/super-smash-bros.-ultimate-expanded-vol.-02-super-mario-switch-gamerip-2018"",""khinsider_album_title"":""Super Smash Bros. Ultimate Vol. 02 - Super Mario (super-smash-bros.-ultimate-expanded-vol.-02-super-mario-switch-gamerip-2018)"",""khinsider_album_kind"":""official_or_gamerip"",""khinsider_album_match_score"":100.0,""relevance_score_100"":100.0,""popularity_score_100"":68.41628250740462,""score_100"":87.36651300296185,""popularity_basis"":""BeatHit master-list game rank plus track position proxy""}"
174,Funky's Fugue,Unknown credited artist,[],Super Smash Bros. Ultimate Vol. 03 - Donkey Kong (super-smash-bros.-ultimate-expanded-vol.-03-donkey-kong-switch-gamerip-2018),,,"[""video game soundtrack""]","[""und""]",,,,Super Smash Bros. Ultimate,,,khinsider_track_prominence_proxy,68.41628250740462,score_0_100,,,,87.36651300296185,,,,https://downloads.khinsider.com/game-soundtracks/album/super-smash-bros.-ultimate-expanded-vol.-03-donkey-kong-switch-gamerip-2018,2026-10-05,Track title is taken from KHInsider's soundtrack/gamerip album index. Popularity is an explicitly labelled proxy based on BeatHit game rank and track prominence.,"{""culture_category"":""video_game_music"",""video_game"":""Super Smash Bros. Ultimate"",""game_rank"":41,""game_association_kind"":""khinsider_game_soundtrack"",""khinsider_album_url"":""https://downloads.khinsider.com/game-soundtracks/album/super-smash-bros.-ultimate-expanded-vol.-03-donkey-kong-switch-gamerip-2018"",""khinsider_album_title"":""Super Smash Bros. Ultimate Vol. 03 - Donkey Kong (super-smash-bros.-ultimate-expanded-vol.-03-donkey-kong-switch-gamerip-2018)"",""khinsider_album_kind"":""official_or_gamerip"",""khinsider_album_match_score"":100.0,""relevance_score_100"":100.0,""popularity_score_100"":68.41628250740462,""score_100"":87.36651300296185,""popularity_basis"":""BeatHit master-list game rank plus track position proxy""}"
175,Hyrule Field Theme,Unknown credited artist,[],Super Smash Bros. Ultimate Vol. 04 - The Legend of Zelda (super-smash-bros.-ultimate-expanded-vol.-04-the-legend-of-zelda-switch-gamerip-2018),,,"[""video game soundtrack""]","[""und""]",,,,Super Smash Bros. Ultimate,,,khinsider_track_prominence_proxy,68.41628250740462,score_0_100,,,,87.36651300296185,,,,https://downloads.khinsider.com/game-soundtracks/album/super-smash-bros.-ultimate-expanded-vol.-04-the-legend-of-zelda-switch-gamerip-2018,2026-10-05,Track title is taken from KHInsider's soundtrack/gamerip album index. Popularity is an explicitly labelled proxy based on BeatHit game rank and track prominence.,"{""culture_category"":""video_game_music"",""video_game"":""Super Smash Bros. Ultimate"",""game_rank"":41,""game_association_kind"":""khinsider_game_soundtrack"",""khinsider_album_url"":""https://downloads.khinsider.com/game-soundtracks/album/super-smash-bros.-ultimate-expanded-vol.-04-the-legend-of-zelda-switch-gamerip-2018"",""khinsider_album_title"":""Super Smash Bros. Ultimate Vol. 04 - The Legend of Zelda (super-smash-bros.-ultimate-expanded-vol.-04-the-legend-of-zelda-switch-gamerip-2018)"",""khinsider_album_kind"":""official_or_gamerip"",""khinsider_album_match_score"":100.0,""relevance_score_100"":100.0,""popularity_score_100"":68.41628250740462,""score_100"":87.36651300296185,""popularity_basis"":""BeatHit master-list game rank plus track position proxy""}"
176,Multiplayer - Metroid Prime 2 - Echoes,Unknown credited artist,[],Super Smash Bros. Ultimate Vol. 05 - Metroid (super-smash-bros.-ultimate-expanded-vol.-05-metroid-switch-gamerip-2018),,,"[""video game soundtrack""]","[""und""]",,,,Super Smash Bros. Ultimate,,,khinsider_track_prominence_proxy,68.41628250740462,score_0_100,,,,87.36651300296185,,,,https://downloads.khinsider.com/game-soundtracks/album/super-smash-bros.-ultimate-expanded-vol.-05-metroid-switch-gamerip-2018,2026-10-05,Track title is taken from KHInsider's soundtrack/gamerip album index. Popularity is an explicitly labelled proxy based on BeatHit game rank and track prominence.,"{""culture_category"":""video_game_music"",""video_game"":""Super Smash Bros. Ultimate"",""game_rank"":41,""game_association_kind"":""khinsider_game_soundtrack"",""khinsider_album_url"":""https://downloads.khinsider.com/game-soundtracks/album/super-smash-bros.-ultimate-expanded-vol.-05-metroid-switch-gamerip-2018"",""khinsider_album_title"":""Super Smash Bros. Ultimate Vol. 05 - Metroid (super-smash-bros.-ultimate-expanded-vol.-05-metroid-switch-gamerip-2018)"",""khinsider_album_kind"":""official_or_gamerip"",""khinsider_album_match_score"":100.0,""relevance_score_100"":100.0,""popularity_score_100"":68.41628250740462,""score_100"":87.36651300296185,""popularity_basis"":""BeatHit master-list game rank plus track position proxy""}"
177,Yoshi Victory Theme (Brawl),Unknown credited artist,[],Super Smash Bros. Ultimate Vol. 06 - Yoshi (super-smash-bros.-ultimate-expanded-vol.-06-yoshi-switch-gamerip-2018),,,"[""video game soundtrack""]","[""und""]",,,,Super Smash Bros. Ultimate,,,khinsider_track_prominence_proxy,68.41628250740462,score_0_100,,,,87.36651300296185,,,,https://downloads.khinsider.com/game-soundtracks/album/super-smash-bros.-ultimate-expanded-vol.-06-yoshi-switch-gamerip-2018,2026-10-05,Track title is taken from KHInsider's soundtrack/gamerip album index. Popularity is an explicitly labelled proxy based on BeatHit game rank and track prominence.,"{""culture_category"":""video_game_music"",""video_game"":""Super Smash Bros. Ultimate"",""game_rank"":41,""game_association_kind"":""khinsider_game_soundtrack"",""khinsider_album_url"":""https://downloads.khinsider.com/game-soundtracks/album/super-smash-bros.-ultimate-expanded-vol.-06-yoshi-switch-gamerip-2018"",""khinsider_album_title"":""Super Smash Bros. Ultimate Vol. 06 - Yoshi (super-smash-bros.-ultimate-expanded-vol.-06-yoshi-switch-gamerip-2018)"",""khinsider_album_kind"":""official_or_gamerip"",""khinsider_album_match_score"":100.0,""relevance_score_100"":100.0,""popularity_score_100"":68.41628250740462,""score_100"":87.36651300296185,""popularity_basis"":""BeatHit master-list game rank plus track position proxy""}"
178,Planet Popstar,Unknown credited artist,[],Super Smash Bros. Ultimate Vol. 07 - Kirby (super-smash-bros.-ultimate-expanded-vol.-07-kirby-switch-gamerip-2018),,,"[""video game soundtrack""]","[""und""]",,,,Super Smash Bros. Ultimate,,,khinsider_track_prominence_proxy,68.41628250740462,score_0_100,,,,87.36651300296185,,,,https://downloads.khinsider.com/game-soundtracks/album/super-smash-bros.-ultimate-expanded-vol.-07-kirby-switch-gamerip-2018,2026-10-05,Track title is taken from KHInsider's soundtrack/gamerip album index. Popularity is an explicitly labelled proxy based on BeatHit game rank and track prominence.,"{""culture_category"":""video_game_music"",""video_game"":""Super Smash Bros. Ultimate"",""game_rank"":41,""game_association_kind"":""khinsider_game_soundtrack"",""khinsider_album_url"":""https://downloads.khinsider.com/game-soundtracks/album/super-smash-bros.-ultimate-expanded-vol.-07-kirby-switch-gamerip-2018"",""khinsider_album_title"":""Super Smash Bros. Ultimate Vol. 07 - Kirby (super-smash-bros.-ultimate-expanded-vol.-07-kirby-switch-gamerip-2018)"",""khinsider_album_kind"":""official_or_gamerip"",""khinsider_album_match_score"":100.0,""relevance_score_100"":100.0,""popularity_score_100"":68.41628250740462,""score_100"":87.36651300296185,""popularity_basis"":""BeatHit master-list game rank plus track position proxy""}"
179,Sector Ω,Unknown credited artist,[],Super Smash Bros. Ultimate Vol. 08 - Star Fox (super-smash-bros.-ultimate-expanded-vol.-08-star-fox-switch-gamerip-2018),,,"[""video game soundtrack""]","[""und""]",,,,Super Smash Bros. Ultimate,,,khinsider_track_prominence_proxy,68.41628250740462,score_0_100,,,,87.36651300296185,,,,https://downloads.khinsider.com/game-soundtracks/album/super-smash-bros.-ultimate-expanded-vol.-08-star-fox-switch-gamerip-2018,2026-10-05,Track title is taken from KHInsider's soundtrack/gamerip album index. Popularity is an explicitly labelled proxy based on BeatHit game rank and track prominence.,"{""culture_category"":""video_game_music"",""video_game"":""Super Smash Bros. Ultimate"",""game_rank"":41,""game_association_kind"":""khinsider_game_soundtrack"",""khinsider_album_url"":""https://downloads.khinsider.com/game-soundtracks/album/super-smash-bros.-ultimate-expanded-vol.-08-star-fox-switch-gamerip-2018"",""khinsider_album_title"":""Super Smash Bros. Ultimate Vol. 08 - Star Fox (super-smash-bros.-ultimate-expanded-vol.-08-star-fox-switch-gamerip-2018)"",""khinsider_album_kind"":""official_or_gamerip"",""khinsider_album_match_score"":100.0,""relevance_score_100"":100.0,""popularity_score_100"":68.41628250740462,""score_100"":87.36651300296185,""popularity_basis"":""BeatHit master-list game rank plus track position proxy""}"
180,N's Castle,Unknown credited artist,[],Super Smash Bros. Ultimate Vol. 09 - Pokémon (super-smash-bros.-ultimate-expanded-vol.-09-pok-mon-switch-gamerip-2018),,,"[""video game soundtrack""]","[""und""]",,,,Super Smash Bros. Ultimate,,,khinsider_track_prominence_proxy,68.41628250740462,score_0_100,,,,87.36651300296185,,,,https://downloads.khinsider.com/game-soundtracks/album/super-smash-bros.-ultimate-expanded-vol.-09-pok-mon-switch-gamerip-2018,2026-10-05,Track title is taken from KHInsider's soundtrack/gamerip album index. Popularity is an explicitly labelled proxy based on BeatHit game rank and track prominence.,"{""culture_category"":""video_game_music"",""video_game"":""Super Smash Bros. Ultimate"",""game_rank"":41,""game_association_kind"":""khinsider_game_soundtrack"",""khinsider_album_url"":""https://downloads.khinsider.com/game-soundtracks/album/super-smash-bros.-ultimate-expanded-vol.-09-pok-mon-switch-gamerip-2018"",""khinsider_album_title"":""Super Smash Bros. Ultimate Vol. 09 - Pokémon (super-smash-bros.-ultimate-expanded-vol.-09-pok-mon-switch-gamerip-2018)"",""khinsider_album_kind"":""official_or_gamerip"",""khinsider_album_match_score"":100.0,""relevance_score_100"":100.0,""popularity_score_100"":68.41628250740462,""score_100"":87.36651300296185,""popularity_basis"":""BeatHit master-list game rank plus track position proxy""}"
181,White Land II,Unknown credited artist,[],Super Smash Bros. Ultimate Vol. 10 - F-Zero (super-smash-bros.-ultimate-expanded-vol.-10-f-zero-switch-gamerip-2018),,,"[""video game soundtrack""]","[""und""]",,,,Super Smash Bros. Ultimate,,,khinsider_track_prominence_proxy,68.41628250740462,score_0_100,,,,87.36651300296185,,,,https://downloads.khinsider.com/game-soundtracks/album/super-smash-bros.-ultimate-expanded-vol.-10-f-zero-switch-gamerip-2018,2026-10-05,Track title is taken from KHInsider's soundtrack/gamerip album index. Popularity is an explicitly labelled proxy based on BeatHit game rank and track prominence.,"{""culture_category"":""video_game_music"",""video_game"":""Super Smash Bros. Ultimate"",""game_rank"":41,""game_association_kind"":""khinsider_game_soundtrack"",""khinsider_album_url"":""https://downloads.khinsider.com/game-soundtracks/album/super-smash-bros.-ultimate-expanded-vol.-10-f-zero-switch-gamerip-2018"",""khinsider_album_title"":""Super Smash Bros. Ultimate Vol. 10 - F-Zero (super-smash-bros.-ultimate-expanded-vol.-10-f-zero-switch-gamerip-2018)"",""khinsider_album_kind"":""official_or_gamerip"",""khinsider_album_match_score"":100.0,""relevance_score_100"":100.0,""popularity_score_100"":68.41628250740462,""score_100"":87.36651300296185,""popularity_basis"":""BeatHit master-list game rank plus track position proxy""}"
182,EarthBound Victory Theme (Brawl),Unknown credited artist,[],Super Smash Bros. Ultimate Vol. 11 - Mother (super-smash-bros.-ultimate-expanded-vol.-11-mother-switch-gamerip-2018),,,"[""video game soundtrack""]","[""und""]",,,,Super Smash Bros. Ultimate,,,khinsider_track_prominence_proxy,68.41628250740462,score_0_100,,,,87.36651300296185,,,,https://downloads.khinsider.com/game-soundtracks/album/super-smash-bros.-ultimate-expanded-vol.-11-mother-switch-gamerip-2018,2026-10-05,Track title is taken from KHInsider's soundtrack/gamerip album index. Popularity is an explicitly labelled proxy based on BeatHit game rank and track prominence.,"{""culture_category"":""video_game_music"",""video_game"":""Super Smash Bros. Ultimate"",""game_rank"":41,""game_association_kind"":""khinsider_game_soundtrack"",""khinsider_album_url"":""https://downloads.khinsider.com/game-soundtracks/album/super-smash-bros.-ultimate-expanded-vol.-11-mother-switch-gamerip-2018"",""khinsider_album_title"":""Super Smash Bros. Ultimate Vol. 11 - Mother (super-smash-bros.-ultimate-expanded-vol.-11-mother-switch-gamerip-2018)"",""khinsider_album_kind"":""official_or_gamerip"",""khinsider_album_match_score"":100.0,""relevance_score_100"":100.0,""popularity_score_100"":68.41628250740462,""score_100"":87.36651300296185,""popularity_basis"":""BeatHit master-list game rank plus track position proxy""}"
183,Victory! [King K. Rool],Unknown credited artist,[],Super Smash Bros. Ultimate Enhanced Original Soundtrack (super-smash-bros.-ultimate-enhanced-original-soundtrack),,,"[""video game soundtrack""]","[""und""]",,,,Super Smash Bros. Ultimate,,,khinsider_track_prominence_proxy,68.20628250740462,score_0_100,,,,87.28251300296185,,,,https://downloads.khinsider.com/game-soundtracks/album/super-smash-bros.-ultimate-enhanced-original-soundtrack,2026-10-05,Track title is taken from KHInsider's soundtrack/gamerip album index. Popularity is an explicitly labelled proxy based on BeatHit game rank and track prominence.,"{""culture_category"":""video_game_music"",""video_game"":""Super Smash Bros. Ultimate"",""game_rank"":41,""game_association_kind"":""khinsider_game_soundtrack"",""khinsider_album_url"":""https://downloads.khinsider.com/game-soundtracks/album/super-smash-bros.-ultimate-enhanced-original-soundtrack"",""khinsider_album_title"":""Super Smash Bros. Ultimate Enhanced Original Soundtrack (super-smash-bros.-ultimate-enhanced-original-soundtrack)"",""khinsider_album_kind"":""official_or_gamerip"",""khinsider_album_match_score"":100.0,""relevance_score_100"":100.0,""popularity_score_100"":68.20628250740462,""score_100"":87.28251300296185,""popularity_basis"":""BeatHit master-list game rank plus track position proxy""}"
184,Snakey Chantey,Unknown credited artist,[],Super Smash Bros. Ultimate Vol. 03 - Donkey Kong (super-smash-bros.-ultimate-expanded-vol.-03-donkey-kong-switch-gamerip-2018),,,"[""video game soundtrack""]","[""und""]",,,,Super Smash Bros. Ultimate,,,khinsider_track_prominence_proxy,68.20628250740462,score_0_100,,,,87.28251300296185,,,,https://downloads.khinsider.com/game-soundtracks/album/super-smash-bros.-ultimate-expanded-vol.-03-donkey-kong-switch-gamerip-2018,2026-10-05,Track title is taken from KHInsider's soundtrack/gamerip album index. Popularity is an explicitly labelled proxy based on BeatHit game rank and track prominence.,"{""culture_category"":""video_game_music"",""video_game"":""Super Smash Bros. Ultimate"",""game_rank"":41,""game_association_kind"":""khinsider_game_soundtrack"",""khinsider_album_url"":""https://downloads.khinsider.com/game-soundtracks/album/super-smash-bros.-ultimate-expanded-vol.-03-donkey-kong-switch-gamerip-2018"",""khinsider_album_title"":""Super Smash Bros. Ultimate Vol. 03 - Donkey Kong (super-smash-bros.-ultimate-expanded-vol.-03-donkey-kong-switch-gamerip-2018)"",""khinsider_album_kind"":""official_or_gamerip"",""khinsider_album_match_score"":100.0,""relevance_score_100"":100.0,""popularity_score_100"":68.20628250740462,""score_100"":87.28251300296185,""popularity_basis"":""BeatHit master-list game rank plus track position proxy""}"
185,Hyrule Field Theme [Original],Unknown credited artist,[],Super Smash Bros. Ultimate Vol. 04 - The Legend of Zelda (super-smash-bros.-ultimate-expanded-vol.-04-the-legend-of-zelda-switch-gamerip-2018),,,"[""video game soundtrack""]","[""und""]",,,,Super Smash Bros. Ultimate,,,khinsider_track_prominence_proxy,68.20628250740462,score_0_100,,,,87.28251300296185,,,,https://downloads.khinsider.com/game-soundtracks/album/super-smash-bros.-ultimate-expanded-vol.-04-the-legend-of-zelda-switch-gamerip-2018,2026-10-05,Track title is taken from KHInsider's soundtrack/gamerip album index. Popularity is an explicitly labelled proxy based on BeatHit game rank and track prominence.,"{""culture_category"":""video_game_music"",""video_game"":""Super Smash Bros. Ultimate"",""game_rank"":41,""game_association_kind"":""khinsider_game_soundtrack"",""khinsider_album_url"":""https://downloads.khinsider.com/game-soundtracks/album/super-smash-bros.-ultimate-expanded-vol.-04-the-legend-of-zelda-switch-gamerip-2018"",""khinsider_album_title"":""Super Smash Bros. Ultimate Vol. 04 - The Legend of Zelda (super-smash-bros.-ultimate-expanded-vol.-04-the-legend-of-zelda-switch-gamerip-2018)"",""khinsider_album_kind"":""official_or_gamerip"",""khinsider_album_match_score"":100.0,""relevance_score_100"":100.0,""popularity_score_100"":68.20628250740462,""score_100"":87.28251300296185,""popularity_basis"":""BeatHit master-list game rank plus track position proxy""}"
186,Psycho Bits,Unknown credited artist,[],Super Smash Bros. Ultimate Vol. 05 - Metroid (super-smash-bros.-ultimate-expanded-vol.-05-metroid-switch-gamerip-2018),,,"[""video game soundtrack""]","[""und""]",,,,Super Smash Bros. Ultimate,,,khinsider_track_prominence_proxy,68.20628250740462,score_0_100,,,,87.28251300296185,,,,https://downloads.khinsider.com/game-soundtracks/album/super-smash-bros.-ultimate-expanded-vol.-05-metroid-switch-gamerip-2018,2026-10-05,Track title is taken from KHInsider's soundtrack/gamerip album index. Popularity is an explicitly labelled proxy based on BeatHit game rank and track prominence.,"{""culture_category"":""video_game_music"",""video_game"":""Super Smash Bros. Ultimate"",""game_rank"":41,""game_association_kind"":""khinsider_game_soundtrack"",""khinsider_album_url"":""https://downloads.khinsider.com/game-soundtracks/album/super-smash-bros.-ultimate-expanded-vol.-05-metroid-switch-gamerip-2018"",""khinsider_album_title"":""Super Smash Bros. Ultimate Vol. 05 - Metroid (super-smash-bros.-ultimate-expanded-vol.-05-metroid-switch-gamerip-2018)"",""khinsider_album_kind"":""official_or_gamerip"",""khinsider_album_match_score"":100.0,""relevance_score_100"":100.0,""popularity_score_100"":68.20628250740462,""score_100"":87.28251300296185,""popularity_basis"":""BeatHit master-list game rank plus track position proxy""}"
187,Yoshi Victory Theme (Ultimate),Unknown credited artist,[],Super Smash Bros. Ultimate Vol. 06 - Yoshi (super-smash-bros.-ultimate-expanded-vol.-06-yoshi-switch-gamerip-2018),,,"[""video game soundtrack""]","[""und""]",,,,Super Smash Bros. Ultimate,,,khinsider_track_prominence_proxy,68.20628250740462,score_0_100,,,,87.28251300296185,,,,https://downloads.khinsider.com/game-soundtracks/album/super-smash-bros.-ultimate-expanded-vol.-06-yoshi-switch-gamerip-2018,2026-10-05,Track title is taken from KHInsider's soundtrack/gamerip album index. Popularity is an explicitly labelled proxy based on BeatHit game rank and track prominence.,"{""culture_category"":""video_game_music"",""video_game"":""Super Smash Bros. Ultimate"",""game_rank"":41,""game_association_kind"":""khinsider_game_soundtrack"",""khinsider_album_url"":""https://downloads.khinsider.com/game-soundtracks/album/super-smash-bros.-ultimate-expanded-vol.-06-yoshi-switch-gamerip-2018"",""khinsider_album_title"":""Super Smash Bros. Ultimate Vol. 06 - Yoshi (super-smash-bros.-ultimate-expanded-vol.-06-yoshi-switch-gamerip-2018)"",""khinsider_album_kind"":""official_or_gamerip"",""khinsider_album_match_score"":100.0,""relevance_score_100"":100.0,""popularity_score_100"":68.20628250740462,""score_100"":87.28251300296185,""popularity_basis"":""BeatHit master-list game rank plus track position proxy""}"
188,02 Battle,Unknown credited artist,[],Super Smash Bros. Ultimate Vol. 07 - Kirby (super-smash-bros.-ultimate-expanded-vol.-07-kirby-switch-gamerip-2018),,,"[""video game soundtrack""]","[""und""]",,,,Super Smash Bros. Ultimate,,,khinsider_track_prominence_proxy,68.20628250740462,score_0_100,,,,87.28251300296185,,,,https://downloads.khinsider.com/game-soundtracks/album/super-smash-bros.-ultimate-expanded-vol.-07-kirby-switch-gamerip-2018,2026-10-05,Track title is taken from KHInsider's soundtrack/gamerip album index. Popularity is an explicitly labelled proxy based on BeatHit game rank and track prominence.,"{""culture_category"":""video_game_music"",""video_game"":""Super Smash Bros. Ultimate"",""game_rank"":41,""game_association_kind"":""khinsider_game_soundtrack"",""khinsider_album_url"":""https://downloads.khinsider.com/game-soundtracks/album/super-smash-bros.-ultimate-expanded-vol.-07-kirby-switch-gamerip-2018"",""khinsider_album_title"":""Super Smash Bros. Ultimate Vol. 07 - Kirby (super-smash-bros.-ultimate-expanded-vol.-07-kirby-switch-gamerip-2018)"",""khinsider_album_kind"":""official_or_gamerip"",""khinsider_album_match_score"":100.0,""relevance_score_100"":100.0,""popularity_score_100"":68.20628250740462,""score_100"":87.28251300296185,""popularity_basis"":""BeatHit master-list game rank plus track position proxy""}"
189,Return to Corneria - Star Fox Zero,Unknown credited artist,[],Super Smash Bros. Ultimate Vol. 08 - Star Fox (super-smash-bros.-ultimate-expanded-vol.-08-star-fox-switch-gamerip-2018),,,"[""video game soundtrack""]","[""und""]",,,,Super Smash Bros. Ultimate,,,khinsider_track_prominence_proxy,68.20628250740462,score_0_100,,,,87.28251300296185,,,,https://downloads.khinsider.com/game-soundtracks/album/super-smash-bros.-ultimate-expanded-vol.-08-star-fox-switch-gamerip-2018,2026-10-05,Track title is taken from KHInsider's soundtrack/gamerip album index. Popularity is an explicitly labelled proxy based on BeatHit game rank and track prominence.,"{""culture_category"":""video_game_music"",""video_game"":""Super Smash Bros. Ultimate"",""game_rank"":41,""game_association_kind"":""khinsider_game_soundtrack"",""khinsider_album_url"":""https://downloads.khinsider.com/game-soundtracks/album/super-smash-bros.-ultimate-expanded-vol.-08-star-fox-switch-gamerip-2018"",""khinsider_album_title"":""Super Smash Bros. Ultimate Vol. 08 - Star Fox (super-smash-bros.-ultimate-expanded-vol.-08-star-fox-switch-gamerip-2018)"",""khinsider_album_kind"":""official_or_gamerip"",""khinsider_album_match_score"":100.0,""relevance_score_100"":100.0,""popularity_score_100"":68.20628250740462,""score_100"":87.28251300296185,""popularity_basis"":""BeatHit master-list game rank plus track position proxy""}"
190,Battle! (Reshiram  -  Zekrom),Unknown credited artist,[],Super Smash Bros. Ultimate Vol. 09 - Pokémon (super-smash-bros.-ultimate-expanded-vol.-09-pok-mon-switch-gamerip-2018),,,"[""video game soundtrack""]","[""und""]",,,,Super Smash Bros. Ultimate,,,khinsider_track_prominence_proxy,68.20628250740462,score_0_100,,,,87.28251300296185,,,,https://downloads.khinsider.com/game-soundtracks/album/super-smash-bros.-ultimate-expanded-vol.-09-pok-mon-switch-gamerip-2018,2026-10-05,Track title is taken from KHInsider's soundtrack/gamerip album index. Popularity is an explicitly labelled proxy based on BeatHit game rank and track prominence.,"{""culture_category"":""video_game_music"",""video_game"":""Super Smash Bros. Ultimate"",""game_rank"":41,""game_association_kind"":""khinsider_game_soundtrack"",""khinsider_album_url"":""https://downloads.khinsider.com/game-soundtracks/album/super-smash-bros.-ultimate-expanded-vol.-09-pok-mon-switch-gamerip-2018"",""khinsider_album_title"":""Super Smash Bros. Ultimate Vol. 09 - Pokémon (super-smash-bros.-ultimate-expanded-vol.-09-pok-mon-switch-gamerip-2018)"",""khinsider_album_kind"":""official_or_gamerip"",""khinsider_album_match_score"":100.0,""relevance_score_100"":100.0,""popularity_score_100"":68.20628250740462,""score_100"":87.28251300296185,""popularity_basis"":""BeatHit master-list game rank plus track position proxy""}"
191,Fire Field,Unknown credited artist,[],Super Smash Bros. Ultimate Vol. 10 - F-Zero (super-smash-bros.-ultimate-expanded-vol.-10-f-zero-switch-gamerip-2018),,,"[""video game soundtrack""]","[""und""]",,,,Super Smash Bros. Ultimate,,,khinsider_track_prominence_proxy,68.20628250740462,score_0_100,,,,87.28251300296185,,,,https://downloads.khinsider.com/game-soundtracks/album/super-smash-bros.-ultimate-expanded-vol.-10-f-zero-switch-gamerip-2018,2026-10-05,Track title is taken from KHInsider's soundtrack/gamerip album index. Popularity is an explicitly labelled proxy based on BeatHit game rank and track prominence.,"{""culture_category"":""video_game_music"",""video_game"":""Super Smash Bros. Ultimate"",""game_rank"":41,""game_association_kind"":""khinsider_game_soundtrack"",""khinsider_album_url"":""https://downloads.khinsider.com/game-soundtracks/album/super-smash-bros.-ultimate-expanded-vol.-10-f-zero-switch-gamerip-2018"",""khinsider_album_title"":""Super Smash Bros. Ultimate Vol. 10 - F-Zero (super-smash-bros.-ultimate-expanded-vol.-10-f-zero-switch-gamerip-2018)"",""khinsider_album_kind"":""official_or_gamerip"",""khinsider_album_match_score"":100.0,""relevance_score_100"":100.0,""popularity_score_100"":68.20628250740462,""score_100"":87.28251300296185,""popularity_basis"":""BeatHit master-list game rank plus track position proxy""}"
192,EarthBound Victory Theme (Ultimate),Unknown credited artist,[],Super Smash Bros. Ultimate Vol. 11 - Mother (super-smash-bros.-ultimate-expanded-vol.-11-mother-switch-gamerip-2018),,,"[""video game soundtrack""]","[""und""]",,,,Super Smash Bros. Ultimate,,,khinsider_track_prominence_proxy,68.20628250740462,score_0_100,,,,87.28251300296185,,,,https://downloads.khinsider.com/game-soundtracks/album/super-smash-bros.-ultimate-expanded-vol.-11-mother-switch-gamerip-2018,2026-10-05,Track title is taken from KHInsider's soundtrack/gamerip album index. Popularity is an explicitly labelled proxy based on BeatHit game rank and track prominence.,"{""culture_category"":""video_game_music"",""video_game"":""Super Smash Bros. Ultimate"",""game_rank"":41,""game_association_kind"":""khinsider_game_soundtrack"",""khinsider_album_url"":""https://downloads.khinsider.com/game-soundtracks/album/super-smash-bros.-ultimate-expanded-vol.-11-mother-switch-gamerip-2018"",""khinsider_album_title"":""Super Smash Bros. Ultimate Vol. 11 - Mother (super-smash-bros.-ultimate-expanded-vol.-11-mother-switch-gamerip-2018)"",""khinsider_album_kind"":""official_or_gamerip"",""khinsider_album_match_score"":100.0,""relevance_score_100"":100.0,""popularity_score_100"":68.20628250740462,""score_100"":87.28251300296185,""popularity_basis"":""BeatHit master-list game rank plus track position proxy""}"
193,Classic Mode Defeat,Unknown credited artist,[],Super Smash Bros. Ultimate Enhanced Original Soundtrack (super-smash-bros.-ultimate-enhanced-original-soundtrack),,,"[""video game soundtrack""]","[""und""]",,,,Super Smash Bros. Ultimate,,,khinsider_track_prominence_proxy,67.99628250740463,score_0_100,,,,87.19851300296185,,,,https://downloads.khinsider.com/game-soundtracks/album/super-smash-bros.-ultimate-enhanced-original-soundtrack,2026-10-05,Track title is taken from KHInsider's soundtrack/gamerip album index. Popularity is an explicitly labelled proxy based on BeatHit game rank and track prominence.,"{""culture_category"":""video_game_music"",""video_game"":""Super Smash Bros. Ultimate"",""game_rank"":41,""game_association_kind"":""khinsider_game_soundtrack"",""khinsider_album_url"":""https://downloads.khinsider.com/game-soundtracks/album/super-smash-bros.-ultimate-enhanced-original-soundtrack"",""khinsider_album_title"":""Super Smash Bros. Ultimate Enhanced Original Soundtrack (super-smash-bros.-ultimate-enhanced-original-soundtrack)"",""khinsider_album_kind"":""official_or_gamerip"",""khinsider_album_match_score"":100.0,""relevance_score_100"":100.0,""popularity_score_100"":67.99628250740463,""score_100"":87.19851300296185,""popularity_basis"":""BeatHit master-list game rank plus track position proxy""}"
194,Airship Theme - Super Mario Bros. 3,Unknown credited artist,[],Super Smash Bros. Ultimate Vol. 02 - Super Mario (super-smash-bros.-ultimate-expanded-vol.-02-super-mario-switch-gamerip-2018),,,"[""video game soundtrack""]","[""und""]",,,,Super Smash Bros. Ultimate,,,khinsider_track_prominence_proxy,67.99628250740463,score_0_100,,,,87.19851300296185,,,,https://downloads.khinsider.com/game-soundtracks/album/super-smash-bros.-ultimate-expanded-vol.-02-super-mario-switch-gamerip-2018,2026-10-05,Track title is taken from KHInsider's soundtrack/gamerip album index. Popularity is an explicitly labelled proxy based on BeatHit game rank and track prominence.,"{""culture_category"":""video_game_music"",""video_game"":""Super Smash Bros. Ultimate"",""game_rank"":41,""game_association_kind"":""khinsider_game_soundtrack"",""khinsider_album_url"":""https://downloads.khinsider.com/game-soundtracks/album/super-smash-bros.-ultimate-expanded-vol.-02-super-mario-switch-gamerip-2018"",""khinsider_album_title"":""Super Smash Bros. Ultimate Vol. 02 - Super Mario (super-smash-bros.-ultimate-expanded-vol.-02-super-mario-switch-gamerip-2018)"",""khinsider_album_kind"":""official_or_gamerip"",""khinsider_album_match_score"":100.0,""relevance_score_100"":100.0,""popularity_score_100"":67.99628250740463,""score_100"":87.19851300296185,""popularity_basis"":""BeatHit master-list game rank plus track position proxy""}"
195,Gang-Plank Galleon,Unknown credited artist,[],Super Smash Bros. Ultimate Vol. 03 - Donkey Kong (super-smash-bros.-ultimate-expanded-vol.-03-donkey-kong-switch-gamerip-2018),,,"[""video game soundtrack""]","[""und""]",,,,Super Smash Bros. Ultimate,,,khinsider_track_prominence_proxy,67.99628250740463,score_0_100,,,,87.19851300296185,,,,https://downloads.khinsider.com/game-soundtracks/album/super-smash-bros.-ultimate-expanded-vol.-03-donkey-kong-switch-gamerip-2018,2026-10-05,Track title is taken from KHInsider's soundtrack/gamerip album index. Popularity is an explicitly labelled proxy based on BeatHit game rank and track prominence.,"{""culture_category"":""video_game_music"",""video_game"":""Super Smash Bros. Ultimate"",""game_rank"":41,""game_association_kind"":""khinsider_game_soundtrack"",""khinsider_album_url"":""https://downloads.khinsider.com/game-soundtracks/album/super-smash-bros.-ultimate-expanded-vol.-03-donkey-kong-switch-gamerip-2018"",""khinsider_album_title"":""Super Smash Bros. Ultimate Vol. 03 - Donkey Kong (super-smash-bros.-ultimate-expanded-vol.-03-donkey-kong-switch-gamerip-2018)"",""khinsider_album_kind"":""official_or_gamerip"",""khinsider_album_match_score"":100.0,""relevance_score_100"":100.0,""popularity_score_100"":67.99628250740463,""score_100"":87.19851300296185,""popularity_basis"":""BeatHit master-list game rank plus track position proxy""}"
196,Saria's Theme,Unknown credited artist,[],Super Smash Bros. Ultimate Vol. 04 - The Legend of Zelda (super-smash-bros.-ultimate-expanded-vol.-04-the-legend-of-zelda-switch-gamerip-2018),,,"[""video game soundtrack""]","[""und""]",,,,Super Smash Bros. Ultimate,,,khinsider_track_prominence_proxy,67.99628250740463,score_0_100,,,,87.19851300296185,,,,https://downloads.khinsider.com/game-soundtracks/album/super-smash-bros.-ultimate-expanded-vol.-04-the-legend-of-zelda-switch-gamerip-2018,2026-10-05,Track title is taken from KHInsider's soundtrack/gamerip album index. Popularity is an explicitly labelled proxy based on BeatHit game rank and track prominence.,"{""culture_category"":""video_game_music"",""video_game"":""Super Smash Bros. Ultimate"",""game_rank"":41,""game_association_kind"":""khinsider_game_soundtrack"",""khinsider_album_url"":""https://downloads.khinsider.com/game-soundtracks/album/super-smash-bros.-ultimate-expanded-vol.-04-the-legend-of-zelda-switch-gamerip-2018"",""khinsider_album_title"":""Super Smash Bros. Ultimate Vol. 04 - The Legend of Zelda (super-smash-bros.-ultimate-expanded-vol.-04-the-legend-of-zelda-switch-gamerip-2018)"",""khinsider_album_kind"":""official_or_gamerip"",""khinsider_album_match_score"":100.0,""relevance_score_100"":100.0,""popularity_score_100"":67.99628250740463,""score_100"":87.19851300296185,""popularity_basis"":""BeatHit master-list game rank plus track position proxy""}"
197,Lockdown Battle Theme,Unknown credited artist,[],Super Smash Bros. Ultimate Vol. 05 - Metroid (super-smash-bros.-ultimate-expanded-vol.-05-metroid-switch-gamerip-2018),,,"[""video game soundtrack""]","[""und""]",,,,Super Smash Bros. Ultimate,,,khinsider_track_prominence_proxy,67.99628250740463,score_0_100,,,,87.19851300296185,,,,https://downloads.khinsider.com/game-soundtracks/album/super-smash-bros.-ultimate-expanded-vol.-05-metroid-switch-gamerip-2018,2026-10-05,Track title is taken from KHInsider's soundtrack/gamerip album index. Popularity is an explicitly labelled proxy based on BeatHit game rank and track prominence.,"{""culture_category"":""video_game_music"",""video_game"":""Super Smash Bros. Ultimate"",""game_rank"":41,""game_association_kind"":""khinsider_game_soundtrack"",""khinsider_album_url"":""https://downloads.khinsider.com/game-soundtracks/album/super-smash-bros.-ultimate-expanded-vol.-05-metroid-switch-gamerip-2018"",""khinsider_album_title"":""Super Smash Bros. Ultimate Vol. 05 - Metroid (super-smash-bros.-ultimate-expanded-vol.-05-metroid-switch-gamerip-2018)"",""khinsider_album_kind"":""official_or_gamerip"",""khinsider_album_match_score"":100.0,""relevance_score_100"":100.0,""popularity_score_100"":67.99628250740463,""score_100"":87.19851300296185,""popularity_basis"":""BeatHit master-list game rank plus track position proxy""}"
198,Obstacle Course (Spring - Summer),Unknown credited artist,[],Super Smash Bros. Ultimate Vol. 06 - Yoshi (super-smash-bros.-ultimate-expanded-vol.-06-yoshi-switch-gamerip-2018),,,"[""video game soundtrack""]","[""und""]",,,,Super Smash Bros. Ultimate,,,khinsider_track_prominence_proxy,67.99628250740463,score_0_100,,,,87.19851300296185,,,,https://downloads.khinsider.com/game-soundtracks/album/super-smash-bros.-ultimate-expanded-vol.-06-yoshi-switch-gamerip-2018,2026-10-05,Track title is taken from KHInsider's soundtrack/gamerip album index. Popularity is an explicitly labelled proxy based on BeatHit game rank and track prominence.,"{""culture_category"":""video_game_music"",""video_game"":""Super Smash Bros. Ultimate"",""game_rank"":41,""game_association_kind"":""khinsider_game_soundtrack"",""khinsider_album_url"":""https://downloads.khinsider.com/game-soundtracks/album/super-smash-bros.-ultimate-expanded-vol.-06-yoshi-switch-gamerip-2018"",""khinsider_album_title"":""Super Smash Bros. Ultimate Vol. 06 - Yoshi (super-smash-bros.-ultimate-expanded-vol.-06-yoshi-switch-gamerip-2018)"",""khinsider_album_kind"":""official_or_gamerip"",""khinsider_album_match_score"":100.0,""relevance_score_100"":100.0,""popularity_score_100"":67.99628250740463,""score_100"":87.19851300296185,""popularity_basis"":""BeatHit master-list game rank plus track position proxy""}"
199,Forest Stage,Unknown credited artist,[],Super Smash Bros. Ultimate Vol. 07 - Kirby (super-smash-bros.-ultimate-expanded-vol.-07-kirby-switch-gamerip-2018),,,"[""video game soundtrack""]","[""und""]",,,,Super Smash Bros. Ultimate,,,khinsider_track_prominence_proxy,67.99628250740463,score_0_100,,,,87.19851300296185,,,,https://downloads.khinsider.com/game-soundtracks/album/super-smash-bros.-ultimate-expanded-vol.-07-kirby-switch-gamerip-2018,2026-10-05,Track title is taken from KHInsider's soundtrack/gamerip album index. Popularity is an explicitly labelled proxy based on BeatHit game rank and track prominence.,"{""culture_category"":""video_game_music"",""video_game"":""Super Smash Bros. Ultimate"",""game_rank"":41,""game_association_kind"":""khinsider_game_soundtrack"",""khinsider_album_url"":""https://downloads.khinsider.com/game-soundtracks/album/super-smash-bros.-ultimate-expanded-vol.-07-kirby-switch-gamerip-2018"",""khinsider_album_title"":""Super Smash Bros. Ultimate Vol. 07 - Kirby (super-smash-bros.-ultimate-expanded-vol.-07-kirby-switch-gamerip-2018)"",""khinsider_album_kind"":""official_or_gamerip"",""khinsider_album_match_score"":100.0,""relevance_score_100"":100.0,""popularity_score_100"":67.99628250740463,""score_100"":87.19851300296185,""popularity_basis"":""BeatHit master-list game rank plus track position proxy""}"
200,Star Fox Victory Theme (64),Unknown credited artist,[],Super Smash Bros. Ultimate Vol. 08 - Star Fox (super-smash-bros.-ultimate-expanded-vol.-08-star-fox-switch-gamerip-2018),,,"[""video game soundtrack""]","[""und""]",,,,Super Smash Bros. Ultimate,,,khinsider_track_prominence_proxy,67.99628250740463,score_0_100,,,,87.19851300296185,,,,https://downloads.khinsider.com/game-soundtracks/album/super-smash-bros.-ultimate-expanded-vol.-08-star-fox-switch-gamerip-2018,2026-10-05,Track title is taken from KHInsider's soundtrack/gamerip album index. Popularity is an explicitly labelled proxy based on BeatHit game rank and track prominence.,"{""culture_category"":""video_game_music"",""video_game"":""Super Smash Bros. Ultimate"",""game_rank"":41,""game_association_kind"":""khinsider_game_soundtrack"",""khinsider_album_url"":""https://downloads.khinsider.com/game-soundtracks/album/super-smash-bros.-ultimate-expanded-vol.-08-star-fox-switch-gamerip-2018"",""khinsider_album_title"":""Super Smash Bros. Ultimate Vol. 08 - Star Fox (super-smash-bros.-ultimate-expanded-vol.-08-star-fox-switch-gamerip-2018)"",""khinsider_album_kind"":""official_or_gamerip"",""khinsider_album_match_score"":100.0,""relevance_score_100"":100.0,""popularity_score_100"":67.99628250740463,""score_100"":87.19851300296185,""popularity_basis"":""BeatHit master-list game rank plus track position proxy""}"
201,Route 23 - Pokémon Black 2  -  Pokémon White 2,Unknown credited artist,[],Super Smash Bros. Ultimate Vol. 09 - Pokémon (super-smash-bros.-ultimate-expanded-vol.-09-pok-mon-switch-gamerip-2018),,,"[""video game soundtrack""]","[""und""]",,,,Super Smash Bros. Ultimate,,,khinsider_track_prominence_proxy,67.99628250740463,score_0_100,,,,87.19851300296185,,,,https://downloads.khinsider.com/game-soundtracks/album/super-smash-bros.-ultimate-expanded-vol.-09-pok-mon-switch-gamerip-2018,2026-10-05,Track title is taken from KHInsider's soundtrack/gamerip album index. Popularity is an explicitly labelled proxy based on BeatHit game rank and track prominence.,"{""culture_category"":""video_game_music"",""video_game"":""Super Smash Bros. Ultimate"",""game_rank"":41,""game_association_kind"":""khinsider_game_soundtrack"",""khinsider_album_url"":""https://downloads.khinsider.com/game-soundtracks/album/super-smash-bros.-ultimate-expanded-vol.-09-pok-mon-switch-gamerip-2018"",""khinsider_album_title"":""Super Smash Bros. Ultimate Vol. 09 - Pokémon (super-smash-bros.-ultimate-expanded-vol.-09-pok-mon-switch-gamerip-2018)"",""khinsider_album_kind"":""official_or_gamerip"",""khinsider_album_match_score"":100.0,""relevance_score_100"":100.0,""popularity_score_100"":67.99628250740463,""score_100"":87.19851300296185,""popularity_basis"":""BeatHit master-list game rank plus track position proxy""}"
202,Fire Field [Original],Unknown credited artist,[],Super Smash Bros. Ultimate Vol. 10 - F-Zero (super-smash-bros.-ultimate-expanded-vol.-10-f-zero-switch-gamerip-2018),,,"[""video game soundtrack""]","[""und""]",,,,Super Smash Bros. Ultimate,,,khinsider_track_prominence_proxy,67.99628250740463,score_0_100,,,,87.19851300296185,,,,https://downloads.khinsider.com/game-soundtracks/album/super-smash-bros.-ultimate-expanded-vol.-10-f-zero-switch-gamerip-2018,2026-10-05,Track title is taken from KHInsider's soundtrack/gamerip album index. Popularity is an explicitly labelled proxy based on BeatHit game rank and track prominence.,"{""culture_category"":""video_game_music"",""video_game"":""Super Smash Bros. Ultimate"",""game_rank"":41,""game_association_kind"":""khinsider_game_soundtrack"",""khinsider_album_url"":""https://downloads.khinsider.com/game-soundtracks/album/super-smash-bros.-ultimate-expanded-vol.-10-f-zero-switch-gamerip-2018"",""khinsider_album_title"":""Super Smash Bros. Ultimate Vol. 10 - F-Zero (super-smash-bros.-ultimate-expanded-vol.-10-f-zero-switch-gamerip-2018)"",""khinsider_album_kind"":""official_or_gamerip"",""khinsider_album_match_score"":100.0,""relevance_score_100"":100.0,""popularity_score_100"":67.99628250740463,""score_100"":87.19851300296185,""popularity_basis"":""BeatHit master-list game rank plus track position proxy""}"
203,Pollyanna (I Believe in You) [Original],Unknown credited artist,[],Super Smash Bros. Ultimate Vol. 11 - Mother (super-smash-bros.-ultimate-expanded-vol.-11-mother-switch-gamerip-2018),,,"[""video game soundtrack""]","[""und""]",,,,Super Smash Bros. Ultimate,,,khinsider_track_prominence_proxy,67.99628250740463,score_0_100,,,,87.19851300296185,,,,https://downloads.khinsider.com/game-soundtracks/album/super-smash-bros.-ultimate-expanded-vol.-11-mother-switch-gamerip-2018,2026-10-05,Track title is taken from KHInsider's soundtrack/gamerip album index. Popularity is an explicitly labelled proxy based on BeatHit game rank and track prominence.,"{""culture_category"":""video_game_music"",""video_game"":""Super Smash Bros. Ultimate"",""game_rank"":41,""game_association_kind"":""khinsider_game_soundtrack"",""khinsider_album_url"":""https://downloads.khinsider.com/game-soundtracks/album/super-smash-bros.-ultimate-expanded-vol.-11-mother-switch-gamerip-2018"",""khinsider_album_title"":""Super Smash Bros. Ultimate Vol. 11 - Mother (super-smash-bros.-ultimate-expanded-vol.-11-mother-switch-gamerip-2018)"",""khinsider_album_kind"":""official_or_gamerip"",""khinsider_album_match_score"":100.0,""relevance_score_100"":100.0,""popularity_score_100"":67.99628250740463,""score_100"":87.19851300296185,""popularity_basis"":""BeatHit master-list game rank plus track position proxy""}"
204,Lifelight (JP),Unknown credited artist,[],Super Smash Bros. Ultimate Enhanced Original Soundtrack (super-smash-bros.-ultimate-enhanced-original-soundtrack),,,"[""video game soundtrack""]","[""und""]",,,,Super Smash Bros. Ultimate,,,khinsider_track_prominence_proxy,67.78628250740462,score_0_100,,,,87.11451300296184,,,,https://downloads.khinsider.com/game-soundtracks/album/super-smash-bros.-ultimate-enhanced-original-soundtrack,2026-10-05,Track title is taken from KHInsider's soundtrack/gamerip album index. Popularity is an explicitly labelled proxy based on BeatHit game rank and track prominence.,"{""culture_category"":""video_game_music"",""video_game"":""Super Smash Bros. Ultimate"",""game_rank"":41,""game_association_kind"":""khinsider_game_soundtrack"",""khinsider_album_url"":""https://downloads.khinsider.com/game-soundtracks/album/super-smash-bros.-ultimate-enhanced-original-soundtrack"",""khinsider_album_title"":""Super Smash Bros. Ultimate Enhanced Original Soundtrack (super-smash-bros.-ultimate-enhanced-original-soundtrack)"",""khinsider_album_kind"":""official_or_gamerip"",""khinsider_album_match_score"":100.0,""relevance_score_100"":100.0,""popularity_score_100"":67.78628250740462,""score_100"":87.11451300296184,""popularity_basis"":""BeatHit master-list game rank plus track position proxy""}"
205,King K. Rool  -  Ship Deck 2,Unknown credited artist,[],Super Smash Bros. Ultimate Vol. 03 - Donkey Kong (super-smash-bros.-ultimate-expanded-vol.-03-donkey-kong-switch-gamerip-2018),,,"[""video game soundtrack""]","[""und""]",,,,Super Smash Bros. Ultimate,,,khinsider_track_prominence_proxy,67.78628250740462,score_0_100,,,,87.11451300296184,,,,https://downloads.khinsider.com/game-soundtracks/album/super-smash-bros.-ultimate-expanded-vol.-03-donkey-kong-switch-gamerip-2018,2026-10-05,Track title is taken from KHInsider's soundtrack/gamerip album index. Popularity is an explicitly labelled proxy based on BeatHit game rank and track prominence.,"{""culture_category"":""video_game_music"",""video_game"":""Super Smash Bros. Ultimate"",""game_rank"":41,""game_association_kind"":""khinsider_game_soundtrack"",""khinsider_album_url"":""https://downloads.khinsider.com/game-soundtracks/album/super-smash-bros.-ultimate-expanded-vol.-03-donkey-kong-switch-gamerip-2018"",""khinsider_album_title"":""Super Smash Bros. Ultimate Vol. 03 - Donkey Kong (super-smash-bros.-ultimate-expanded-vol.-03-donkey-kong-switch-gamerip-2018)"",""khinsider_album_kind"":""official_or_gamerip"",""khinsider_album_match_score"":100.0,""relevance_score_100"":100.0,""popularity_score_100"":67.78628250740462,""score_100"":87.11451300296184,""popularity_basis"":""BeatHit master-list game rank plus track position proxy""}"
206,Saria's Song  -  Middle Boss Battle,Unknown credited artist,[],Super Smash Bros. Ultimate Vol. 04 - The Legend of Zelda (super-smash-bros.-ultimate-expanded-vol.-04-the-legend-of-zelda-switch-gamerip-2018),,,"[""video game soundtrack""]","[""und""]",,,,Super Smash Bros. Ultimate,,,khinsider_track_prominence_proxy,67.78628250740462,score_0_100,,,,87.11451300296184,,,,https://downloads.khinsider.com/game-soundtracks/album/super-smash-bros.-ultimate-expanded-vol.-04-the-legend-of-zelda-switch-gamerip-2018,2026-10-05,Track title is taken from KHInsider's soundtrack/gamerip album index. Popularity is an explicitly labelled proxy based on BeatHit game rank and track prominence.,"{""culture_category"":""video_game_music"",""video_game"":""Super Smash Bros. Ultimate"",""game_rank"":41,""game_association_kind"":""khinsider_game_soundtrack"",""khinsider_album_url"":""https://downloads.khinsider.com/game-soundtracks/album/super-smash-bros.-ultimate-expanded-vol.-04-the-legend-of-zelda-switch-gamerip-2018"",""khinsider_album_title"":""Super Smash Bros. Ultimate Vol. 04 - The Legend of Zelda (super-smash-bros.-ultimate-expanded-vol.-04-the-legend-of-zelda-switch-gamerip-2018)"",""khinsider_album_kind"":""official_or_gamerip"",""khinsider_album_match_score"":100.0,""relevance_score_100"":100.0,""popularity_score_100"":67.78628250740462,""score_100"":87.11451300296184,""popularity_basis"":""BeatHit master-list game rank plus track position proxy""}"
207,The Burning Lava Fish,Unknown credited artist,[],Super Smash Bros. Ultimate Vol. 05 - Metroid (super-smash-bros.-ultimate-expanded-vol.-05-metroid-switch-gamerip-2018),,,"[""video game soundtrack""]","[""und""]",,,,Super Smash Bros. Ultimate,,,khinsider_track_prominence_proxy,67.78628250740462,score_0_100,,,,87.11451300296184,,,,https://downloads.khinsider.com/game-soundtracks/album/super-smash-bros.-ultimate-expanded-vol.-05-metroid-switch-gamerip-2018,2026-10-05,Track title is taken from KHInsider's soundtrack/gamerip album index. Popularity is an explicitly labelled proxy based on BeatHit game rank and track prominence.,"{""culture_category"":""video_game_music"",""video_game"":""Super Smash Bros. Ultimate"",""game_rank"":41,""game_association_kind"":""khinsider_game_soundtrack"",""khinsider_album_url"":""https://downloads.khinsider.com/game-soundtracks/album/super-smash-bros.-ultimate-expanded-vol.-05-metroid-switch-gamerip-2018"",""khinsider_album_title"":""Super Smash Bros. Ultimate Vol. 05 - Metroid (super-smash-bros.-ultimate-expanded-vol.-05-metroid-switch-gamerip-2018)"",""khinsider_album_kind"":""official_or_gamerip"",""khinsider_album_match_score"":100.0,""relevance_score_100"":100.0,""popularity_score_100"":67.78628250740462,""score_100"":87.11451300296184,""popularity_basis"":""BeatHit master-list game rank plus track position proxy""}"
208,Obstacle Course (Fall - Winter),Unknown credited artist,[],Super Smash Bros. Ultimate Vol. 06 - Yoshi (super-smash-bros.-ultimate-expanded-vol.-06-yoshi-switch-gamerip-2018),,,"[""video game soundtrack""]","[""und""]",,,,Super Smash Bros. Ultimate,,,khinsider_track_prominence_proxy,67.78628250740462,score_0_100,,,,87.11451300296184,,,,https://downloads.khinsider.com/game-soundtracks/album/super-smash-bros.-ultimate-expanded-vol.-06-yoshi-switch-gamerip-2018,2026-10-05,Track title is taken from KHInsider's soundtrack/gamerip album index. Popularity is an explicitly labelled proxy based on BeatHit game rank and track prominence.,"{""culture_category"":""video_game_music"",""video_game"":""Super Smash Bros. Ultimate"",""game_rank"":41,""game_association_kind"":""khinsider_game_soundtrack"",""khinsider_album_url"":""https://downloads.khinsider.com/game-soundtracks/album/super-smash-bros.-ultimate-expanded-vol.-06-yoshi-switch-gamerip-2018"",""khinsider_album_title"":""Super Smash Bros. Ultimate Vol. 06 - Yoshi (super-smash-bros.-ultimate-expanded-vol.-06-yoshi-switch-gamerip-2018)"",""khinsider_album_kind"":""official_or_gamerip"",""khinsider_album_match_score"":100.0,""relevance_score_100"":100.0,""popularity_score_100"":67.78628250740462,""score_100"":87.11451300296184,""popularity_basis"":""BeatHit master-list game rank plus track position proxy""}"
209,Celestial Valley,Unknown credited artist,[],Super Smash Bros. Ultimate Vol. 07 - Kirby (super-smash-bros.-ultimate-expanded-vol.-07-kirby-switch-gamerip-2018),,,"[""video game soundtrack""]","[""und""]",,,,Super Smash Bros. Ultimate,,,khinsider_track_prominence_proxy,67.78628250740462,score_0_100,,,,87.11451300296184,,,,https://downloads.khinsider.com/game-soundtracks/album/super-smash-bros.-ultimate-expanded-vol.-07-kirby-switch-gamerip-2018,2026-10-05,Track title is taken from KHInsider's soundtrack/gamerip album index. Popularity is an explicitly labelled proxy based on BeatHit game rank and track prominence.,"{""culture_category"":""video_game_music"",""video_game"":""Super Smash Bros. Ultimate"",""game_rank"":41,""game_association_kind"":""khinsider_game_soundtrack"",""khinsider_album_url"":""https://downloads.khinsider.com/game-soundtracks/album/super-smash-bros.-ultimate-expanded-vol.-07-kirby-switch-gamerip-2018"",""khinsider_album_title"":""Super Smash Bros. Ultimate Vol. 07 - Kirby (super-smash-bros.-ultimate-expanded-vol.-07-kirby-switch-gamerip-2018)"",""khinsider_album_kind"":""official_or_gamerip"",""khinsider_album_match_score"":100.0,""relevance_score_100"":100.0,""popularity_score_100"":67.78628250740462,""score_100"":87.11451300296184,""popularity_basis"":""BeatHit master-list game rank plus track position proxy""}"
210,Star Fox Victory Theme (Melee),Unknown credited artist,[],Super Smash Bros. Ultimate Vol. 08 - Star Fox (super-smash-bros.-ultimate-expanded-vol.-08-star-fox-switch-gamerip-2018),,,"[""video game soundtrack""]","[""und""]",,,,Super Smash Bros. Ultimate,,,khinsider_track_prominence_proxy,67.78628250740462,score_0_100,,,,87.11451300296184,,,,https://downloads.khinsider.com/game-soundtracks/album/super-smash-bros.-ultimate-expanded-vol.-08-star-fox-switch-gamerip-2018,2026-10-05,Track title is taken from KHInsider's soundtrack/gamerip album index. Popularity is an explicitly labelled proxy based on BeatHit game rank and track prominence.,"{""culture_category"":""video_game_music"",""video_game"":""Super Smash Bros. Ultimate"",""game_rank"":41,""game_association_kind"":""khinsider_game_soundtrack"",""khinsider_album_url"":""https://downloads.khinsider.com/game-soundtracks/album/super-smash-bros.-ultimate-expanded-vol.-08-star-fox-switch-gamerip-2018"",""khinsider_album_title"":""Super Smash Bros. Ultimate Vol. 08 - Star Fox (super-smash-bros.-ultimate-expanded-vol.-08-star-fox-switch-gamerip-2018)"",""khinsider_album_kind"":""official_or_gamerip"",""khinsider_album_match_score"":100.0,""relevance_score_100"":100.0,""popularity_score_100"":67.78628250740462,""score_100"":87.11451300296184,""popularity_basis"":""BeatHit master-list game rank plus track position proxy""}"
211,Battle! (Wild Pokémon) - Pokémon X  -  Pokémon Y,Unknown credited artist,[],Super Smash Bros. Ultimate Vol. 09 - Pokémon (super-smash-bros.-ultimate-expanded-vol.-09-pok-mon-switch-gamerip-2018),,,"[""video game soundtrack""]","[""und""]",,,,Super Smash Bros. Ultimate,,,khinsider_track_prominence_proxy,67.78628250740462,score_0_100,,,,87.11451300296184,,,,https://downloads.khinsider.com/game-soundtracks/album/super-smash-bros.-ultimate-expanded-vol.-09-pok-mon-switch-gamerip-2018,2026-10-05,Track title is taken from KHInsider's soundtrack/gamerip album index. Popularity is an explicitly labelled proxy based on BeatHit game rank and track prominence.,"{""culture_category"":""video_game_music"",""video_game"":""Super Smash Bros. Ultimate"",""game_rank"":41,""game_association_kind"":""khinsider_game_soundtrack"",""khinsider_album_url"":""https://downloads.khinsider.com/game-soundtracks/album/super-smash-bros.-ultimate-expanded-vol.-09-pok-mon-switch-gamerip-2018"",""khinsider_album_title"":""Super Smash Bros. Ultimate Vol. 09 - Pokémon (super-smash-bros.-ultimate-expanded-vol.-09-pok-mon-switch-gamerip-2018)"",""khinsider_album_kind"":""official_or_gamerip"",""khinsider_album_match_score"":100.0,""relevance_score_100"":100.0,""popularity_score_100"":67.78628250740462,""score_100"":87.11451300296184,""popularity_basis"":""BeatHit master-list game rank plus track position proxy""}"
212,Car Select,Unknown credited artist,[],Super Smash Bros. Ultimate Vol. 10 - F-Zero (super-smash-bros.-ultimate-expanded-vol.-10-f-zero-switch-gamerip-2018),,,"[""video game soundtrack""]","[""und""]",,,,Super Smash Bros. Ultimate,,,khinsider_track_prominence_proxy,67.78628250740462,score_0_100,,,,87.11451300296184,,,,https://downloads.khinsider.com/game-soundtracks/album/super-smash-bros.-ultimate-expanded-vol.-10-f-zero-switch-gamerip-2018,2026-10-05,Track title is taken from KHInsider's soundtrack/gamerip album index. Popularity is an explicitly labelled proxy based on BeatHit game rank and track prominence.,"{""culture_category"":""video_game_music"",""video_game"":""Super Smash Bros. Ultimate"",""game_rank"":41,""game_association_kind"":""khinsider_game_soundtrack"",""khinsider_album_url"":""https://downloads.khinsider.com/game-soundtracks/album/super-smash-bros.-ultimate-expanded-vol.-10-f-zero-switch-gamerip-2018"",""khinsider_album_title"":""Super Smash Bros. Ultimate Vol. 10 - F-Zero (super-smash-bros.-ultimate-expanded-vol.-10-f-zero-switch-gamerip-2018)"",""khinsider_album_kind"":""official_or_gamerip"",""khinsider_album_match_score"":100.0,""relevance_score_100"":100.0,""popularity_score_100"":67.78628250740462,""score_100"":87.11451300296184,""popularity_basis"":""BeatHit master-list game rank plus track position proxy""}"
213,Humoresque of a Little Dog [Original],Unknown credited artist,[],Super Smash Bros. Ultimate Vol. 11 - Mother (super-smash-bros.-ultimate-expanded-vol.-11-mother-switch-gamerip-2018),,,"[""video game soundtrack""]","[""und""]",,,,Super Smash Bros. Ultimate,,,khinsider_track_prominence_proxy,67.78628250740462,score_0_100,,,,87.11451300296184,,,,https://downloads.khinsider.com/game-soundtracks/album/super-smash-bros.-ultimate-expanded-vol.-11-mother-switch-gamerip-2018,2026-10-05,Track title is taken from KHInsider's soundtrack/gamerip album index. Popularity is an explicitly labelled proxy based on BeatHit game rank and track prominence.,"{""culture_category"":""video_game_music"",""video_game"":""Super Smash Bros. Ultimate"",""game_rank"":41,""game_association_kind"":""khinsider_game_soundtrack"",""khinsider_album_url"":""https://downloads.khinsider.com/game-soundtracks/album/super-smash-bros.-ultimate-expanded-vol.-11-mother-switch-gamerip-2018"",""khinsider_album_title"":""Super Smash Bros. Ultimate Vol. 11 - Mother (super-smash-bros.-ultimate-expanded-vol.-11-mother-switch-gamerip-2018)"",""khinsider_album_kind"":""official_or_gamerip"",""khinsider_album_match_score"":100.0,""relevance_score_100"":100.0,""popularity_score_100"":67.78628250740462,""score_100"":87.11451300296184,""popularity_basis"":""BeatHit master-list game rank plus track position proxy""}"
214,Death Mountain [The Legend of Zelda],Unknown credited artist,[],Super Smash Bros. Ultimate Enhanced Original Soundtrack (super-smash-bros.-ultimate-enhanced-original-soundtrack),,,"[""video game soundtrack""]","[""und""]",,,,Super Smash Bros. Ultimate,,,khinsider_track_prominence_proxy,67.57628250740463,score_0_100,,,,87.03051300296185,,,,https://downloads.khinsider.com/game-soundtracks/album/super-smash-bros.-ultimate-enhanced-original-soundtrack,2026-10-05,Track title is taken from KHInsider's soundtrack/gamerip album index. Popularity is an explicitly labelled proxy based on BeatHit game rank and track prominence.,"{""culture_category"":""video_game_music"",""video_game"":""Super Smash Bros. Ultimate"",""game_rank"":41,""game_association_kind"":""khinsider_game_soundtrack"",""khinsider_album_url"":""https://downloads.khinsider.com/game-soundtracks/album/super-smash-bros.-ultimate-enhanced-original-soundtrack"",""khinsider_album_title"":""Super Smash Bros. Ultimate Enhanced Original Soundtrack (super-smash-bros.-ultimate-enhanced-original-soundtrack)"",""khinsider_album_kind"":""official_or_gamerip"",""khinsider_album_match_score"":100.0,""relevance_score_100"":100.0,""popularity_score_100"":67.57628250740463,""score_100"":87.03051300296185,""popularity_basis"":""BeatHit master-list game rank plus track position proxy""}"
215,Underground Theme - Super Mario Land,Unknown credited artist,[],Super Smash Bros. Ultimate Vol. 02 - Super Mario (super-smash-bros.-ultimate-expanded-vol.-02-super-mario-switch-gamerip-2018),,,"[""video game soundtrack""]","[""und""]",,,,Super Smash Bros. Ultimate,,,khinsider_track_prominence_proxy,67.57628250740463,score_0_100,,,,87.03051300296185,,,,https://downloads.khinsider.com/game-soundtracks/album/super-smash-bros.-ultimate-expanded-vol.-02-super-mario-switch-gamerip-2018,2026-10-05,Track title is taken from KHInsider's soundtrack/gamerip album index. Popularity is an explicitly labelled proxy based on BeatHit game rank and track prominence.,"{""culture_category"":""video_game_music"",""video_game"":""Super Smash Bros. Ultimate"",""game_rank"":41,""game_association_kind"":""khinsider_game_soundtrack"",""khinsider_album_url"":""https://downloads.khinsider.com/game-soundtracks/album/super-smash-bros.-ultimate-expanded-vol.-02-super-mario-switch-gamerip-2018"",""khinsider_album_title"":""Super Smash Bros. Ultimate Vol. 02 - Super Mario (super-smash-bros.-ultimate-expanded-vol.-02-super-mario-switch-gamerip-2018)"",""khinsider_album_kind"":""official_or_gamerip"",""khinsider_album_match_score"":100.0,""relevance_score_100"":100.0,""popularity_score_100"":67.57628250740463,""score_100"":87.03051300296185,""popularity_basis"":""BeatHit master-list game rank plus track position proxy""}"
216,Stickerbush Symphony,Unknown credited artist,[],Super Smash Bros. Ultimate Vol. 03 - Donkey Kong (super-smash-bros.-ultimate-expanded-vol.-03-donkey-kong-switch-gamerip-2018),,,"[""video game soundtrack""]","[""und""]",,,,Super Smash Bros. Ultimate,,,khinsider_track_prominence_proxy,67.57628250740463,score_0_100,,,,87.03051300296185,,,,https://downloads.khinsider.com/game-soundtracks/album/super-smash-bros.-ultimate-expanded-vol.-03-donkey-kong-switch-gamerip-2018,2026-10-05,Track title is taken from KHInsider's soundtrack/gamerip album index. Popularity is an explicitly labelled proxy based on BeatHit game rank and track prominence.,"{""culture_category"":""video_game_music"",""video_game"":""Super Smash Bros. Ultimate"",""game_rank"":41,""game_association_kind"":""khinsider_game_soundtrack"",""khinsider_album_url"":""https://downloads.khinsider.com/game-soundtracks/album/super-smash-bros.-ultimate-expanded-vol.-03-donkey-kong-switch-gamerip-2018"",""khinsider_album_title"":""Super Smash Bros. Ultimate Vol. 03 - Donkey Kong (super-smash-bros.-ultimate-expanded-vol.-03-donkey-kong-switch-gamerip-2018)"",""khinsider_album_kind"":""official_or_gamerip"",""khinsider_album_match_score"":100.0,""relevance_score_100"":100.0,""popularity_score_100"":67.57628250740463,""score_100"":87.03051300296185,""popularity_basis"":""BeatHit master-list game rank plus track position proxy""}"
217,Song of Storms,Unknown credited artist,[],Super Smash Bros. Ultimate Vol. 04 - The Legend of Zelda (super-smash-bros.-ultimate-expanded-vol.-04-the-legend-of-zelda-switch-gamerip-2018),,,"[""video game soundtrack""]","[""und""]",,,,Super Smash Bros. Ultimate,,,khinsider_track_prominence_proxy,67.57628250740463,score_0_100,,,,87.03051300296185,,,,https://downloads.khinsider.com/game-soundtracks/album/super-smash-bros.-ultimate-expanded-vol.-04-the-legend-of-zelda-switch-gamerip-2018,2026-10-05,Track title is taken from KHInsider's soundtrack/gamerip album index. Popularity is an explicitly labelled proxy based on BeatHit game rank and track prominence.,"{""culture_category"":""video_game_music"",""video_game"":""Super Smash Bros. Ultimate"",""game_rank"":41,""game_association_kind"":""khinsider_game_soundtrack"",""khinsider_album_url"":""https://downloads.khinsider.com/game-soundtracks/album/super-smash-bros.-ultimate-expanded-vol.-04-the-legend-of-zelda-switch-gamerip-2018"",""khinsider_album_title"":""Super Smash Bros. Ultimate Vol. 04 - The Legend of Zelda (super-smash-bros.-ultimate-expanded-vol.-04-the-legend-of-zelda-switch-gamerip-2018)"",""khinsider_album_kind"":""official_or_gamerip"",""khinsider_album_match_score"":100.0,""relevance_score_100"":100.0,""popularity_score_100"":67.57628250740463,""score_100"":87.03051300296185,""popularity_basis"":""BeatHit master-list game rank plus track position proxy""}"
218,Nemesis Ridley,Unknown credited artist,[],Super Smash Bros. Ultimate Vol. 05 - Metroid (super-smash-bros.-ultimate-expanded-vol.-05-metroid-switch-gamerip-2018),,,"[""video game soundtrack""]","[""und""]",,,,Super Smash Bros. Ultimate,,,khinsider_track_prominence_proxy,67.57628250740463,score_0_100,,,,87.03051300296185,,,,https://downloads.khinsider.com/game-soundtracks/album/super-smash-bros.-ultimate-expanded-vol.-05-metroid-switch-gamerip-2018,2026-10-05,Track title is taken from KHInsider's soundtrack/gamerip album index. Popularity is an explicitly labelled proxy based on BeatHit game rank and track prominence.,"{""culture_category"":""video_game_music"",""video_game"":""Super Smash Bros. Ultimate"",""game_rank"":41,""game_association_kind"":""khinsider_game_soundtrack"",""khinsider_album_url"":""https://downloads.khinsider.com/game-soundtracks/album/super-smash-bros.-ultimate-expanded-vol.-05-metroid-switch-gamerip-2018"",""khinsider_album_title"":""Super Smash Bros. Ultimate Vol. 05 - Metroid (super-smash-bros.-ultimate-expanded-vol.-05-metroid-switch-gamerip-2018)"",""khinsider_album_kind"":""official_or_gamerip"",""khinsider_album_match_score"":100.0,""relevance_score_100"":100.0,""popularity_score_100"":67.57628250740463,""score_100"":87.03051300296185,""popularity_basis"":""BeatHit master-list game rank plus track position proxy""}"
219,Yoshi's Story (64) [CLUB MIX],Unknown credited artist,[],Super Smash Bros. Ultimate Vol. 06 - Yoshi (super-smash-bros.-ultimate-expanded-vol.-06-yoshi-switch-gamerip-2018),,,"[""video game soundtrack""]","[""und""]",,,,Super Smash Bros. Ultimate,,,khinsider_track_prominence_proxy,67.57628250740463,score_0_100,,,,87.03051300296185,,,,https://downloads.khinsider.com/game-soundtracks/album/super-smash-bros.-ultimate-expanded-vol.-06-yoshi-switch-gamerip-2018,2026-10-05,Track title is taken from KHInsider's soundtrack/gamerip album index. Popularity is an explicitly labelled proxy based on BeatHit game rank and track prominence.,"{""culture_category"":""video_game_music"",""video_game"":""Super Smash Bros. Ultimate"",""game_rank"":41,""game_association_kind"":""khinsider_game_soundtrack"",""khinsider_album_url"":""https://downloads.khinsider.com/game-soundtracks/album/super-smash-bros.-ultimate-expanded-vol.-06-yoshi-switch-gamerip-2018"",""khinsider_album_title"":""Super Smash Bros. Ultimate Vol. 06 - Yoshi (super-smash-bros.-ultimate-expanded-vol.-06-yoshi-switch-gamerip-2018)"",""khinsider_album_kind"":""official_or_gamerip"",""khinsider_album_match_score"":100.0,""relevance_score_100"":100.0,""popularity_score_100"":67.57628250740463,""score_100"":87.03051300296185,""popularity_basis"":""BeatHit master-list game rank plus track position proxy""}"
220,Frozen Hillside,Unknown credited artist,[],Super Smash Bros. Ultimate Vol. 07 - Kirby (super-smash-bros.-ultimate-expanded-vol.-07-kirby-switch-gamerip-2018),,,"[""video game soundtrack""]","[""und""]",,,,Super Smash Bros. Ultimate,,,khinsider_track_prominence_proxy,67.57628250740463,score_0_100,,,,87.03051300296185,,,,https://downloads.khinsider.com/game-soundtracks/album/super-smash-bros.-ultimate-expanded-vol.-07-kirby-switch-gamerip-2018,2026-10-05,Track title is taken from KHInsider's soundtrack/gamerip album index. Popularity is an explicitly labelled proxy based on BeatHit game rank and track prominence.,"{""culture_category"":""video_game_music"",""video_game"":""Super Smash Bros. Ultimate"",""game_rank"":41,""game_association_kind"":""khinsider_game_soundtrack"",""khinsider_album_url"":""https://downloads.khinsider.com/game-soundtracks/album/super-smash-bros.-ultimate-expanded-vol.-07-kirby-switch-gamerip-2018"",""khinsider_album_title"":""Super Smash Bros. Ultimate Vol. 07 - Kirby (super-smash-bros.-ultimate-expanded-vol.-07-kirby-switch-gamerip-2018)"",""khinsider_album_kind"":""official_or_gamerip"",""khinsider_album_match_score"":100.0,""relevance_score_100"":100.0,""popularity_score_100"":67.57628250740463,""score_100"":87.03051300296185,""popularity_basis"":""BeatHit master-list game rank plus track position proxy""}"
221,Star Fox Victory Theme (Brawl),Unknown credited artist,[],Super Smash Bros. Ultimate Vol. 08 - Star Fox (super-smash-bros.-ultimate-expanded-vol.-08-star-fox-switch-gamerip-2018),,,"[""video game soundtrack""]","[""und""]",,,,Super Smash Bros. Ultimate,,,khinsider_track_prominence_proxy,67.57628250740463,score_0_100,,,,87.03051300296185,,,,https://downloads.khinsider.com/game-soundtracks/album/super-smash-bros.-ultimate-expanded-vol.-08-star-fox-switch-gamerip-2018,2026-10-05,Track title is taken from KHInsider's soundtrack/gamerip album index. Popularity is an explicitly labelled proxy based on BeatHit game rank and track prominence.,"{""culture_category"":""video_game_music"",""video_game"":""Super Smash Bros. Ultimate"",""game_rank"":41,""game_association_kind"":""khinsider_game_soundtrack"",""khinsider_album_url"":""https://downloads.khinsider.com/game-soundtracks/album/super-smash-bros.-ultimate-expanded-vol.-08-star-fox-switch-gamerip-2018"",""khinsider_album_title"":""Super Smash Bros. Ultimate Vol. 08 - Star Fox (super-smash-bros.-ultimate-expanded-vol.-08-star-fox-switch-gamerip-2018)"",""khinsider_album_kind"":""official_or_gamerip"",""khinsider_album_match_score"":100.0,""relevance_score_100"":100.0,""popularity_score_100"":67.57628250740463,""score_100"":87.03051300296185,""popularity_basis"":""BeatHit master-list game rank plus track position proxy""}"
222,Battle! (Trainer Battle) - Pokémon X  -  Pokémon Y,Unknown credited artist,[],Super Smash Bros. Ultimate Vol. 09 - Pokémon (super-smash-bros.-ultimate-expanded-vol.-09-pok-mon-switch-gamerip-2018),,,"[""video game soundtrack""]","[""und""]",,,,Super Smash Bros. Ultimate,,,khinsider_track_prominence_proxy,67.57628250740463,score_0_100,,,,87.03051300296185,,,,https://downloads.khinsider.com/game-soundtracks/album/super-smash-bros.-ultimate-expanded-vol.-09-pok-mon-switch-gamerip-2018,2026-10-05,Track title is taken from KHInsider's soundtrack/gamerip album index. Popularity is an explicitly labelled proxy based on BeatHit game rank and track prominence.,"{""culture_category"":""video_game_music"",""video_game"":""Super Smash Bros. Ultimate"",""game_rank"":41,""game_association_kind"":""khinsider_game_soundtrack"",""khinsider_album_url"":""https://downloads.khinsider.com/game-soundtracks/album/super-smash-bros.-ultimate-expanded-vol.-09-pok-mon-switch-gamerip-2018"",""khinsider_album_title"":""Super Smash Bros. Ultimate Vol. 09 - Pokémon (super-smash-bros.-ultimate-expanded-vol.-09-pok-mon-switch-gamerip-2018)"",""khinsider_album_kind"":""official_or_gamerip"",""khinsider_album_match_score"":100.0,""relevance_score_100"":100.0,""popularity_score_100"":67.57628250740463,""score_100"":87.03051300296185,""popularity_basis"":""BeatHit master-list game rank plus track position proxy""}"
223,Dream Chaser,Unknown credited artist,[],Super Smash Bros. Ultimate Vol. 10 - F-Zero (super-smash-bros.-ultimate-expanded-vol.-10-f-zero-switch-gamerip-2018),,,"[""video game soundtrack""]","[""und""]",,,,Super Smash Bros. Ultimate,,,khinsider_track_prominence_proxy,67.57628250740463,score_0_100,,,,87.03051300296185,,,,https://downloads.khinsider.com/game-soundtracks/album/super-smash-bros.-ultimate-expanded-vol.-10-f-zero-switch-gamerip-2018,2026-10-05,Track title is taken from KHInsider's soundtrack/gamerip album index. Popularity is an explicitly labelled proxy based on BeatHit game rank and track prominence.,"{""culture_category"":""video_game_music"",""video_game"":""Super Smash Bros. Ultimate"",""game_rank"":41,""game_association_kind"":""khinsider_game_soundtrack"",""khinsider_album_url"":""https://downloads.khinsider.com/game-soundtracks/album/super-smash-bros.-ultimate-expanded-vol.-10-f-zero-switch-gamerip-2018"",""khinsider_album_title"":""Super Smash Bros. Ultimate Vol. 10 - F-Zero (super-smash-bros.-ultimate-expanded-vol.-10-f-zero-switch-gamerip-2018)"",""khinsider_album_kind"":""official_or_gamerip"",""khinsider_album_match_score"":100.0,""relevance_score_100"":100.0,""popularity_score_100"":67.57628250740463,""score_100"":87.03051300296185,""popularity_basis"":""BeatHit master-list game rank plus track position proxy""}"
224,Magicant [Original],Unknown credited artist,[],Super Smash Bros. Ultimate Vol. 11 - Mother (super-smash-bros.-ultimate-expanded-vol.-11-mother-switch-gamerip-2018),,,"[""video game soundtrack""]","[""und""]",,,,Super Smash Bros. Ultimate,,,khinsider_track_prominence_proxy,67.57628250740463,score_0_100,,,,87.03051300296185,,,,https://downloads.khinsider.com/game-soundtracks/album/super-smash-bros.-ultimate-expanded-vol.-11-mother-switch-gamerip-2018,2026-10-05,Track title is taken from KHInsider's soundtrack/gamerip album index. Popularity is an explicitly labelled proxy based on BeatHit game rank and track prominence.,"{""culture_category"":""video_game_music"",""video_game"":""Super Smash Bros. Ultimate"",""game_rank"":41,""game_association_kind"":""khinsider_game_soundtrack"",""khinsider_album_url"":""https://downloads.khinsider.com/game-soundtracks/album/super-smash-bros.-ultimate-expanded-vol.-11-mother-switch-gamerip-2018"",""khinsider_album_title"":""Super Smash Bros. Ultimate Vol. 11 - Mother (super-smash-bros.-ultimate-expanded-vol.-11-mother-switch-gamerip-2018)"",""khinsider_album_kind"":""official_or_gamerip"",""khinsider_album_match_score"":100.0,""relevance_score_100"":100.0,""popularity_score_100"":67.57628250740463,""score_100"":87.03051300296185,""popularity_basis"":""BeatHit master-list game rank plus track position proxy""}"
225,Termina Field [The Legend of Zelda Majora's Mask],Unknown credited artist,[],Super Smash Bros. Ultimate Enhanced Original Soundtrack (super-smash-bros.-ultimate-enhanced-original-soundtrack),,,"[""video game soundtrack""]","[""und""]",,,,Super Smash Bros. Ultimate,,,khinsider_track_prominence_proxy,67.36628250740462,score_0_100,,,,86.94651300296185,,,,https://downloads.khinsider.com/game-soundtracks/album/super-smash-bros.-ultimate-enhanced-original-soundtrack,2026-10-05,Track title is taken from KHInsider's soundtrack/gamerip album index. Popularity is an explicitly labelled proxy based on BeatHit game rank and track prominence.,"{""culture_category"":""video_game_music"",""video_game"":""Super Smash Bros. Ultimate"",""game_rank"":41,""game_association_kind"":""khinsider_game_soundtrack"",""khinsider_album_url"":""https://downloads.khinsider.com/game-soundtracks/album/super-smash-bros.-ultimate-enhanced-original-soundtrack"",""khinsider_album_title"":""Super Smash Bros. Ultimate Enhanced Original Soundtrack (super-smash-bros.-ultimate-enhanced-original-soundtrack)"",""khinsider_album_kind"":""official_or_gamerip"",""khinsider_album_match_score"":100.0,""relevance_score_100"":100.0,""popularity_score_100"":67.36628250740462,""score_100"":86.94651300296185,""popularity_basis"":""BeatHit master-list game rank plus track position proxy""}"
226,Title - Ending - Super Mario World,Unknown credited artist,[],Super Smash Bros. Ultimate Vol. 02 - Super Mario (super-smash-bros.-ultimate-expanded-vol.-02-super-mario-switch-gamerip-2018),,,"[""video game soundtrack""]","[""und""]",,,,Super Smash Bros. Ultimate,,,khinsider_track_prominence_proxy,67.36628250740462,score_0_100,,,,86.94651300296185,,,,https://downloads.khinsider.com/game-soundtracks/album/super-smash-bros.-ultimate-expanded-vol.-02-super-mario-switch-gamerip-2018,2026-10-05,Track title is taken from KHInsider's soundtrack/gamerip album index. Popularity is an explicitly labelled proxy based on BeatHit game rank and track prominence.,"{""culture_category"":""video_game_music"",""video_game"":""Super Smash Bros. Ultimate"",""game_rank"":41,""game_association_kind"":""khinsider_game_soundtrack"",""khinsider_album_url"":""https://downloads.khinsider.com/game-soundtracks/album/super-smash-bros.-ultimate-expanded-vol.-02-super-mario-switch-gamerip-2018"",""khinsider_album_title"":""Super Smash Bros. Ultimate Vol. 02 - Super Mario (super-smash-bros.-ultimate-expanded-vol.-02-super-mario-switch-gamerip-2018)"",""khinsider_album_kind"":""official_or_gamerip"",""khinsider_album_match_score"":100.0,""relevance_score_100"":100.0,""popularity_score_100"":67.36628250740462,""score_100"":86.94651300296185,""popularity_basis"":""BeatHit master-list game rank plus track position proxy""}"
227,Crocodile Cacophony,Unknown credited artist,[],Super Smash Bros. Ultimate Vol. 03 - Donkey Kong (super-smash-bros.-ultimate-expanded-vol.-03-donkey-kong-switch-gamerip-2018),,,"[""video game soundtrack""]","[""und""]",,,,Super Smash Bros. Ultimate,,,khinsider_track_prominence_proxy,67.36628250740462,score_0_100,,,,86.94651300296185,,,,https://downloads.khinsider.com/game-soundtracks/album/super-smash-bros.-ultimate-expanded-vol.-03-donkey-kong-switch-gamerip-2018,2026-10-05,Track title is taken from KHInsider's soundtrack/gamerip album index. Popularity is an explicitly labelled proxy based on BeatHit game rank and track prominence.,"{""culture_category"":""video_game_music"",""video_game"":""Super Smash Bros. Ultimate"",""game_rank"":41,""game_association_kind"":""khinsider_game_soundtrack"",""khinsider_album_url"":""https://downloads.khinsider.com/game-soundtracks/album/super-smash-bros.-ultimate-expanded-vol.-03-donkey-kong-switch-gamerip-2018"",""khinsider_album_title"":""Super Smash Bros. Ultimate Vol. 03 - Donkey Kong (super-smash-bros.-ultimate-expanded-vol.-03-donkey-kong-switch-gamerip-2018)"",""khinsider_album_kind"":""official_or_gamerip"",""khinsider_album_match_score"":100.0,""relevance_score_100"":100.0,""popularity_score_100"":67.36628250740462,""score_100"":86.94651300296185,""popularity_basis"":""BeatHit master-list game rank plus track position proxy""}"
228,Gerudo Valley,Unknown credited artist,[],Super Smash Bros. Ultimate Vol. 04 - The Legend of Zelda (super-smash-bros.-ultimate-expanded-vol.-04-the-legend-of-zelda-switch-gamerip-2018),,,"[""video game soundtrack""]","[""und""]",,,,Super Smash Bros. Ultimate,,,khinsider_track_prominence_proxy,67.36628250740462,score_0_100,,,,86.94651300296185,,,,https://downloads.khinsider.com/game-soundtracks/album/super-smash-bros.-ultimate-expanded-vol.-04-the-legend-of-zelda-switch-gamerip-2018,2026-10-05,Track title is taken from KHInsider's soundtrack/gamerip album index. Popularity is an explicitly labelled proxy based on BeatHit game rank and track prominence.,"{""culture_category"":""video_game_music"",""video_game"":""Super Smash Bros. Ultimate"",""game_rank"":41,""game_association_kind"":""khinsider_game_soundtrack"",""khinsider_album_url"":""https://downloads.khinsider.com/game-soundtracks/album/super-smash-bros.-ultimate-expanded-vol.-04-the-legend-of-zelda-switch-gamerip-2018"",""khinsider_album_title"":""Super Smash Bros. Ultimate Vol. 04 - The Legend of Zelda (super-smash-bros.-ultimate-expanded-vol.-04-the-legend-of-zelda-switch-gamerip-2018)"",""khinsider_album_kind"":""official_or_gamerip"",""khinsider_album_match_score"":100.0,""relevance_score_100"":100.0,""popularity_score_100"":67.36628250740462,""score_100"":86.94651300296185,""popularity_basis"":""BeatHit master-list game rank plus track position proxy""}"
229,Main Theme - Metroid Prime - Federation Force,Unknown credited artist,[],Super Smash Bros. Ultimate Vol. 05 - Metroid (super-smash-bros.-ultimate-expanded-vol.-05-metroid-switch-gamerip-2018),,,"[""video game soundtrack""]","[""und""]",,,,Super Smash Bros. Ultimate,,,khinsider_track_prominence_proxy,67.36628250740462,score_0_100,,,,86.94651300296185,,,,https://downloads.khinsider.com/game-soundtracks/album/super-smash-bros.-ultimate-expanded-vol.-05-metroid-switch-gamerip-2018,2026-10-05,Track title is taken from KHInsider's soundtrack/gamerip album index. Popularity is an explicitly labelled proxy based on BeatHit game rank and track prominence.,"{""culture_category"":""video_game_music"",""video_game"":""Super Smash Bros. Ultimate"",""game_rank"":41,""game_association_kind"":""khinsider_game_soundtrack"",""khinsider_album_url"":""https://downloads.khinsider.com/game-soundtracks/album/super-smash-bros.-ultimate-expanded-vol.-05-metroid-switch-gamerip-2018"",""khinsider_album_title"":""Super Smash Bros. Ultimate Vol. 05 - Metroid (super-smash-bros.-ultimate-expanded-vol.-05-metroid-switch-gamerip-2018)"",""khinsider_album_kind"":""official_or_gamerip"",""khinsider_album_match_score"":100.0,""relevance_score_100"":100.0,""popularity_score_100"":67.36628250740462,""score_100"":86.94651300296185,""popularity_basis"":""BeatHit master-list game rank plus track position proxy""}"
230,Athletic Theme - Super Mario World [Original],Unknown credited artist,[],Super Smash Bros. Ultimate Vol. 06 - Yoshi (super-smash-bros.-ultimate-expanded-vol.-06-yoshi-switch-gamerip-2018),,,"[""video game soundtrack""]","[""und""]",,,,Super Smash Bros. Ultimate,,,khinsider_track_prominence_proxy,67.36628250740462,score_0_100,,,,86.94651300296185,,,,https://downloads.khinsider.com/game-soundtracks/album/super-smash-bros.-ultimate-expanded-vol.-06-yoshi-switch-gamerip-2018,2026-10-05,Track title is taken from KHInsider's soundtrack/gamerip album index. Popularity is an explicitly labelled proxy based on BeatHit game rank and track prominence.,"{""culture_category"":""video_game_music"",""video_game"":""Super Smash Bros. Ultimate"",""game_rank"":41,""game_association_kind"":""khinsider_game_soundtrack"",""khinsider_album_url"":""https://downloads.khinsider.com/game-soundtracks/album/super-smash-bros.-ultimate-expanded-vol.-06-yoshi-switch-gamerip-2018"",""khinsider_album_title"":""Super Smash Bros. Ultimate Vol. 06 - Yoshi (super-smash-bros.-ultimate-expanded-vol.-06-yoshi-switch-gamerip-2018)"",""khinsider_album_kind"":""official_or_gamerip"",""khinsider_album_match_score"":100.0,""relevance_score_100"":100.0,""popularity_score_100"":67.36628250740462,""score_100"":86.94651300296185,""popularity_basis"":""BeatHit master-list game rank plus track position proxy""}"
231,City Trial,Unknown credited artist,[],Super Smash Bros. Ultimate Vol. 07 - Kirby (super-smash-bros.-ultimate-expanded-vol.-07-kirby-switch-gamerip-2018),,,"[""video game soundtrack""]","[""und""]",,,,Super Smash Bros. Ultimate,,,khinsider_track_prominence_proxy,67.36628250740462,score_0_100,,,,86.94651300296185,,,,https://downloads.khinsider.com/game-soundtracks/album/super-smash-bros.-ultimate-expanded-vol.-07-kirby-switch-gamerip-2018,2026-10-05,Track title is taken from KHInsider's soundtrack/gamerip album index. Popularity is an explicitly labelled proxy based on BeatHit game rank and track prominence.,"{""culture_category"":""video_game_music"",""video_game"":""Super Smash Bros. Ultimate"",""game_rank"":41,""game_association_kind"":""khinsider_game_soundtrack"",""khinsider_album_url"":""https://downloads.khinsider.com/game-soundtracks/album/super-smash-bros.-ultimate-expanded-vol.-07-kirby-switch-gamerip-2018"",""khinsider_album_title"":""Super Smash Bros. Ultimate Vol. 07 - Kirby (super-smash-bros.-ultimate-expanded-vol.-07-kirby-switch-gamerip-2018)"",""khinsider_album_kind"":""official_or_gamerip"",""khinsider_album_match_score"":100.0,""relevance_score_100"":100.0,""popularity_score_100"":67.36628250740462,""score_100"":86.94651300296185,""popularity_basis"":""BeatHit master-list game rank plus track position proxy""}"
232,Main Theme - Star Fox [Original],Unknown credited artist,[],Super Smash Bros. Ultimate Vol. 08 - Star Fox (super-smash-bros.-ultimate-expanded-vol.-08-star-fox-switch-gamerip-2018),,,"[""video game soundtrack""]","[""und""]",,,,Super Smash Bros. Ultimate,,,khinsider_track_prominence_proxy,67.36628250740462,score_0_100,,,,86.94651300296185,,,,https://downloads.khinsider.com/game-soundtracks/album/super-smash-bros.-ultimate-expanded-vol.-08-star-fox-switch-gamerip-2018,2026-10-05,Track title is taken from KHInsider's soundtrack/gamerip album index. Popularity is an explicitly labelled proxy based on BeatHit game rank and track prominence.,"{""culture_category"":""video_game_music"",""video_game"":""Super Smash Bros. Ultimate"",""game_rank"":41,""game_association_kind"":""khinsider_game_soundtrack"",""khinsider_album_url"":""https://downloads.khinsider.com/game-soundtracks/album/super-smash-bros.-ultimate-expanded-vol.-08-star-fox-switch-gamerip-2018"",""khinsider_album_title"":""Super Smash Bros. Ultimate Vol. 08 - Star Fox (super-smash-bros.-ultimate-expanded-vol.-08-star-fox-switch-gamerip-2018)"",""khinsider_album_kind"":""official_or_gamerip"",""khinsider_album_match_score"":100.0,""relevance_score_100"":100.0,""popularity_score_100"":67.36628250740462,""score_100"":86.94651300296185,""popularity_basis"":""BeatHit master-list game rank plus track position proxy""}"
233,Battle! (Team Flare),Unknown credited artist,[],Super Smash Bros. Ultimate Vol. 09 - Pokémon (super-smash-bros.-ultimate-expanded-vol.-09-pok-mon-switch-gamerip-2018),,,"[""video game soundtrack""]","[""und""]",,,,Super Smash Bros. Ultimate,,,khinsider_track_prominence_proxy,67.36628250740462,score_0_100,,,,86.94651300296185,,,,https://downloads.khinsider.com/game-soundtracks/album/super-smash-bros.-ultimate-expanded-vol.-09-pok-mon-switch-gamerip-2018,2026-10-05,Track title is taken from KHInsider's soundtrack/gamerip album index. Popularity is an explicitly labelled proxy based on BeatHit game rank and track prominence.,"{""culture_category"":""video_game_music"",""video_game"":""Super Smash Bros. Ultimate"",""game_rank"":41,""game_association_kind"":""khinsider_game_soundtrack"",""khinsider_album_url"":""https://downloads.khinsider.com/game-soundtracks/album/super-smash-bros.-ultimate-expanded-vol.-09-pok-mon-switch-gamerip-2018"",""khinsider_album_title"":""Super Smash Bros. Ultimate Vol. 09 - Pokémon (super-smash-bros.-ultimate-expanded-vol.-09-pok-mon-switch-gamerip-2018)"",""khinsider_album_kind"":""official_or_gamerip"",""khinsider_album_match_score"":100.0,""relevance_score_100"":100.0,""popularity_score_100"":67.36628250740462,""score_100"":86.94651300296185,""popularity_basis"":""BeatHit master-list game rank plus track position proxy""}"
234,Devil's Call in Your Heart,Unknown credited artist,[],Super Smash Bros. Ultimate Vol. 10 - F-Zero (super-smash-bros.-ultimate-expanded-vol.-10-f-zero-switch-gamerip-2018),,,"[""video game soundtrack""]","[""und""]",,,,Super Smash Bros. Ultimate,,,khinsider_track_prominence_proxy,67.36628250740462,score_0_100,,,,86.94651300296185,,,,https://downloads.khinsider.com/game-soundtracks/album/super-smash-bros.-ultimate-expanded-vol.-10-f-zero-switch-gamerip-2018,2026-10-05,Track title is taken from KHInsider's soundtrack/gamerip album index. Popularity is an explicitly labelled proxy based on BeatHit game rank and track prominence.,"{""culture_category"":""video_game_music"",""video_game"":""Super Smash Bros. Ultimate"",""game_rank"":41,""game_association_kind"":""khinsider_game_soundtrack"",""khinsider_album_url"":""https://downloads.khinsider.com/game-soundtracks/album/super-smash-bros.-ultimate-expanded-vol.-10-f-zero-switch-gamerip-2018"",""khinsider_album_title"":""Super Smash Bros. Ultimate Vol. 10 - F-Zero (super-smash-bros.-ultimate-expanded-vol.-10-f-zero-switch-gamerip-2018)"",""khinsider_album_kind"":""official_or_gamerip"",""khinsider_album_match_score"":100.0,""relevance_score_100"":100.0,""popularity_score_100"":67.36628250740462,""score_100"":86.94651300296185,""popularity_basis"":""BeatHit master-list game rank plus track position proxy""}"
235,Eight Melodies [Original],Unknown credited artist,[],Super Smash Bros. Ultimate Vol. 11 - Mother (super-smash-bros.-ultimate-expanded-vol.-11-mother-switch-gamerip-2018),,,"[""video game soundtrack""]","[""und""]",,,,Super Smash Bros. Ultimate,,,khinsider_track_prominence_proxy,67.36628250740462,score_0_100,,,,86.94651300296185,,,,https://downloads.khinsider.com/game-soundtracks/album/super-smash-bros.-ultimate-expanded-vol.-11-mother-switch-gamerip-2018,2026-10-05,Track title is taken from KHInsider's soundtrack/gamerip album index. Popularity is an explicitly labelled proxy based on BeatHit game rank and track prominence.,"{""culture_category"":""video_game_music"",""video_game"":""Super Smash Bros. Ultimate"",""game_rank"":41,""game_association_kind"":""khinsider_game_soundtrack"",""khinsider_album_url"":""https://downloads.khinsider.com/game-soundtracks/album/super-smash-bros.-ultimate-expanded-vol.-11-mother-switch-gamerip-2018"",""khinsider_album_title"":""Super Smash Bros. Ultimate Vol. 11 - Mother (super-smash-bros.-ultimate-expanded-vol.-11-mother-switch-gamerip-2018)"",""khinsider_album_kind"":""official_or_gamerip"",""khinsider_album_match_score"":100.0,""relevance_score_100"":100.0,""popularity_score_100"":67.36628250740462,""score_100"":86.94651300296185,""popularity_basis"":""BeatHit master-list game rank plus track position proxy""}"
236,Molgera [The Legend of Zelda The Wind Waker],Unknown credited artist,[],Super Smash Bros. Ultimate Enhanced Original Soundtrack (super-smash-bros.-ultimate-enhanced-original-soundtrack),,,"[""video game soundtrack""]","[""und""]",,,,Super Smash Bros. Ultimate,,,khinsider_track_prominence_proxy,67.15628250740463,score_0_100,,,,86.86251300296185,,,,https://downloads.khinsider.com/game-soundtracks/album/super-smash-bros.-ultimate-enhanced-original-soundtrack,2026-10-05,Track title is taken from KHInsider's soundtrack/gamerip album index. Popularity is an explicitly labelled proxy based on BeatHit game rank and track prominence.,"{""culture_category"":""video_game_music"",""video_game"":""Super Smash Bros. Ultimate"",""game_rank"":41,""game_association_kind"":""khinsider_game_soundtrack"",""khinsider_album_url"":""https://downloads.khinsider.com/game-soundtracks/album/super-smash-bros.-ultimate-enhanced-original-soundtrack"",""khinsider_album_title"":""Super Smash Bros. Ultimate Enhanced Original Soundtrack (super-smash-bros.-ultimate-enhanced-original-soundtrack)"",""khinsider_album_kind"":""official_or_gamerip"",""khinsider_album_match_score"":100.0,""relevance_score_100"":100.0,""popularity_score_100"":67.15628250740463,""score_100"":86.86251300296185,""popularity_basis"":""BeatHit master-list game rank plus track position proxy""}"
237,Ground Theme - Super Mario World,Unknown credited artist,[],Super Smash Bros. Ultimate Vol. 02 - Super Mario (super-smash-bros.-ultimate-expanded-vol.-02-super-mario-switch-gamerip-2018),,,"[""video game soundtrack""]","[""und""]",,,,Super Smash Bros. Ultimate,,,khinsider_track_prominence_proxy,67.15628250740463,score_0_100,,,,86.86251300296185,,,,https://downloads.khinsider.com/game-soundtracks/album/super-smash-bros.-ultimate-expanded-vol.-02-super-mario-switch-gamerip-2018,2026-10-05,Track title is taken from KHInsider's soundtrack/gamerip album index. Popularity is an explicitly labelled proxy based on BeatHit game rank and track prominence.,"{""culture_category"":""video_game_music"",""video_game"":""Super Smash Bros. Ultimate"",""game_rank"":41,""game_association_kind"":""khinsider_game_soundtrack"",""khinsider_album_url"":""https://downloads.khinsider.com/game-soundtracks/album/super-smash-bros.-ultimate-expanded-vol.-02-super-mario-switch-gamerip-2018"",""khinsider_album_title"":""Super Smash Bros. Ultimate Vol. 02 - Super Mario (super-smash-bros.-ultimate-expanded-vol.-02-super-mario-switch-gamerip-2018)"",""khinsider_album_kind"":""official_or_gamerip"",""khinsider_album_match_score"":100.0,""relevance_score_100"":100.0,""popularity_score_100"":67.15628250740463,""score_100"":86.86251300296185,""popularity_basis"":""BeatHit master-list game rank plus track position proxy""}"
238,DK Rap,Unknown credited artist,[],Super Smash Bros. Ultimate Vol. 03 - Donkey Kong (super-smash-bros.-ultimate-expanded-vol.-03-donkey-kong-switch-gamerip-2018),,,"[""video game soundtrack""]","[""und""]",,,,Super Smash Bros. Ultimate,,,khinsider_track_prominence_proxy,67.15628250740463,score_0_100,,,,86.86251300296185,,,,https://downloads.khinsider.com/game-soundtracks/album/super-smash-bros.-ultimate-expanded-vol.-03-donkey-kong-switch-gamerip-2018,2026-10-05,Track title is taken from KHInsider's soundtrack/gamerip album index. Popularity is an explicitly labelled proxy based on BeatHit game rank and track prominence.,"{""culture_category"":""video_game_music"",""video_game"":""Super Smash Bros. Ultimate"",""game_rank"":41,""game_association_kind"":""khinsider_game_soundtrack"",""khinsider_album_url"":""https://downloads.khinsider.com/game-soundtracks/album/super-smash-bros.-ultimate-expanded-vol.-03-donkey-kong-switch-gamerip-2018"",""khinsider_album_title"":""Super Smash Bros. Ultimate Vol. 03 - Donkey Kong (super-smash-bros.-ultimate-expanded-vol.-03-donkey-kong-switch-gamerip-2018)"",""khinsider_album_kind"":""official_or_gamerip"",""khinsider_album_match_score"":100.0,""relevance_score_100"":100.0,""popularity_score_100"":67.15628250740463,""score_100"":86.86251300296185,""popularity_basis"":""BeatHit master-list game rank plus track position proxy""}"
239,Gerudo Valley [Original],Unknown credited artist,[],Super Smash Bros. Ultimate Vol. 04 - The Legend of Zelda (super-smash-bros.-ultimate-expanded-vol.-04-the-legend-of-zelda-switch-gamerip-2018),,,"[""video game soundtrack""]","[""und""]",,,,Super Smash Bros. Ultimate,,,khinsider_track_prominence_proxy,67.15628250740463,score_0_100,,,,86.86251300296185,,,,https://downloads.khinsider.com/game-soundtracks/album/super-smash-bros.-ultimate-expanded-vol.-04-the-legend-of-zelda-switch-gamerip-2018,2026-10-05,Track title is taken from KHInsider's soundtrack/gamerip album index. Popularity is an explicitly labelled proxy based on BeatHit game rank and track prominence.,"{""culture_category"":""video_game_music"",""video_game"":""Super Smash Bros. Ultimate"",""game_rank"":41,""game_association_kind"":""khinsider_game_soundtrack"",""khinsider_album_url"":""https://downloads.khinsider.com/game-soundtracks/album/super-smash-bros.-ultimate-expanded-vol.-04-the-legend-of-zelda-switch-gamerip-2018"",""khinsider_album_title"":""Super Smash Bros. Ultimate Vol. 04 - The Legend of Zelda (super-smash-bros.-ultimate-expanded-vol.-04-the-legend-of-zelda-switch-gamerip-2018)"",""khinsider_album_kind"":""official_or_gamerip"",""khinsider_album_match_score"":100.0,""relevance_score_100"":100.0,""popularity_score_100"":67.15628250740463,""score_100"":86.86251300296185,""popularity_basis"":""BeatHit master-list game rank plus track position proxy""}"
240,Magmoor Caverns - Metroid - Samus Returns,Unknown credited artist,[],Super Smash Bros. Ultimate Vol. 05 - Metroid (super-smash-bros.-ultimate-expanded-vol.-05-metroid-switch-gamerip-2018),,,"[""video game soundtrack""]","[""und""]",,,,Super Smash Bros. Ultimate,,,khinsider_track_prominence_proxy,67.15628250740463,score_0_100,,,,86.86251300296185,,,,https://downloads.khinsider.com/game-soundtracks/album/super-smash-bros.-ultimate-expanded-vol.-05-metroid-switch-gamerip-2018,2026-10-05,Track title is taken from KHInsider's soundtrack/gamerip album index. Popularity is an explicitly labelled proxy based on BeatHit game rank and track prominence.,"{""culture_category"":""video_game_music"",""video_game"":""Super Smash Bros. Ultimate"",""game_rank"":41,""game_association_kind"":""khinsider_game_soundtrack"",""khinsider_album_url"":""https://downloads.khinsider.com/game-soundtracks/album/super-smash-bros.-ultimate-expanded-vol.-05-metroid-switch-gamerip-2018"",""khinsider_album_title"":""Super Smash Bros. Ultimate Vol. 05 - Metroid (super-smash-bros.-ultimate-expanded-vol.-05-metroid-switch-gamerip-2018)"",""khinsider_album_kind"":""official_or_gamerip"",""khinsider_album_match_score"":100.0,""relevance_score_100"":100.0,""popularity_score_100"":67.15628250740463,""score_100"":86.86251300296185,""popularity_basis"":""BeatHit master-list game rank plus track position proxy""}"
241,Yoshi's Island [Original],Unknown credited artist,[],Super Smash Bros. Ultimate Vol. 06 - Yoshi (super-smash-bros.-ultimate-expanded-vol.-06-yoshi-switch-gamerip-2018),,,"[""video game soundtrack""]","[""und""]",,,,Super Smash Bros. Ultimate,,,khinsider_track_prominence_proxy,67.15628250740463,score_0_100,,,,86.86251300296185,,,,https://downloads.khinsider.com/game-soundtracks/album/super-smash-bros.-ultimate-expanded-vol.-06-yoshi-switch-gamerip-2018,2026-10-05,Track title is taken from KHInsider's soundtrack/gamerip album index. Popularity is an explicitly labelled proxy based on BeatHit game rank and track prominence.,"{""culture_category"":""video_game_music"",""video_game"":""Super Smash Bros. Ultimate"",""game_rank"":41,""game_association_kind"":""khinsider_game_soundtrack"",""khinsider_album_url"":""https://downloads.khinsider.com/game-soundtracks/album/super-smash-bros.-ultimate-expanded-vol.-06-yoshi-switch-gamerip-2018"",""khinsider_album_title"":""Super Smash Bros. Ultimate Vol. 06 - Yoshi (super-smash-bros.-ultimate-expanded-vol.-06-yoshi-switch-gamerip-2018)"",""khinsider_album_kind"":""official_or_gamerip"",""khinsider_album_match_score"":100.0,""relevance_score_100"":100.0,""popularity_score_100"":67.15628250740463,""score_100"":86.86251300296185,""popularity_basis"":""BeatHit master-list game rank plus track position proxy""}"
242,The Legendary Air Ride Machine,Unknown credited artist,[],Super Smash Bros. Ultimate Vol. 07 - Kirby (super-smash-bros.-ultimate-expanded-vol.-07-kirby-switch-gamerip-2018),,,"[""video game soundtrack""]","[""und""]",,,,Super Smash Bros. Ultimate,,,khinsider_track_prominence_proxy,67.15628250740463,score_0_100,,,,86.86251300296185,,,,https://downloads.khinsider.com/game-soundtracks/album/super-smash-bros.-ultimate-expanded-vol.-07-kirby-switch-gamerip-2018,2026-10-05,Track title is taken from KHInsider's soundtrack/gamerip album index. Popularity is an explicitly labelled proxy based on BeatHit game rank and track prominence.,"{""culture_category"":""video_game_music"",""video_game"":""Super Smash Bros. Ultimate"",""game_rank"":41,""game_association_kind"":""khinsider_game_soundtrack"",""khinsider_album_url"":""https://downloads.khinsider.com/game-soundtracks/album/super-smash-bros.-ultimate-expanded-vol.-07-kirby-switch-gamerip-2018"",""khinsider_album_title"":""Super Smash Bros. Ultimate Vol. 07 - Kirby (super-smash-bros.-ultimate-expanded-vol.-07-kirby-switch-gamerip-2018)"",""khinsider_album_kind"":""official_or_gamerip"",""khinsider_album_match_score"":100.0,""relevance_score_100"":100.0,""popularity_score_100"":67.15628250740463,""score_100"":86.86251300296185,""popularity_basis"":""BeatHit master-list game rank plus track position proxy""}"
243,Corneria - Star Fox [Original],Unknown credited artist,[],Super Smash Bros. Ultimate Vol. 08 - Star Fox (super-smash-bros.-ultimate-expanded-vol.-08-star-fox-switch-gamerip-2018),,,"[""video game soundtrack""]","[""und""]",,,,Super Smash Bros. Ultimate,,,khinsider_track_prominence_proxy,67.15628250740463,score_0_100,,,,86.86251300296185,,,,https://downloads.khinsider.com/game-soundtracks/album/super-smash-bros.-ultimate-expanded-vol.-08-star-fox-switch-gamerip-2018,2026-10-05,Track title is taken from KHInsider's soundtrack/gamerip album index. Popularity is an explicitly labelled proxy based on BeatHit game rank and track prominence.,"{""culture_category"":""video_game_music"",""video_game"":""Super Smash Bros. Ultimate"",""game_rank"":41,""game_association_kind"":""khinsider_game_soundtrack"",""khinsider_album_url"":""https://downloads.khinsider.com/game-soundtracks/album/super-smash-bros.-ultimate-expanded-vol.-08-star-fox-switch-gamerip-2018"",""khinsider_album_title"":""Super Smash Bros. Ultimate Vol. 08 - Star Fox (super-smash-bros.-ultimate-expanded-vol.-08-star-fox-switch-gamerip-2018)"",""khinsider_album_kind"":""official_or_gamerip"",""khinsider_album_match_score"":100.0,""relevance_score_100"":100.0,""popularity_score_100"":67.15628250740463,""score_100"":86.86251300296185,""popularity_basis"":""BeatHit master-list game rank plus track position proxy""}"
244,Lumiose City,Unknown credited artist,[],Super Smash Bros. Ultimate Vol. 09 - Pokémon (super-smash-bros.-ultimate-expanded-vol.-09-pok-mon-switch-gamerip-2018),,,"[""video game soundtrack""]","[""und""]",,,,Super Smash Bros. Ultimate,,,khinsider_track_prominence_proxy,67.15628250740463,score_0_100,,,,86.86251300296185,,,,https://downloads.khinsider.com/game-soundtracks/album/super-smash-bros.-ultimate-expanded-vol.-09-pok-mon-switch-gamerip-2018,2026-10-05,Track title is taken from KHInsider's soundtrack/gamerip album index. Popularity is an explicitly labelled proxy based on BeatHit game rank and track prominence.,"{""culture_category"":""video_game_music"",""video_game"":""Super Smash Bros. Ultimate"",""game_rank"":41,""game_association_kind"":""khinsider_game_soundtrack"",""khinsider_album_url"":""https://downloads.khinsider.com/game-soundtracks/album/super-smash-bros.-ultimate-expanded-vol.-09-pok-mon-switch-gamerip-2018"",""khinsider_album_title"":""Super Smash Bros. Ultimate Vol. 09 - Pokémon (super-smash-bros.-ultimate-expanded-vol.-09-pok-mon-switch-gamerip-2018)"",""khinsider_album_kind"":""official_or_gamerip"",""khinsider_album_match_score"":100.0,""relevance_score_100"":100.0,""popularity_score_100"":67.15628250740463,""score_100"":86.86251300296185,""popularity_basis"":""BeatHit master-list game rank plus track position proxy""}"
245,Climb Up! And Get the Last Chance!,Unknown credited artist,[],Super Smash Bros. Ultimate Vol. 10 - F-Zero (super-smash-bros.-ultimate-expanded-vol.-10-f-zero-switch-gamerip-2018),,,"[""video game soundtrack""]","[""und""]",,,,Super Smash Bros. Ultimate,,,khinsider_track_prominence_proxy,67.15628250740463,score_0_100,,,,86.86251300296185,,,,https://downloads.khinsider.com/game-soundtracks/album/super-smash-bros.-ultimate-expanded-vol.-10-f-zero-switch-gamerip-2018,2026-10-05,Track title is taken from KHInsider's soundtrack/gamerip album index. Popularity is an explicitly labelled proxy based on BeatHit game rank and track prominence.,"{""culture_category"":""video_game_music"",""video_game"":""Super Smash Bros. Ultimate"",""game_rank"":41,""game_association_kind"":""khinsider_game_soundtrack"",""khinsider_album_url"":""https://downloads.khinsider.com/game-soundtracks/album/super-smash-bros.-ultimate-expanded-vol.-10-f-zero-switch-gamerip-2018"",""khinsider_album_title"":""Super Smash Bros. Ultimate Vol. 10 - F-Zero (super-smash-bros.-ultimate-expanded-vol.-10-f-zero-switch-gamerip-2018)"",""khinsider_album_kind"":""official_or_gamerip"",""khinsider_album_match_score"":100.0,""relevance_score_100"":100.0,""popularity_score_100"":67.15628250740463,""score_100"":86.86251300296185,""popularity_basis"":""BeatHit master-list game rank plus track position proxy""}"
246,Bein' Friends [Original],Unknown credited artist,[],Super Smash Bros. Ultimate Vol. 11 - Mother (super-smash-bros.-ultimate-expanded-vol.-11-mother-switch-gamerip-2018),,,"[""video game soundtrack""]","[""und""]",,,,Super Smash Bros. Ultimate,,,khinsider_track_prominence_proxy,67.15628250740463,score_0_100,,,,86.86251300296185,,,,https://downloads.khinsider.com/game-soundtracks/album/super-smash-bros.-ultimate-expanded-vol.-11-mother-switch-gamerip-2018,2026-10-05,Track title is taken from KHInsider's soundtrack/gamerip album index. Popularity is an explicitly labelled proxy based on BeatHit game rank and track prominence.,"{""culture_category"":""video_game_music"",""video_game"":""Super Smash Bros. Ultimate"",""game_rank"":41,""game_association_kind"":""khinsider_game_soundtrack"",""khinsider_album_url"":""https://downloads.khinsider.com/game-soundtracks/album/super-smash-bros.-ultimate-expanded-vol.-11-mother-switch-gamerip-2018"",""khinsider_album_title"":""Super Smash Bros. Ultimate Vol. 11 - Mother (super-smash-bros.-ultimate-expanded-vol.-11-mother-switch-gamerip-2018)"",""khinsider_album_kind"":""official_or_gamerip"",""khinsider_album_match_score"":100.0,""relevance_score_100"":100.0,""popularity_score_100"":67.15628250740463,""score_100"":86.86251300296185,""popularity_basis"":""BeatHit master-list game rank plus track position proxy""}"
247,Midna's Lament [The Legend of Zelda Twilight Princess],Unknown credited artist,[],Super Smash Bros. Ultimate Enhanced Original Soundtrack (super-smash-bros.-ultimate-enhanced-original-soundtrack),,,"[""video game soundtrack""]","[""und""]",,,,Super Smash Bros. Ultimate,,,khinsider_track_prominence_proxy,66.94628250740462,score_0_100,,,,86.77851300296184,,,,https://downloads.khinsider.com/game-soundtracks/album/super-smash-bros.-ultimate-enhanced-original-soundtrack,2026-10-05,Track title is taken from KHInsider's soundtrack/gamerip album index. Popularity is an explicitly labelled proxy based on BeatHit game rank and track prominence.,"{""culture_category"":""video_game_music"",""video_game"":""Super Smash Bros. Ultimate"",""game_rank"":41,""game_association_kind"":""khinsider_game_soundtrack"",""khinsider_album_url"":""https://downloads.khinsider.com/game-soundtracks/album/super-smash-bros.-ultimate-enhanced-original-soundtrack"",""khinsider_album_title"":""Super Smash Bros. Ultimate Enhanced Original Soundtrack (super-smash-bros.-ultimate-enhanced-original-soundtrack)"",""khinsider_album_kind"":""official_or_gamerip"",""khinsider_album_match_score"":100.0,""relevance_score_100"":100.0,""popularity_score_100"":66.94628250740462,""score_100"":86.77851300296184,""popularity_basis"":""BeatHit master-list game rank plus track position proxy""}"
248,Super Mario World Medley,Unknown credited artist,[],Super Smash Bros. Ultimate Vol. 02 - Super Mario (super-smash-bros.-ultimate-expanded-vol.-02-super-mario-switch-gamerip-2018),,,"[""video game soundtrack""]","[""und""]",,,,Super Smash Bros. Ultimate,,,khinsider_track_prominence_proxy,66.94628250740462,score_0_100,,,,86.77851300296184,,,,https://downloads.khinsider.com/game-soundtracks/album/super-smash-bros.-ultimate-expanded-vol.-02-super-mario-switch-gamerip-2018,2026-10-05,Track title is taken from KHInsider's soundtrack/gamerip album index. Popularity is an explicitly labelled proxy based on BeatHit game rank and track prominence.,"{""culture_category"":""video_game_music"",""video_game"":""Super Smash Bros. Ultimate"",""game_rank"":41,""game_association_kind"":""khinsider_game_soundtrack"",""khinsider_album_url"":""https://downloads.khinsider.com/game-soundtracks/album/super-smash-bros.-ultimate-expanded-vol.-02-super-mario-switch-gamerip-2018"",""khinsider_album_title"":""Super Smash Bros. Ultimate Vol. 02 - Super Mario (super-smash-bros.-ultimate-expanded-vol.-02-super-mario-switch-gamerip-2018)"",""khinsider_album_kind"":""official_or_gamerip"",""khinsider_album_match_score"":100.0,""relevance_score_100"":100.0,""popularity_score_100"":66.94628250740462,""score_100"":86.77851300296184,""popularity_basis"":""BeatHit master-list game rank plus track position proxy""}"
249,Battle for Storm Hill,Unknown credited artist,[],Super Smash Bros. Ultimate Vol. 03 - Donkey Kong (super-smash-bros.-ultimate-expanded-vol.-03-donkey-kong-switch-gamerip-2018),,,"[""video game soundtrack""]","[""und""]",,,,Super Smash Bros. Ultimate,,,khinsider_track_prominence_proxy,66.94628250740462,score_0_100,,,,86.77851300296184,,,,https://downloads.khinsider.com/game-soundtracks/album/super-smash-bros.-ultimate-expanded-vol.-03-donkey-kong-switch-gamerip-2018,2026-10-05,Track title is taken from KHInsider's soundtrack/gamerip album index. Popularity is an explicitly labelled proxy based on BeatHit game rank and track prominence.,"{""culture_category"":""video_game_music"",""video_game"":""Super Smash Bros. Ultimate"",""game_rank"":41,""game_association_kind"":""khinsider_game_soundtrack"",""khinsider_album_url"":""https://downloads.khinsider.com/game-soundtracks/album/super-smash-bros.-ultimate-expanded-vol.-03-donkey-kong-switch-gamerip-2018"",""khinsider_album_title"":""Super Smash Bros. Ultimate Vol. 03 - Donkey Kong (super-smash-bros.-ultimate-expanded-vol.-03-donkey-kong-switch-gamerip-2018)"",""khinsider_album_kind"":""official_or_gamerip"",""khinsider_album_match_score"":100.0,""relevance_score_100"":100.0,""popularity_score_100"":66.94628250740462,""score_100"":86.77851300296184,""popularity_basis"":""BeatHit master-list game rank plus track position proxy""}"
250,Termina Field,Unknown credited artist,[],Super Smash Bros. Ultimate Vol. 04 - The Legend of Zelda (super-smash-bros.-ultimate-expanded-vol.-04-the-legend-of-zelda-switch-gamerip-2018),,,"[""video game soundtrack""]","[""und""]",,,,Super Smash Bros. Ultimate,,,khinsider_track_prominence_proxy,66.94628250740462,score_0_100,,,,86.77851300296184,,,,https://downloads.khinsider.com/game-soundtracks/album/super-smash-bros.-ultimate-expanded-vol.-04-the-legend-of-zelda-switch-gamerip-2018,2026-10-05,Track title is taken from KHInsider's soundtrack/gamerip album index. Popularity is an explicitly labelled proxy based on BeatHit game rank and track prominence.,"{""culture_category"":""video_game_music"",""video_game"":""Super Smash Bros. Ultimate"",""game_rank"":41,""game_association_kind"":""khinsider_game_soundtrack"",""khinsider_album_url"":""https://downloads.khinsider.com/game-soundtracks/album/super-smash-bros.-ultimate-expanded-vol.-04-the-legend-of-zelda-switch-gamerip-2018"",""khinsider_album_title"":""Super Smash Bros. Ultimate Vol. 04 - The Legend of Zelda (super-smash-bros.-ultimate-expanded-vol.-04-the-legend-of-zelda-switch-gamerip-2018)"",""khinsider_album_kind"":""official_or_gamerip"",""khinsider_album_match_score"":100.0,""relevance_score_100"":100.0,""popularity_score_100"":66.94628250740462,""score_100"":86.77851300296184,""popularity_basis"":""BeatHit master-list game rank plus track position proxy""}"
251,Boss Battle 4 - Metroid - Samus Returns,Unknown credited artist,[],Super Smash Bros. Ultimate Vol. 05 - Metroid (super-smash-bros.-ultimate-expanded-vol.-05-metroid-switch-gamerip-2018),,,"[""video game soundtrack""]","[""und""]",,,,Super Smash Bros. Ultimate,,,khinsider_track_prominence_proxy,66.94628250740462,score_0_100,,,,86.77851300296184,,,,https://downloads.khinsider.com/game-soundtracks/album/super-smash-bros.-ultimate-expanded-vol.-05-metroid-switch-gamerip-2018,2026-10-05,Track title is taken from KHInsider's soundtrack/gamerip album index. Popularity is an explicitly labelled proxy based on BeatHit game rank and track prominence.,"{""culture_category"":""video_game_music"",""video_game"":""Super Smash Bros. Ultimate"",""game_rank"":41,""game_association_kind"":""khinsider_game_soundtrack"",""khinsider_album_url"":""https://downloads.khinsider.com/game-soundtracks/album/super-smash-bros.-ultimate-expanded-vol.-05-metroid-switch-gamerip-2018"",""khinsider_album_title"":""Super Smash Bros. Ultimate Vol. 05 - Metroid (super-smash-bros.-ultimate-expanded-vol.-05-metroid-switch-gamerip-2018)"",""khinsider_album_kind"":""official_or_gamerip"",""khinsider_album_match_score"":100.0,""relevance_score_100"":100.0,""popularity_score_100"":66.94628250740462,""score_100"":86.77851300296184,""popularity_basis"":""BeatHit master-list game rank plus track position proxy""}"
252,Obstacle Course - Yoshi's Island [Original],Unknown credited artist,[],Super Smash Bros. Ultimate Vol. 06 - Yoshi (super-smash-bros.-ultimate-expanded-vol.-06-yoshi-switch-gamerip-2018),,,"[""video game soundtrack""]","[""und""]",,,,Super Smash Bros. Ultimate,,,khinsider_track_prominence_proxy,66.94628250740462,score_0_100,,,,86.77851300296184,,,,https://downloads.khinsider.com/game-soundtracks/album/super-smash-bros.-ultimate-expanded-vol.-06-yoshi-switch-gamerip-2018,2026-10-05,Track title is taken from KHInsider's soundtrack/gamerip album index. Popularity is an explicitly labelled proxy based on BeatHit game rank and track prominence.,"{""culture_category"":""video_game_music"",""video_game"":""Super Smash Bros. Ultimate"",""game_rank"":41,""game_association_kind"":""khinsider_game_soundtrack"",""khinsider_album_url"":""https://downloads.khinsider.com/game-soundtracks/album/super-smash-bros.-ultimate-expanded-vol.-06-yoshi-switch-gamerip-2018"",""khinsider_album_title"":""Super Smash Bros. Ultimate Vol. 06 - Yoshi (super-smash-bros.-ultimate-expanded-vol.-06-yoshi-switch-gamerip-2018)"",""khinsider_album_kind"":""official_or_gamerip"",""khinsider_album_match_score"":100.0,""relevance_score_100"":100.0,""popularity_score_100"":66.94628250740462,""score_100"":86.77851300296184,""popularity_basis"":""BeatHit master-list game rank plus track position proxy""}"
253,Forest - Nature Area,Unknown credited artist,[],Super Smash Bros. Ultimate Vol. 07 - Kirby (super-smash-bros.-ultimate-expanded-vol.-07-kirby-switch-gamerip-2018),,,"[""video game soundtrack""]","[""und""]",,,,Super Smash Bros. Ultimate,,,khinsider_track_prominence_proxy,66.94628250740462,score_0_100,,,,86.77851300296184,,,,https://downloads.khinsider.com/game-soundtracks/album/super-smash-bros.-ultimate-expanded-vol.-07-kirby-switch-gamerip-2018,2026-10-05,Track title is taken from KHInsider's soundtrack/gamerip album index. Popularity is an explicitly labelled proxy based on BeatHit game rank and track prominence.,"{""culture_category"":""video_game_music"",""video_game"":""Super Smash Bros. Ultimate"",""game_rank"":41,""game_association_kind"":""khinsider_game_soundtrack"",""khinsider_album_url"":""https://downloads.khinsider.com/game-soundtracks/album/super-smash-bros.-ultimate-expanded-vol.-07-kirby-switch-gamerip-2018"",""khinsider_album_title"":""Super Smash Bros. Ultimate Vol. 07 - Kirby (super-smash-bros.-ultimate-expanded-vol.-07-kirby-switch-gamerip-2018)"",""khinsider_album_kind"":""official_or_gamerip"",""khinsider_album_match_score"":100.0,""relevance_score_100"":100.0,""popularity_score_100"":66.94628250740462,""score_100"":86.77851300296184,""popularity_basis"":""BeatHit master-list game rank plus track position proxy""}"
254,Space Armada [Original],Unknown credited artist,[],Super Smash Bros. Ultimate Vol. 08 - Star Fox (super-smash-bros.-ultimate-expanded-vol.-08-star-fox-switch-gamerip-2018),,,"[""video game soundtrack""]","[""und""]",,,,Super Smash Bros. Ultimate,,,khinsider_track_prominence_proxy,66.94628250740462,score_0_100,,,,86.77851300296184,,,,https://downloads.khinsider.com/game-soundtracks/album/super-smash-bros.-ultimate-expanded-vol.-08-star-fox-switch-gamerip-2018,2026-10-05,Track title is taken from KHInsider's soundtrack/gamerip album index. Popularity is an explicitly labelled proxy based on BeatHit game rank and track prominence.,"{""culture_category"":""video_game_music"",""video_game"":""Super Smash Bros. Ultimate"",""game_rank"":41,""game_association_kind"":""khinsider_game_soundtrack"",""khinsider_album_url"":""https://downloads.khinsider.com/game-soundtracks/album/super-smash-bros.-ultimate-expanded-vol.-08-star-fox-switch-gamerip-2018"",""khinsider_album_title"":""Super Smash Bros. Ultimate Vol. 08 - Star Fox (super-smash-bros.-ultimate-expanded-vol.-08-star-fox-switch-gamerip-2018)"",""khinsider_album_kind"":""official_or_gamerip"",""khinsider_album_match_score"":100.0,""relevance_score_100"":100.0,""popularity_score_100"":66.94628250740462,""score_100"":86.77851300296184,""popularity_basis"":""BeatHit master-list game rank plus track position proxy""}"
255,Victory Road - Pokémon X  -  Pokémon Y,Unknown credited artist,[],Super Smash Bros. Ultimate Vol. 09 - Pokémon (super-smash-bros.-ultimate-expanded-vol.-09-pok-mon-switch-gamerip-2018),,,"[""video game soundtrack""]","[""und""]",,,,Super Smash Bros. Ultimate,,,khinsider_track_prominence_proxy,66.94628250740462,score_0_100,,,,86.77851300296184,,,,https://downloads.khinsider.com/game-soundtracks/album/super-smash-bros.-ultimate-expanded-vol.-09-pok-mon-switch-gamerip-2018,2026-10-05,Track title is taken from KHInsider's soundtrack/gamerip album index. Popularity is an explicitly labelled proxy based on BeatHit game rank and track prominence.,"{""culture_category"":""video_game_music"",""video_game"":""Super Smash Bros. Ultimate"",""game_rank"":41,""game_association_kind"":""khinsider_game_soundtrack"",""khinsider_album_url"":""https://downloads.khinsider.com/game-soundtracks/album/super-smash-bros.-ultimate-expanded-vol.-09-pok-mon-switch-gamerip-2018"",""khinsider_album_title"":""Super Smash Bros. Ultimate Vol. 09 - Pokémon (super-smash-bros.-ultimate-expanded-vol.-09-pok-mon-switch-gamerip-2018)"",""khinsider_album_kind"":""official_or_gamerip"",""khinsider_album_match_score"":100.0,""relevance_score_100"":100.0,""popularity_score_100"":66.94628250740462,""score_100"":86.77851300296184,""popularity_basis"":""BeatHit master-list game rank plus track position proxy""}"
256,Brain Cleaner,Unknown credited artist,[],Super Smash Bros. Ultimate Vol. 10 - F-Zero (super-smash-bros.-ultimate-expanded-vol.-10-f-zero-switch-gamerip-2018),,,"[""video game soundtrack""]","[""und""]",,,,Super Smash Bros. Ultimate,,,khinsider_track_prominence_proxy,66.94628250740462,score_0_100,,,,86.77851300296184,,,,https://downloads.khinsider.com/game-soundtracks/album/super-smash-bros.-ultimate-expanded-vol.-10-f-zero-switch-gamerip-2018,2026-10-05,Track title is taken from KHInsider's soundtrack/gamerip album index. Popularity is an explicitly labelled proxy based on BeatHit game rank and track prominence.,"{""culture_category"":""video_game_music"",""video_game"":""Super Smash Bros. Ultimate"",""game_rank"":41,""game_association_kind"":""khinsider_game_soundtrack"",""khinsider_album_url"":""https://downloads.khinsider.com/game-soundtracks/album/super-smash-bros.-ultimate-expanded-vol.-10-f-zero-switch-gamerip-2018"",""khinsider_album_title"":""Super Smash Bros. Ultimate Vol. 10 - F-Zero (super-smash-bros.-ultimate-expanded-vol.-10-f-zero-switch-gamerip-2018)"",""khinsider_album_kind"":""official_or_gamerip"",""khinsider_album_match_score"":100.0,""relevance_score_100"":100.0,""popularity_score_100"":66.94628250740462,""score_100"":86.77851300296184,""popularity_basis"":""BeatHit master-list game rank plus track position proxy""}"
257,Snowman [Original],Unknown credited artist,[],Super Smash Bros. Ultimate Vol. 11 - Mother (super-smash-bros.-ultimate-expanded-vol.-11-mother-switch-gamerip-2018),,,"[""video game soundtrack""]","[""und""]",,,,Super Smash Bros. Ultimate,,,khinsider_track_prominence_proxy,66.94628250740462,score_0_100,,,,86.77851300296184,,,,https://downloads.khinsider.com/game-soundtracks/album/super-smash-bros.-ultimate-expanded-vol.-11-mother-switch-gamerip-2018,2026-10-05,Track title is taken from KHInsider's soundtrack/gamerip album index. Popularity is an explicitly labelled proxy based on BeatHit game rank and track prominence.,"{""culture_category"":""video_game_music"",""video_game"":""Super Smash Bros. Ultimate"",""game_rank"":41,""game_association_kind"":""khinsider_game_soundtrack"",""khinsider_album_url"":""https://downloads.khinsider.com/game-soundtracks/album/super-smash-bros.-ultimate-expanded-vol.-11-mother-switch-gamerip-2018"",""khinsider_album_title"":""Super Smash Bros. Ultimate Vol. 11 - Mother (super-smash-bros.-ultimate-expanded-vol.-11-mother-switch-gamerip-2018)"",""khinsider_album_kind"":""official_or_gamerip"",""khinsider_album_match_score"":100.0,""relevance_score_100"":100.0,""popularity_score_100"":66.94628250740462,""score_100"":86.77851300296184,""popularity_basis"":""BeatHit master-list game rank plus track position proxy""}"
258,Main Theme - The Legend of Zelda Tri Force Heroes,Unknown credited artist,[],Super Smash Bros. Ultimate Enhanced Original Soundtrack (super-smash-bros.-ultimate-enhanced-original-soundtrack),,,"[""video game soundtrack""]","[""und""]",,,,Super Smash Bros. Ultimate,,,khinsider_track_prominence_proxy,66.73628250740462,score_0_100,,,,86.69451300296186,,,,https://downloads.khinsider.com/game-soundtracks/album/super-smash-bros.-ultimate-enhanced-original-soundtrack,2026-10-05,Track title is taken from KHInsider's soundtrack/gamerip album index. Popularity is an explicitly labelled proxy based on BeatHit game rank and track prominence.,"{""culture_category"":""video_game_music"",""video_game"":""Super Smash Bros. Ultimate"",""game_rank"":41,""game_association_kind"":""khinsider_game_soundtrack"",""khinsider_album_url"":""https://downloads.khinsider.com/game-soundtracks/album/super-smash-bros.-ultimate-enhanced-original-soundtrack"",""khinsider_album_title"":""Super Smash Bros. Ultimate Enhanced Original Soundtrack (super-smash-bros.-ultimate-enhanced-original-soundtrack)"",""khinsider_album_kind"":""official_or_gamerip"",""khinsider_album_match_score"":100.0,""relevance_score_100"":100.0,""popularity_score_100"":66.73628250740462,""score_100"":86.69451300296186,""popularity_basis"":""BeatHit master-list game rank plus track position proxy""}"
259,Castle  -  Boss Fortress - Super Mario World  -  SMB 3,Unknown credited artist,[],Super Smash Bros. Ultimate Vol. 02 - Super Mario (super-smash-bros.-ultimate-expanded-vol.-02-super-mario-switch-gamerip-2018),,,"[""video game soundtrack""]","[""und""]",,,,Super Smash Bros. Ultimate,,,khinsider_track_prominence_proxy,66.73628250740462,score_0_100,,,,86.69451300296186,,,,https://downloads.khinsider.com/game-soundtracks/album/super-smash-bros.-ultimate-expanded-vol.-02-super-mario-switch-gamerip-2018,2026-10-05,Track title is taken from KHInsider's soundtrack/gamerip album index. Popularity is an explicitly labelled proxy based on BeatHit game rank and track prominence.,"{""culture_category"":""video_game_music"",""video_game"":""Super Smash Bros. Ultimate"",""game_rank"":41,""game_association_kind"":""khinsider_game_soundtrack"",""khinsider_album_url"":""https://downloads.khinsider.com/game-soundtracks/album/super-smash-bros.-ultimate-expanded-vol.-02-super-mario-switch-gamerip-2018"",""khinsider_album_title"":""Super Smash Bros. Ultimate Vol. 02 - Super Mario (super-smash-bros.-ultimate-expanded-vol.-02-super-mario-switch-gamerip-2018)"",""khinsider_album_kind"":""official_or_gamerip"",""khinsider_album_match_score"":100.0,""relevance_score_100"":100.0,""popularity_score_100"":66.73628250740462,""score_100"":86.69451300296186,""popularity_basis"":""BeatHit master-list game rank plus track position proxy""}"
260,Boss 2 - DK - Jungle Climber,Unknown credited artist,[],Super Smash Bros. Ultimate Vol. 03 - Donkey Kong (super-smash-bros.-ultimate-expanded-vol.-03-donkey-kong-switch-gamerip-2018),,,"[""video game soundtrack""]","[""und""]",,,,Super Smash Bros. Ultimate,,,khinsider_track_prominence_proxy,66.73628250740462,score_0_100,,,,86.69451300296186,,,,https://downloads.khinsider.com/game-soundtracks/album/super-smash-bros.-ultimate-expanded-vol.-03-donkey-kong-switch-gamerip-2018,2026-10-05,Track title is taken from KHInsider's soundtrack/gamerip album index. Popularity is an explicitly labelled proxy based on BeatHit game rank and track prominence.,"{""culture_category"":""video_game_music"",""video_game"":""Super Smash Bros. Ultimate"",""game_rank"":41,""game_association_kind"":""khinsider_game_soundtrack"",""khinsider_album_url"":""https://downloads.khinsider.com/game-soundtracks/album/super-smash-bros.-ultimate-expanded-vol.-03-donkey-kong-switch-gamerip-2018"",""khinsider_album_title"":""Super Smash Bros. Ultimate Vol. 03 - Donkey Kong (super-smash-bros.-ultimate-expanded-vol.-03-donkey-kong-switch-gamerip-2018)"",""khinsider_album_kind"":""official_or_gamerip"",""khinsider_album_match_score"":100.0,""relevance_score_100"":100.0,""popularity_score_100"":66.73628250740462,""score_100"":86.69451300296186,""popularity_basis"":""BeatHit master-list game rank plus track position proxy""}"
261,Termina Field [Original],Unknown credited artist,[],Super Smash Bros. Ultimate Vol. 04 - The Legend of Zelda (super-smash-bros.-ultimate-expanded-vol.-04-the-legend-of-zelda-switch-gamerip-2018),,,"[""video game soundtrack""]","[""und""]",,,,Super Smash Bros. Ultimate,,,khinsider_track_prominence_proxy,66.73628250740462,score_0_100,,,,86.69451300296186,,,,https://downloads.khinsider.com/game-soundtracks/album/super-smash-bros.-ultimate-expanded-vol.-04-the-legend-of-zelda-switch-gamerip-2018,2026-10-05,Track title is taken from KHInsider's soundtrack/gamerip album index. Popularity is an explicitly labelled proxy based on BeatHit game rank and track prominence.,"{""culture_category"":""video_game_music"",""video_game"":""Super Smash Bros. Ultimate"",""game_rank"":41,""game_association_kind"":""khinsider_game_soundtrack"",""khinsider_album_url"":""https://downloads.khinsider.com/game-soundtracks/album/super-smash-bros.-ultimate-expanded-vol.-04-the-legend-of-zelda-switch-gamerip-2018"",""khinsider_album_title"":""Super Smash Bros. Ultimate Vol. 04 - The Legend of Zelda (super-smash-bros.-ultimate-expanded-vol.-04-the-legend-of-zelda-switch-gamerip-2018)"",""khinsider_album_kind"":""official_or_gamerip"",""khinsider_album_match_score"":100.0,""relevance_score_100"":100.0,""popularity_score_100"":66.73628250740462,""score_100"":86.69451300296186,""popularity_basis"":""BeatHit master-list game rank plus track position proxy""}"
262,End Results - Metroid - Samus Returns,Unknown credited artist,[],Super Smash Bros. Ultimate Vol. 05 - Metroid (super-smash-bros.-ultimate-expanded-vol.-05-metroid-switch-gamerip-2018),,,"[""video game soundtrack""]","[""und""]",,,,Super Smash Bros. Ultimate,,,khinsider_track_prominence_proxy,66.73628250740462,score_0_100,,,,86.69451300296186,,,,https://downloads.khinsider.com/game-soundtracks/album/super-smash-bros.-ultimate-expanded-vol.-05-metroid-switch-gamerip-2018,2026-10-05,Track title is taken from KHInsider's soundtrack/gamerip album index. Popularity is an explicitly labelled proxy based on BeatHit game rank and track prominence.,"{""culture_category"":""video_game_music"",""video_game"":""Super Smash Bros. Ultimate"",""game_rank"":41,""game_association_kind"":""khinsider_game_soundtrack"",""khinsider_album_url"":""https://downloads.khinsider.com/game-soundtracks/album/super-smash-bros.-ultimate-expanded-vol.-05-metroid-switch-gamerip-2018"",""khinsider_album_title"":""Super Smash Bros. Ultimate Vol. 05 - Metroid (super-smash-bros.-ultimate-expanded-vol.-05-metroid-switch-gamerip-2018)"",""khinsider_album_kind"":""official_or_gamerip"",""khinsider_album_match_score"":100.0,""relevance_score_100"":100.0,""popularity_score_100"":66.73628250740462,""score_100"":86.69451300296186,""popularity_basis"":""BeatHit master-list game rank plus track position proxy""}"
263,Yoshi's Song [Original],Unknown credited artist,[],Super Smash Bros. Ultimate Vol. 06 - Yoshi (super-smash-bros.-ultimate-expanded-vol.-06-yoshi-switch-gamerip-2018),,,"[""video game soundtrack""]","[""und""]",,,,Super Smash Bros. Ultimate,,,khinsider_track_prominence_proxy,66.73628250740462,score_0_100,,,,86.69451300296186,,,,https://downloads.khinsider.com/game-soundtracks/album/super-smash-bros.-ultimate-expanded-vol.-06-yoshi-switch-gamerip-2018,2026-10-05,Track title is taken from KHInsider's soundtrack/gamerip album index. Popularity is an explicitly labelled proxy based on BeatHit game rank and track prominence.,"{""culture_category"":""video_game_music"",""video_game"":""Super Smash Bros. Ultimate"",""game_rank"":41,""game_association_kind"":""khinsider_game_soundtrack"",""khinsider_album_url"":""https://downloads.khinsider.com/game-soundtracks/album/super-smash-bros.-ultimate-expanded-vol.-06-yoshi-switch-gamerip-2018"",""khinsider_album_title"":""Super Smash Bros. Ultimate Vol. 06 - Yoshi (super-smash-bros.-ultimate-expanded-vol.-06-yoshi-switch-gamerip-2018)"",""khinsider_album_kind"":""official_or_gamerip"",""khinsider_album_match_score"":100.0,""relevance_score_100"":100.0,""popularity_score_100"":66.73628250740462,""score_100"":86.69451300296186,""popularity_basis"":""BeatHit master-list game rank plus track position proxy""}"
264,Squeak Squad Theme,Unknown credited artist,[],Super Smash Bros. Ultimate Vol. 07 - Kirby (super-smash-bros.-ultimate-expanded-vol.-07-kirby-switch-gamerip-2018),,,"[""video game soundtrack""]","[""und""]",,,,Super Smash Bros. Ultimate,,,khinsider_track_prominence_proxy,66.73628250740462,score_0_100,,,,86.69451300296186,,,,https://downloads.khinsider.com/game-soundtracks/album/super-smash-bros.-ultimate-expanded-vol.-07-kirby-switch-gamerip-2018,2026-10-05,Track title is taken from KHInsider's soundtrack/gamerip album index. Popularity is an explicitly labelled proxy based on BeatHit game rank and track prominence.,"{""culture_category"":""video_game_music"",""video_game"":""Super Smash Bros. Ultimate"",""game_rank"":41,""game_association_kind"":""khinsider_game_soundtrack"",""khinsider_album_url"":""https://downloads.khinsider.com/game-soundtracks/album/super-smash-bros.-ultimate-expanded-vol.-07-kirby-switch-gamerip-2018"",""khinsider_album_title"":""Super Smash Bros. Ultimate Vol. 07 - Kirby (super-smash-bros.-ultimate-expanded-vol.-07-kirby-switch-gamerip-2018)"",""khinsider_album_kind"":""official_or_gamerip"",""khinsider_album_match_score"":100.0,""relevance_score_100"":100.0,""popularity_score_100"":66.73628250740462,""score_100"":86.69451300296186,""popularity_basis"":""BeatHit master-list game rank plus track position proxy""}"
265,Venom - Star Fox [Original],Unknown credited artist,[],Super Smash Bros. Ultimate Vol. 08 - Star Fox (super-smash-bros.-ultimate-expanded-vol.-08-star-fox-switch-gamerip-2018),,,"[""video game soundtrack""]","[""und""]",,,,Super Smash Bros. Ultimate,,,khinsider_track_prominence_proxy,66.73628250740462,score_0_100,,,,86.69451300296186,,,,https://downloads.khinsider.com/game-soundtracks/album/super-smash-bros.-ultimate-expanded-vol.-08-star-fox-switch-gamerip-2018,2026-10-05,Track title is taken from KHInsider's soundtrack/gamerip album index. Popularity is an explicitly labelled proxy based on BeatHit game rank and track prominence.,"{""culture_category"":""video_game_music"",""video_game"":""Super Smash Bros. Ultimate"",""game_rank"":41,""game_association_kind"":""khinsider_game_soundtrack"",""khinsider_album_url"":""https://downloads.khinsider.com/game-soundtracks/album/super-smash-bros.-ultimate-expanded-vol.-08-star-fox-switch-gamerip-2018"",""khinsider_album_title"":""Super Smash Bros. Ultimate Vol. 08 - Star Fox (super-smash-bros.-ultimate-expanded-vol.-08-star-fox-switch-gamerip-2018)"",""khinsider_album_kind"":""official_or_gamerip"",""khinsider_album_match_score"":100.0,""relevance_score_100"":100.0,""popularity_score_100"":66.73628250740462,""score_100"":86.69451300296186,""popularity_basis"":""BeatHit master-list game rank plus track position proxy""}"
266,Battle! (Champion) - Pokémon X  -  Pokémon Y,Unknown credited artist,[],Super Smash Bros. Ultimate Vol. 09 - Pokémon (super-smash-bros.-ultimate-expanded-vol.-09-pok-mon-switch-gamerip-2018),,,"[""video game soundtrack""]","[""und""]",,,,Super Smash Bros. Ultimate,,,khinsider_track_prominence_proxy,66.73628250740462,score_0_100,,,,86.69451300296186,,,,https://downloads.khinsider.com/game-soundtracks/album/super-smash-bros.-ultimate-expanded-vol.-09-pok-mon-switch-gamerip-2018,2026-10-05,Track title is taken from KHInsider's soundtrack/gamerip album index. Popularity is an explicitly labelled proxy based on BeatHit game rank and track prominence.,"{""culture_category"":""video_game_music"",""video_game"":""Super Smash Bros. Ultimate"",""game_rank"":41,""game_association_kind"":""khinsider_game_soundtrack"",""khinsider_album_url"":""https://downloads.khinsider.com/game-soundtracks/album/super-smash-bros.-ultimate-expanded-vol.-09-pok-mon-switch-gamerip-2018"",""khinsider_album_title"":""Super Smash Bros. Ultimate Vol. 09 - Pokémon (super-smash-bros.-ultimate-expanded-vol.-09-pok-mon-switch-gamerip-2018)"",""khinsider_album_kind"":""official_or_gamerip"",""khinsider_album_match_score"":100.0,""relevance_score_100"":100.0,""popularity_score_100"":66.73628250740462,""score_100"":86.69451300296186,""popularity_basis"":""BeatHit master-list game rank plus track position proxy""}"
267,Shotgun Kiss,Unknown credited artist,[],Super Smash Bros. Ultimate Vol. 10 - F-Zero (super-smash-bros.-ultimate-expanded-vol.-10-f-zero-switch-gamerip-2018),,,"[""video game soundtrack""]","[""und""]",,,,Super Smash Bros. Ultimate,,,khinsider_track_prominence_proxy,66.73628250740462,score_0_100,,,,86.69451300296186,,,,https://downloads.khinsider.com/game-soundtracks/album/super-smash-bros.-ultimate-expanded-vol.-10-f-zero-switch-gamerip-2018,2026-10-05,Track title is taken from KHInsider's soundtrack/gamerip album index. Popularity is an explicitly labelled proxy based on BeatHit game rank and track prominence.,"{""culture_category"":""video_game_music"",""video_game"":""Super Smash Bros. Ultimate"",""game_rank"":41,""game_association_kind"":""khinsider_game_soundtrack"",""khinsider_album_url"":""https://downloads.khinsider.com/game-soundtracks/album/super-smash-bros.-ultimate-expanded-vol.-10-f-zero-switch-gamerip-2018"",""khinsider_album_title"":""Super Smash Bros. Ultimate Vol. 10 - F-Zero (super-smash-bros.-ultimate-expanded-vol.-10-f-zero-switch-gamerip-2018)"",""khinsider_album_kind"":""official_or_gamerip"",""khinsider_album_match_score"":100.0,""relevance_score_100"":100.0,""popularity_score_100"":66.73628250740462,""score_100"":86.69451300296186,""popularity_basis"":""BeatHit master-list game rank plus track position proxy""}"
268,Onett Theme [Original],Unknown credited artist,[],Super Smash Bros. Ultimate Vol. 11 - Mother (super-smash-bros.-ultimate-expanded-vol.-11-mother-switch-gamerip-2018),,,"[""video game soundtrack""]","[""und""]",,,,Super Smash Bros. Ultimate,,,khinsider_track_prominence_proxy,66.73628250740462,score_0_100,,,,86.69451300296186,,,,https://downloads.khinsider.com/game-soundtracks/album/super-smash-bros.-ultimate-expanded-vol.-11-mother-switch-gamerip-2018,2026-10-05,Track title is taken from KHInsider's soundtrack/gamerip album index. Popularity is an explicitly labelled proxy based on BeatHit game rank and track prominence.,"{""culture_category"":""video_game_music"",""video_game"":""Super Smash Bros. Ultimate"",""game_rank"":41,""game_association_kind"":""khinsider_game_soundtrack"",""khinsider_album_url"":""https://downloads.khinsider.com/game-soundtracks/album/super-smash-bros.-ultimate-expanded-vol.-11-mother-switch-gamerip-2018"",""khinsider_album_title"":""Super Smash Bros. Ultimate Vol. 11 - Mother (super-smash-bros.-ultimate-expanded-vol.-11-mother-switch-gamerip-2018)"",""khinsider_album_kind"":""official_or_gamerip"",""khinsider_album_match_score"":100.0,""relevance_score_100"":100.0,""popularity_score_100"":66.73628250740462,""score_100"":86.69451300296186,""popularity_basis"":""BeatHit master-list game rank plus track position proxy""}"
269,Nintendo Switch Presentation 2017 Trailer BGM [The Legend of Zelda],Unknown credited artist,[],Super Smash Bros. Ultimate Enhanced Original Soundtrack (super-smash-bros.-ultimate-enhanced-original-soundtrack),,,"[""video game soundtrack""]","[""und""]",,,,Super Smash Bros. Ultimate,,,khinsider_track_prominence_proxy,66.52628250740463,score_0_100,,,,86.61051300296185,,,,https://downloads.khinsider.com/game-soundtracks/album/super-smash-bros.-ultimate-enhanced-original-soundtrack,2026-10-05,Track title is taken from KHInsider's soundtrack/gamerip album index. Popularity is an explicitly labelled proxy based on BeatHit game rank and track prominence.,"{""culture_category"":""video_game_music"",""video_game"":""Super Smash Bros. Ultimate"",""game_rank"":41,""game_association_kind"":""khinsider_game_soundtrack"",""khinsider_album_url"":""https://downloads.khinsider.com/game-soundtracks/album/super-smash-bros.-ultimate-enhanced-original-soundtrack"",""khinsider_album_title"":""Super Smash Bros. Ultimate Enhanced Original Soundtrack (super-smash-bros.-ultimate-enhanced-original-soundtrack)"",""khinsider_album_kind"":""official_or_gamerip"",""khinsider_album_match_score"":100.0,""relevance_score_100"":100.0,""popularity_score_100"":66.52628250740463,""score_100"":86.61051300296185,""popularity_basis"":""BeatHit master-list game rank plus track position proxy""}"
270,Fortress Boss - Super Mario World,Unknown credited artist,[],Super Smash Bros. Ultimate Vol. 02 - Super Mario (super-smash-bros.-ultimate-expanded-vol.-02-super-mario-switch-gamerip-2018),,,"[""video game soundtrack""]","[""und""]",,,,Super Smash Bros. Ultimate,,,khinsider_track_prominence_proxy,66.52628250740463,score_0_100,,,,86.61051300296185,,,,https://downloads.khinsider.com/game-soundtracks/album/super-smash-bros.-ultimate-expanded-vol.-02-super-mario-switch-gamerip-2018,2026-10-05,Track title is taken from KHInsider's soundtrack/gamerip album index. Popularity is an explicitly labelled proxy based on BeatHit game rank and track prominence.,"{""culture_category"":""video_game_music"",""video_game"":""Super Smash Bros. Ultimate"",""game_rank"":41,""game_association_kind"":""khinsider_game_soundtrack"",""khinsider_album_url"":""https://downloads.khinsider.com/game-soundtracks/album/super-smash-bros.-ultimate-expanded-vol.-02-super-mario-switch-gamerip-2018"",""khinsider_album_title"":""Super Smash Bros. Ultimate Vol. 02 - Super Mario (super-smash-bros.-ultimate-expanded-vol.-02-super-mario-switch-gamerip-2018)"",""khinsider_album_kind"":""official_or_gamerip"",""khinsider_album_match_score"":100.0,""relevance_score_100"":100.0,""popularity_score_100"":66.52628250740463,""score_100"":86.61051300296185,""popularity_basis"":""BeatHit master-list game rank plus track position proxy""}"
271,Mole Patrol,Unknown credited artist,[],Super Smash Bros. Ultimate Vol. 03 - Donkey Kong (super-smash-bros.-ultimate-expanded-vol.-03-donkey-kong-switch-gamerip-2018),,,"[""video game soundtrack""]","[""und""]",,,,Super Smash Bros. Ultimate,,,khinsider_track_prominence_proxy,66.52628250740463,score_0_100,,,,86.61051300296185,,,,https://downloads.khinsider.com/game-soundtracks/album/super-smash-bros.-ultimate-expanded-vol.-03-donkey-kong-switch-gamerip-2018,2026-10-05,Track title is taken from KHInsider's soundtrack/gamerip album index. Popularity is an explicitly labelled proxy based on BeatHit game rank and track prominence.,"{""culture_category"":""video_game_music"",""video_game"":""Super Smash Bros. Ultimate"",""game_rank"":41,""game_association_kind"":""khinsider_game_soundtrack"",""khinsider_album_url"":""https://downloads.khinsider.com/game-soundtracks/album/super-smash-bros.-ultimate-expanded-vol.-03-donkey-kong-switch-gamerip-2018"",""khinsider_album_title"":""Super Smash Bros. Ultimate Vol. 03 - Donkey Kong (super-smash-bros.-ultimate-expanded-vol.-03-donkey-kong-switch-gamerip-2018)"",""khinsider_album_kind"":""official_or_gamerip"",""khinsider_album_match_score"":100.0,""relevance_score_100"":100.0,""popularity_score_100"":66.52628250740463,""score_100"":86.61051300296185,""popularity_basis"":""BeatHit master-list game rank plus track position proxy""}"
272,The Great Sea  -  Menu Select,Unknown credited artist,[],Super Smash Bros. Ultimate Vol. 04 - The Legend of Zelda (super-smash-bros.-ultimate-expanded-vol.-04-the-legend-of-zelda-switch-gamerip-2018),,,"[""video game soundtrack""]","[""und""]",,,,Super Smash Bros. Ultimate,,,khinsider_track_prominence_proxy,66.52628250740463,score_0_100,,,,86.61051300296185,,,,https://downloads.khinsider.com/game-soundtracks/album/super-smash-bros.-ultimate-expanded-vol.-04-the-legend-of-zelda-switch-gamerip-2018,2026-10-05,Track title is taken from KHInsider's soundtrack/gamerip album index. Popularity is an explicitly labelled proxy based on BeatHit game rank and track prominence.,"{""culture_category"":""video_game_music"",""video_game"":""Super Smash Bros. Ultimate"",""game_rank"":41,""game_association_kind"":""khinsider_game_soundtrack"",""khinsider_album_url"":""https://downloads.khinsider.com/game-soundtracks/album/super-smash-bros.-ultimate-expanded-vol.-04-the-legend-of-zelda-switch-gamerip-2018"",""khinsider_album_title"":""Super Smash Bros. Ultimate Vol. 04 - The Legend of Zelda (super-smash-bros.-ultimate-expanded-vol.-04-the-legend-of-zelda-switch-gamerip-2018)"",""khinsider_album_kind"":""official_or_gamerip"",""khinsider_album_match_score"":100.0,""relevance_score_100"":100.0,""popularity_score_100"":66.52628250740463,""score_100"":86.61051300296185,""popularity_basis"":""BeatHit master-list game rank plus track position proxy""}"
273,Metroid Victory Theme (64),Unknown credited artist,[],Super Smash Bros. Ultimate Vol. 05 - Metroid (super-smash-bros.-ultimate-expanded-vol.-05-metroid-switch-gamerip-2018),,,"[""video game soundtrack""]","[""und""]",,,,Super Smash Bros. Ultimate,,,khinsider_track_prominence_proxy,66.52628250740463,score_0_100,,,,86.61051300296185,,,,https://downloads.khinsider.com/game-soundtracks/album/super-smash-bros.-ultimate-expanded-vol.-05-metroid-switch-gamerip-2018,2026-10-05,Track title is taken from KHInsider's soundtrack/gamerip album index. Popularity is an explicitly labelled proxy based on BeatHit game rank and track prominence.,"{""culture_category"":""video_game_music"",""video_game"":""Super Smash Bros. Ultimate"",""game_rank"":41,""game_association_kind"":""khinsider_game_soundtrack"",""khinsider_album_url"":""https://downloads.khinsider.com/game-soundtracks/album/super-smash-bros.-ultimate-expanded-vol.-05-metroid-switch-gamerip-2018"",""khinsider_album_title"":""Super Smash Bros. Ultimate Vol. 05 - Metroid (super-smash-bros.-ultimate-expanded-vol.-05-metroid-switch-gamerip-2018)"",""khinsider_album_kind"":""official_or_gamerip"",""khinsider_album_match_score"":100.0,""relevance_score_100"":100.0,""popularity_score_100"":66.52628250740463,""score_100"":86.61051300296185,""popularity_basis"":""BeatHit master-list game rank plus track position proxy""}"
274,Yoshi's Story [Original],Unknown credited artist,[],Super Smash Bros. Ultimate Vol. 06 - Yoshi (super-smash-bros.-ultimate-expanded-vol.-06-yoshi-switch-gamerip-2018),,,"[""video game soundtrack""]","[""und""]",,,,Super Smash Bros. Ultimate,,,khinsider_track_prominence_proxy,66.52628250740463,score_0_100,,,,86.61051300296185,,,,https://downloads.khinsider.com/game-soundtracks/album/super-smash-bros.-ultimate-expanded-vol.-06-yoshi-switch-gamerip-2018,2026-10-05,Track title is taken from KHInsider's soundtrack/gamerip album index. Popularity is an explicitly labelled proxy based on BeatHit game rank and track prominence.,"{""culture_category"":""video_game_music"",""video_game"":""Super Smash Bros. Ultimate"",""game_rank"":41,""game_association_kind"":""khinsider_game_soundtrack"",""khinsider_album_url"":""https://downloads.khinsider.com/game-soundtracks/album/super-smash-bros.-ultimate-expanded-vol.-06-yoshi-switch-gamerip-2018"",""khinsider_album_title"":""Super Smash Bros. Ultimate Vol. 06 - Yoshi (super-smash-bros.-ultimate-expanded-vol.-06-yoshi-switch-gamerip-2018)"",""khinsider_album_kind"":""official_or_gamerip"",""khinsider_album_match_score"":100.0,""relevance_score_100"":100.0,""popularity_score_100"":66.52628250740463,""score_100"":86.61051300296185,""popularity_basis"":""BeatHit master-list game rank plus track position proxy""}"
275,The Adventure Begins,Unknown credited artist,[],Super Smash Bros. Ultimate Vol. 07 - Kirby (super-smash-bros.-ultimate-expanded-vol.-07-kirby-switch-gamerip-2018),,,"[""video game soundtrack""]","[""und""]",,,,Super Smash Bros. Ultimate,,,khinsider_track_prominence_proxy,66.52628250740463,score_0_100,,,,86.61051300296185,,,,https://downloads.khinsider.com/game-soundtracks/album/super-smash-bros.-ultimate-expanded-vol.-07-kirby-switch-gamerip-2018,2026-10-05,Track title is taken from KHInsider's soundtrack/gamerip album index. Popularity is an explicitly labelled proxy based on BeatHit game rank and track prominence.,"{""culture_category"":""video_game_music"",""video_game"":""Super Smash Bros. Ultimate"",""game_rank"":41,""game_association_kind"":""khinsider_game_soundtrack"",""khinsider_album_url"":""https://downloads.khinsider.com/game-soundtracks/album/super-smash-bros.-ultimate-expanded-vol.-07-kirby-switch-gamerip-2018"",""khinsider_album_title"":""Super Smash Bros. Ultimate Vol. 07 - Kirby (super-smash-bros.-ultimate-expanded-vol.-07-kirby-switch-gamerip-2018)"",""khinsider_album_kind"":""official_or_gamerip"",""khinsider_album_match_score"":100.0,""relevance_score_100"":100.0,""popularity_score_100"":66.52628250740463,""score_100"":86.61051300296185,""popularity_basis"":""BeatHit master-list game rank plus track position proxy""}"
276,Map - Star Fox [Original],Unknown credited artist,[],Super Smash Bros. Ultimate Vol. 08 - Star Fox (super-smash-bros.-ultimate-expanded-vol.-08-star-fox-switch-gamerip-2018),,,"[""video game soundtrack""]","[""und""]",,,,Super Smash Bros. Ultimate,,,khinsider_track_prominence_proxy,66.52628250740463,score_0_100,,,,86.61051300296185,,,,https://downloads.khinsider.com/game-soundtracks/album/super-smash-bros.-ultimate-expanded-vol.-08-star-fox-switch-gamerip-2018,2026-10-05,Track title is taken from KHInsider's soundtrack/gamerip album index. Popularity is an explicitly labelled proxy based on BeatHit game rank and track prominence.,"{""culture_category"":""video_game_music"",""video_game"":""Super Smash Bros. Ultimate"",""game_rank"":41,""game_association_kind"":""khinsider_game_soundtrack"",""khinsider_album_url"":""https://downloads.khinsider.com/game-soundtracks/album/super-smash-bros.-ultimate-expanded-vol.-08-star-fox-switch-gamerip-2018"",""khinsider_album_title"":""Super Smash Bros. Ultimate Vol. 08 - Star Fox (super-smash-bros.-ultimate-expanded-vol.-08-star-fox-switch-gamerip-2018)"",""khinsider_album_kind"":""official_or_gamerip"",""khinsider_album_match_score"":100.0,""relevance_score_100"":100.0,""popularity_score_100"":66.52628250740463,""score_100"":86.61051300296185,""popularity_basis"":""BeatHit master-list game rank plus track position proxy""}"
277,Battle! (Steven),Unknown credited artist,[],Super Smash Bros. Ultimate Vol. 09 - Pokémon (super-smash-bros.-ultimate-expanded-vol.-09-pok-mon-switch-gamerip-2018),,,"[""video game soundtrack""]","[""und""]",,,,Super Smash Bros. Ultimate,,,khinsider_track_prominence_proxy,66.52628250740463,score_0_100,,,,86.61051300296185,,,,https://downloads.khinsider.com/game-soundtracks/album/super-smash-bros.-ultimate-expanded-vol.-09-pok-mon-switch-gamerip-2018,2026-10-05,Track title is taken from KHInsider's soundtrack/gamerip album index. Popularity is an explicitly labelled proxy based on BeatHit game rank and track prominence.,"{""culture_category"":""video_game_music"",""video_game"":""Super Smash Bros. Ultimate"",""game_rank"":41,""game_association_kind"":""khinsider_game_soundtrack"",""khinsider_album_url"":""https://downloads.khinsider.com/game-soundtracks/album/super-smash-bros.-ultimate-expanded-vol.-09-pok-mon-switch-gamerip-2018"",""khinsider_album_title"":""Super Smash Bros. Ultimate Vol. 09 - Pokémon (super-smash-bros.-ultimate-expanded-vol.-09-pok-mon-switch-gamerip-2018)"",""khinsider_album_kind"":""official_or_gamerip"",""khinsider_album_match_score"":100.0,""relevance_score_100"":100.0,""popularity_score_100"":66.52628250740463,""score_100"":86.61051300296185,""popularity_basis"":""BeatHit master-list game rank plus track position proxy""}"
278,Planet Colors,Unknown credited artist,[],Super Smash Bros. Ultimate Vol. 10 - F-Zero (super-smash-bros.-ultimate-expanded-vol.-10-f-zero-switch-gamerip-2018),,,"[""video game soundtrack""]","[""und""]",,,,Super Smash Bros. Ultimate,,,khinsider_track_prominence_proxy,66.52628250740463,score_0_100,,,,86.61051300296185,,,,https://downloads.khinsider.com/game-soundtracks/album/super-smash-bros.-ultimate-expanded-vol.-10-f-zero-switch-gamerip-2018,2026-10-05,Track title is taken from KHInsider's soundtrack/gamerip album index. Popularity is an explicitly labelled proxy based on BeatHit game rank and track prominence.,"{""culture_category"":""video_game_music"",""video_game"":""Super Smash Bros. Ultimate"",""game_rank"":41,""game_association_kind"":""khinsider_game_soundtrack"",""khinsider_album_url"":""https://downloads.khinsider.com/game-soundtracks/album/super-smash-bros.-ultimate-expanded-vol.-10-f-zero-switch-gamerip-2018"",""khinsider_album_title"":""Super Smash Bros. Ultimate Vol. 10 - F-Zero (super-smash-bros.-ultimate-expanded-vol.-10-f-zero-switch-gamerip-2018)"",""khinsider_album_kind"":""official_or_gamerip"",""khinsider_album_match_score"":100.0,""relevance_score_100"":100.0,""popularity_score_100"":66.52628250740463,""score_100"":86.61051300296185,""popularity_basis"":""BeatHit master-list game rank plus track position proxy""}"
279,Winters Theme [Original],Unknown credited artist,[],Super Smash Bros. Ultimate Vol. 11 - Mother (super-smash-bros.-ultimate-expanded-vol.-11-mother-switch-gamerip-2018),,,"[""video game soundtrack""]","[""und""]",,,,Super Smash Bros. Ultimate,,,khinsider_track_prominence_proxy,66.52628250740463,score_0_100,,,,86.61051300296185,,,,https://downloads.khinsider.com/game-soundtracks/album/super-smash-bros.-ultimate-expanded-vol.-11-mother-switch-gamerip-2018,2026-10-05,Track title is taken from KHInsider's soundtrack/gamerip album index. Popularity is an explicitly labelled proxy based on BeatHit game rank and track prominence.,"{""culture_category"":""video_game_music"",""video_game"":""Super Smash Bros. Ultimate"",""game_rank"":41,""game_association_kind"":""khinsider_game_soundtrack"",""khinsider_album_url"":""https://downloads.khinsider.com/game-soundtracks/album/super-smash-bros.-ultimate-expanded-vol.-11-mother-switch-gamerip-2018"",""khinsider_album_title"":""Super Smash Bros. Ultimate Vol. 11 - Mother (super-smash-bros.-ultimate-expanded-vol.-11-mother-switch-gamerip-2018)"",""khinsider_album_kind"":""official_or_gamerip"",""khinsider_album_match_score"":100.0,""relevance_score_100"":100.0,""popularity_score_100"":66.52628250740463,""score_100"":86.61051300296185,""popularity_basis"":""BeatHit master-list game rank plus track position proxy""}"
280,Main Theme - The Legend of Zelda Breath of the Wild,Unknown credited artist,[],Super Smash Bros. Ultimate Enhanced Original Soundtrack (super-smash-bros.-ultimate-enhanced-original-soundtrack),,,"[""video game soundtrack""]","[""und""]",,,,Super Smash Bros. Ultimate,,,khinsider_track_prominence_proxy,66.31628250740462,score_0_100,,,,86.52651300296185,,,,https://downloads.khinsider.com/game-soundtracks/album/super-smash-bros.-ultimate-enhanced-original-soundtrack,2026-10-05,Track title is taken from KHInsider's soundtrack/gamerip album index. Popularity is an explicitly labelled proxy based on BeatHit game rank and track prominence.,"{""culture_category"":""video_game_music"",""video_game"":""Super Smash Bros. Ultimate"",""game_rank"":41,""game_association_kind"":""khinsider_game_soundtrack"",""khinsider_album_url"":""https://downloads.khinsider.com/game-soundtracks/album/super-smash-bros.-ultimate-enhanced-original-soundtrack"",""khinsider_album_title"":""Super Smash Bros. Ultimate Enhanced Original Soundtrack (super-smash-bros.-ultimate-enhanced-original-soundtrack)"",""khinsider_album_kind"":""official_or_gamerip"",""khinsider_album_match_score"":100.0,""relevance_score_100"":100.0,""popularity_score_100"":66.31628250740462,""score_100"":86.52651300296185,""popularity_basis"":""BeatHit master-list game rank plus track position proxy""}"
281,Main Theme - Super Mario 64,Unknown credited artist,[],Super Smash Bros. Ultimate Vol. 02 - Super Mario (super-smash-bros.-ultimate-expanded-vol.-02-super-mario-switch-gamerip-2018),,,"[""video game soundtrack""]","[""und""]",,,,Super Smash Bros. Ultimate,,,khinsider_track_prominence_proxy,66.31628250740462,score_0_100,,,,86.52651300296185,,,,https://downloads.khinsider.com/game-soundtracks/album/super-smash-bros.-ultimate-expanded-vol.-02-super-mario-switch-gamerip-2018,2026-10-05,Track title is taken from KHInsider's soundtrack/gamerip album index. Popularity is an explicitly labelled proxy based on BeatHit game rank and track prominence.,"{""culture_category"":""video_game_music"",""video_game"":""Super Smash Bros. Ultimate"",""game_rank"":41,""game_association_kind"":""khinsider_game_soundtrack"",""khinsider_album_url"":""https://downloads.khinsider.com/game-soundtracks/album/super-smash-bros.-ultimate-expanded-vol.-02-super-mario-switch-gamerip-2018"",""khinsider_album_title"":""Super Smash Bros. Ultimate Vol. 02 - Super Mario (super-smash-bros.-ultimate-expanded-vol.-02-super-mario-switch-gamerip-2018)"",""khinsider_album_kind"":""official_or_gamerip"",""khinsider_album_match_score"":100.0,""relevance_score_100"":100.0,""popularity_score_100"":66.31628250740462,""score_100"":86.52651300296185,""popularity_basis"":""BeatHit master-list game rank plus track position proxy""}"
282,Gear Getaway,Unknown credited artist,[],Super Smash Bros. Ultimate Vol. 03 - Donkey Kong (super-smash-bros.-ultimate-expanded-vol.-03-donkey-kong-switch-gamerip-2018),,,"[""video game soundtrack""]","[""und""]",,,,Super Smash Bros. Ultimate,,,khinsider_track_prominence_proxy,66.31628250740462,score_0_100,,,,86.52651300296185,,,,https://downloads.khinsider.com/game-soundtracks/album/super-smash-bros.-ultimate-expanded-vol.-03-donkey-kong-switch-gamerip-2018,2026-10-05,Track title is taken from KHInsider's soundtrack/gamerip album index. Popularity is an explicitly labelled proxy based on BeatHit game rank and track prominence.,"{""culture_category"":""video_game_music"",""video_game"":""Super Smash Bros. Ultimate"",""game_rank"":41,""game_association_kind"":""khinsider_game_soundtrack"",""khinsider_album_url"":""https://downloads.khinsider.com/game-soundtracks/album/super-smash-bros.-ultimate-expanded-vol.-03-donkey-kong-switch-gamerip-2018"",""khinsider_album_title"":""Super Smash Bros. Ultimate Vol. 03 - Donkey Kong (super-smash-bros.-ultimate-expanded-vol.-03-donkey-kong-switch-gamerip-2018)"",""khinsider_album_kind"":""official_or_gamerip"",""khinsider_album_match_score"":100.0,""relevance_score_100"":100.0,""popularity_score_100"":66.31628250740462,""score_100"":86.52651300296185,""popularity_basis"":""BeatHit master-list game rank plus track position proxy""}"
283,Dragon Roost Island,Unknown credited artist,[],Super Smash Bros. Ultimate Vol. 04 - The Legend of Zelda (super-smash-bros.-ultimate-expanded-vol.-04-the-legend-of-zelda-switch-gamerip-2018),,,"[""video game soundtrack""]","[""und""]",,,,Super Smash Bros. Ultimate,,,khinsider_track_prominence_proxy,66.31628250740462,score_0_100,,,,86.52651300296185,,,,https://downloads.khinsider.com/game-soundtracks/album/super-smash-bros.-ultimate-expanded-vol.-04-the-legend-of-zelda-switch-gamerip-2018,2026-10-05,Track title is taken from KHInsider's soundtrack/gamerip album index. Popularity is an explicitly labelled proxy based on BeatHit game rank and track prominence.,"{""culture_category"":""video_game_music"",""video_game"":""Super Smash Bros. Ultimate"",""game_rank"":41,""game_association_kind"":""khinsider_game_soundtrack"",""khinsider_album_url"":""https://downloads.khinsider.com/game-soundtracks/album/super-smash-bros.-ultimate-expanded-vol.-04-the-legend-of-zelda-switch-gamerip-2018"",""khinsider_album_title"":""Super Smash Bros. Ultimate Vol. 04 - The Legend of Zelda (super-smash-bros.-ultimate-expanded-vol.-04-the-legend-of-zelda-switch-gamerip-2018)"",""khinsider_album_kind"":""official_or_gamerip"",""khinsider_album_match_score"":100.0,""relevance_score_100"":100.0,""popularity_score_100"":66.31628250740462,""score_100"":86.52651300296185,""popularity_basis"":""BeatHit master-list game rank plus track position proxy""}"
284,Metroid Victory Theme (Melee),Unknown credited artist,[],Super Smash Bros. Ultimate Vol. 05 - Metroid (super-smash-bros.-ultimate-expanded-vol.-05-metroid-switch-gamerip-2018),,,"[""video game soundtrack""]","[""und""]",,,,Super Smash Bros. Ultimate,,,khinsider_track_prominence_proxy,66.31628250740462,score_0_100,,,,86.52651300296185,,,,https://downloads.khinsider.com/game-soundtracks/album/super-smash-bros.-ultimate-expanded-vol.-05-metroid-switch-gamerip-2018,2026-10-05,Track title is taken from KHInsider's soundtrack/gamerip album index. Popularity is an explicitly labelled proxy based on BeatHit game rank and track prominence.,"{""culture_category"":""video_game_music"",""video_game"":""Super Smash Bros. Ultimate"",""game_rank"":41,""game_association_kind"":""khinsider_game_soundtrack"",""khinsider_album_url"":""https://downloads.khinsider.com/game-soundtracks/album/super-smash-bros.-ultimate-expanded-vol.-05-metroid-switch-gamerip-2018"",""khinsider_album_title"":""Super Smash Bros. Ultimate Vol. 05 - Metroid (super-smash-bros.-ultimate-expanded-vol.-05-metroid-switch-gamerip-2018)"",""khinsider_album_kind"":""official_or_gamerip"",""khinsider_album_match_score"":100.0,""relevance_score_100"":100.0,""popularity_score_100"":66.31628250740462,""score_100"":86.52651300296185,""popularity_basis"":""BeatHit master-list game rank plus track position proxy""}"
285,Yoshi's Tale [Original],Unknown credited artist,[],Super Smash Bros. Ultimate Vol. 06 - Yoshi (super-smash-bros.-ultimate-expanded-vol.-06-yoshi-switch-gamerip-2018),,,"[""video game soundtrack""]","[""und""]",,,,Super Smash Bros. Ultimate,,,khinsider_track_prominence_proxy,66.31628250740462,score_0_100,,,,86.52651300296185,,,,https://downloads.khinsider.com/game-soundtracks/album/super-smash-bros.-ultimate-expanded-vol.-06-yoshi-switch-gamerip-2018,2026-10-05,Track title is taken from KHInsider's soundtrack/gamerip album index. Popularity is an explicitly labelled proxy based on BeatHit game rank and track prominence.,"{""culture_category"":""video_game_music"",""video_game"":""Super Smash Bros. Ultimate"",""game_rank"":41,""game_association_kind"":""khinsider_game_soundtrack"",""khinsider_album_url"":""https://downloads.khinsider.com/game-soundtracks/album/super-smash-bros.-ultimate-expanded-vol.-06-yoshi-switch-gamerip-2018"",""khinsider_album_title"":""Super Smash Bros. Ultimate Vol. 06 - Yoshi (super-smash-bros.-ultimate-expanded-vol.-06-yoshi-switch-gamerip-2018)"",""khinsider_album_kind"":""official_or_gamerip"",""khinsider_album_match_score"":100.0,""relevance_score_100"":100.0,""popularity_score_100"":66.31628250740462,""score_100"":86.52651300296185,""popularity_basis"":""BeatHit master-list game rank plus track position proxy""}"
286,Through the Forest,Unknown credited artist,[],Super Smash Bros. Ultimate Vol. 07 - Kirby (super-smash-bros.-ultimate-expanded-vol.-07-kirby-switch-gamerip-2018),,,"[""video game soundtrack""]","[""und""]",,,,Super Smash Bros. Ultimate,,,khinsider_track_prominence_proxy,66.31628250740462,score_0_100,,,,86.52651300296185,,,,https://downloads.khinsider.com/game-soundtracks/album/super-smash-bros.-ultimate-expanded-vol.-07-kirby-switch-gamerip-2018,2026-10-05,Track title is taken from KHInsider's soundtrack/gamerip album index. Popularity is an explicitly labelled proxy based on BeatHit game rank and track prominence.,"{""culture_category"":""video_game_music"",""video_game"":""Super Smash Bros. Ultimate"",""game_rank"":41,""game_association_kind"":""khinsider_game_soundtrack"",""khinsider_album_url"":""https://downloads.khinsider.com/game-soundtracks/album/super-smash-bros.-ultimate-expanded-vol.-07-kirby-switch-gamerip-2018"",""khinsider_album_title"":""Super Smash Bros. Ultimate Vol. 07 - Kirby (super-smash-bros.-ultimate-expanded-vol.-07-kirby-switch-gamerip-2018)"",""khinsider_album_kind"":""official_or_gamerip"",""khinsider_album_match_score"":100.0,""relevance_score_100"":100.0,""popularity_score_100"":66.31628250740462,""score_100"":86.52651300296185,""popularity_basis"":""BeatHit master-list game rank plus track position proxy""}"
287,Main Theme - Star Fox 64 [Original],Unknown credited artist,[],Super Smash Bros. Ultimate Vol. 08 - Star Fox (super-smash-bros.-ultimate-expanded-vol.-08-star-fox-switch-gamerip-2018),,,"[""video game soundtrack""]","[""und""]",,,,Super Smash Bros. Ultimate,,,khinsider_track_prominence_proxy,66.31628250740462,score_0_100,,,,86.52651300296185,,,,https://downloads.khinsider.com/game-soundtracks/album/super-smash-bros.-ultimate-expanded-vol.-08-star-fox-switch-gamerip-2018,2026-10-05,Track title is taken from KHInsider's soundtrack/gamerip album index. Popularity is an explicitly labelled proxy based on BeatHit game rank and track prominence.,"{""culture_category"":""video_game_music"",""video_game"":""Super Smash Bros. Ultimate"",""game_rank"":41,""game_association_kind"":""khinsider_game_soundtrack"",""khinsider_album_url"":""https://downloads.khinsider.com/game-soundtracks/album/super-smash-bros.-ultimate-expanded-vol.-08-star-fox-switch-gamerip-2018"",""khinsider_album_title"":""Super Smash Bros. Ultimate Vol. 08 - Star Fox (super-smash-bros.-ultimate-expanded-vol.-08-star-fox-switch-gamerip-2018)"",""khinsider_album_kind"":""official_or_gamerip"",""khinsider_album_match_score"":100.0,""relevance_score_100"":100.0,""popularity_score_100"":66.31628250740462,""score_100"":86.52651300296185,""popularity_basis"":""BeatHit master-list game rank plus track position proxy""}"
288,Battle! (Lorekeeper Zinnia),Unknown credited artist,[],Super Smash Bros. Ultimate Vol. 09 - Pokémon (super-smash-bros.-ultimate-expanded-vol.-09-pok-mon-switch-gamerip-2018),,,"[""video game soundtrack""]","[""und""]",,,,Super Smash Bros. Ultimate,,,khinsider_track_prominence_proxy,66.31628250740462,score_0_100,,,,86.52651300296185,,,,https://downloads.khinsider.com/game-soundtracks/album/super-smash-bros.-ultimate-expanded-vol.-09-pok-mon-switch-gamerip-2018,2026-10-05,Track title is taken from KHInsider's soundtrack/gamerip album index. Popularity is an explicitly labelled proxy based on BeatHit game rank and track prominence.,"{""culture_category"":""video_game_music"",""video_game"":""Super Smash Bros. Ultimate"",""game_rank"":41,""game_association_kind"":""khinsider_game_soundtrack"",""khinsider_album_url"":""https://downloads.khinsider.com/game-soundtracks/album/super-smash-bros.-ultimate-expanded-vol.-09-pok-mon-switch-gamerip-2018"",""khinsider_album_title"":""Super Smash Bros. Ultimate Vol. 09 - Pokémon (super-smash-bros.-ultimate-expanded-vol.-09-pok-mon-switch-gamerip-2018)"",""khinsider_album_kind"":""official_or_gamerip"",""khinsider_album_match_score"":100.0,""relevance_score_100"":100.0,""popularity_score_100"":66.31628250740462,""score_100"":86.52651300296185,""popularity_basis"":""BeatHit master-list game rank plus track position proxy""}"
289,F-Zero Victory Theme (64),Unknown credited artist,[],Super Smash Bros. Ultimate Vol. 10 - F-Zero (super-smash-bros.-ultimate-expanded-vol.-10-f-zero-switch-gamerip-2018),,,"[""video game soundtrack""]","[""und""]",,,,Super Smash Bros. Ultimate,,,khinsider_track_prominence_proxy,66.31628250740462,score_0_100,,,,86.52651300296185,,,,https://downloads.khinsider.com/game-soundtracks/album/super-smash-bros.-ultimate-expanded-vol.-10-f-zero-switch-gamerip-2018,2026-10-05,Track title is taken from KHInsider's soundtrack/gamerip album index. Popularity is an explicitly labelled proxy based on BeatHit game rank and track prominence.,"{""culture_category"":""video_game_music"",""video_game"":""Super Smash Bros. Ultimate"",""game_rank"":41,""game_association_kind"":""khinsider_game_soundtrack"",""khinsider_album_url"":""https://downloads.khinsider.com/game-soundtracks/album/super-smash-bros.-ultimate-expanded-vol.-10-f-zero-switch-gamerip-2018"",""khinsider_album_title"":""Super Smash Bros. Ultimate Vol. 10 - F-Zero (super-smash-bros.-ultimate-expanded-vol.-10-f-zero-switch-gamerip-2018)"",""khinsider_album_kind"":""official_or_gamerip"",""khinsider_album_match_score"":100.0,""relevance_score_100"":100.0,""popularity_score_100"":66.31628250740462,""score_100"":86.52651300296185,""popularity_basis"":""BeatHit master-list game rank plus track position proxy""}"
290,Smiles and Tears [Original],Unknown credited artist,[],Super Smash Bros. Ultimate Vol. 11 - Mother (super-smash-bros.-ultimate-expanded-vol.-11-mother-switch-gamerip-2018),,,"[""video game soundtrack""]","[""und""]",,,,Super Smash Bros. Ultimate,,,khinsider_track_prominence_proxy,66.31628250740462,score_0_100,,,,86.52651300296185,,,,https://downloads.khinsider.com/game-soundtracks/album/super-smash-bros.-ultimate-expanded-vol.-11-mother-switch-gamerip-2018,2026-10-05,Track title is taken from KHInsider's soundtrack/gamerip album index. Popularity is an explicitly labelled proxy based on BeatHit game rank and track prominence.,"{""culture_category"":""video_game_music"",""video_game"":""Super Smash Bros. Ultimate"",""game_rank"":41,""game_association_kind"":""khinsider_game_soundtrack"",""khinsider_album_url"":""https://downloads.khinsider.com/game-soundtracks/album/super-smash-bros.-ultimate-expanded-vol.-11-mother-switch-gamerip-2018"",""khinsider_album_title"":""Super Smash Bros. Ultimate Vol. 11 - Mother (super-smash-bros.-ultimate-expanded-vol.-11-mother-switch-gamerip-2018)"",""khinsider_album_kind"":""official_or_gamerip"",""khinsider_album_match_score"":100.0,""relevance_score_100"":100.0,""popularity_score_100"":66.31628250740462,""score_100"":86.52651300296185,""popularity_basis"":""BeatHit master-list game rank plus track position proxy""}"
291,Kass's Theme [The Legend of Zelda Breath of the Wild],Unknown credited artist,[],Super Smash Bros. Ultimate Enhanced Original Soundtrack (super-smash-bros.-ultimate-enhanced-original-soundtrack),,,"[""video game soundtrack""]","[""und""]",,,,Super Smash Bros. Ultimate,,,khinsider_track_prominence_proxy,66.10628250740461,score_0_100,,,,86.44251300296185,,,,https://downloads.khinsider.com/game-soundtracks/album/super-smash-bros.-ultimate-enhanced-original-soundtrack,2026-10-05,Track title is taken from KHInsider's soundtrack/gamerip album index. Popularity is an explicitly labelled proxy based on BeatHit game rank and track prominence.,"{""culture_category"":""video_game_music"",""video_game"":""Super Smash Bros. Ultimate"",""game_rank"":41,""game_association_kind"":""khinsider_game_soundtrack"",""khinsider_album_url"":""https://downloads.khinsider.com/game-soundtracks/album/super-smash-bros.-ultimate-enhanced-original-soundtrack"",""khinsider_album_title"":""Super Smash Bros. Ultimate Enhanced Original Soundtrack (super-smash-bros.-ultimate-enhanced-original-soundtrack)"",""khinsider_album_kind"":""official_or_gamerip"",""khinsider_album_match_score"":100.0,""relevance_score_100"":100.0,""popularity_score_100"":66.10628250740461,""score_100"":86.44251300296185,""popularity_basis"":""BeatHit master-list game rank plus track position proxy""}"
292,Main Theme - Super Mario 64 [Original],Unknown credited artist,[],Super Smash Bros. Ultimate Vol. 02 - Super Mario (super-smash-bros.-ultimate-expanded-vol.-02-super-mario-switch-gamerip-2018),,,"[""video game soundtrack""]","[""und""]",,,,Super Smash Bros. Ultimate,,,khinsider_track_prominence_proxy,66.10628250740461,score_0_100,,,,86.44251300296185,,,,https://downloads.khinsider.com/game-soundtracks/album/super-smash-bros.-ultimate-expanded-vol.-02-super-mario-switch-gamerip-2018,2026-10-05,Track title is taken from KHInsider's soundtrack/gamerip album index. Popularity is an explicitly labelled proxy based on BeatHit game rank and track prominence.,"{""culture_category"":""video_game_music"",""video_game"":""Super Smash Bros. Ultimate"",""game_rank"":41,""game_association_kind"":""khinsider_game_soundtrack"",""khinsider_album_url"":""https://downloads.khinsider.com/game-soundtracks/album/super-smash-bros.-ultimate-expanded-vol.-02-super-mario-switch-gamerip-2018"",""khinsider_album_title"":""Super Smash Bros. Ultimate Vol. 02 - Super Mario (super-smash-bros.-ultimate-expanded-vol.-02-super-mario-switch-gamerip-2018)"",""khinsider_album_kind"":""official_or_gamerip"",""khinsider_album_match_score"":100.0,""relevance_score_100"":100.0,""popularity_score_100"":66.10628250740461,""score_100"":86.44251300296185,""popularity_basis"":""BeatHit master-list game rank plus track position proxy""}"
293,Mangrove Cove,Unknown credited artist,[],Super Smash Bros. Ultimate Vol. 03 - Donkey Kong (super-smash-bros.-ultimate-expanded-vol.-03-donkey-kong-switch-gamerip-2018),,,"[""video game soundtrack""]","[""und""]",,,,Super Smash Bros. Ultimate,,,khinsider_track_prominence_proxy,66.10628250740461,score_0_100,,,,86.44251300296185,,,,https://downloads.khinsider.com/game-soundtracks/album/super-smash-bros.-ultimate-expanded-vol.-03-donkey-kong-switch-gamerip-2018,2026-10-05,Track title is taken from KHInsider's soundtrack/gamerip album index. Popularity is an explicitly labelled proxy based on BeatHit game rank and track prominence.,"{""culture_category"":""video_game_music"",""video_game"":""Super Smash Bros. Ultimate"",""game_rank"":41,""game_association_kind"":""khinsider_game_soundtrack"",""khinsider_album_url"":""https://downloads.khinsider.com/game-soundtracks/album/super-smash-bros.-ultimate-expanded-vol.-03-donkey-kong-switch-gamerip-2018"",""khinsider_album_title"":""Super Smash Bros. Ultimate Vol. 03 - Donkey Kong (super-smash-bros.-ultimate-expanded-vol.-03-donkey-kong-switch-gamerip-2018)"",""khinsider_album_kind"":""official_or_gamerip"",""khinsider_album_match_score"":100.0,""relevance_score_100"":100.0,""popularity_score_100"":66.10628250740461,""score_100"":86.44251300296185,""popularity_basis"":""BeatHit master-list game rank plus track position proxy""}"
294,Molgera,Unknown credited artist,[],Super Smash Bros. Ultimate Vol. 04 - The Legend of Zelda (super-smash-bros.-ultimate-expanded-vol.-04-the-legend-of-zelda-switch-gamerip-2018),,,"[""video game soundtrack""]","[""und""]",,,,Super Smash Bros. Ultimate,,,khinsider_track_prominence_proxy,66.10628250740461,score_0_100,,,,86.44251300296185,,,,https://downloads.khinsider.com/game-soundtracks/album/super-smash-bros.-ultimate-expanded-vol.-04-the-legend-of-zelda-switch-gamerip-2018,2026-10-05,Track title is taken from KHInsider's soundtrack/gamerip album index. Popularity is an explicitly labelled proxy based on BeatHit game rank and track prominence.,"{""culture_category"":""video_game_music"",""video_game"":""Super Smash Bros. Ultimate"",""game_rank"":41,""game_association_kind"":""khinsider_game_soundtrack"",""khinsider_album_url"":""https://downloads.khinsider.com/game-soundtracks/album/super-smash-bros.-ultimate-expanded-vol.-04-the-legend-of-zelda-switch-gamerip-2018"",""khinsider_album_title"":""Super Smash Bros. Ultimate Vol. 04 - The Legend of Zelda (super-smash-bros.-ultimate-expanded-vol.-04-the-legend-of-zelda-switch-gamerip-2018)"",""khinsider_album_kind"":""official_or_gamerip"",""khinsider_album_match_score"":100.0,""relevance_score_100"":100.0,""popularity_score_100"":66.10628250740461,""score_100"":86.44251300296185,""popularity_basis"":""BeatHit master-list game rank plus track position proxy""}"
295,Metroid Victory Theme (Brawl),Unknown credited artist,[],Super Smash Bros. Ultimate Vol. 05 - Metroid (super-smash-bros.-ultimate-expanded-vol.-05-metroid-switch-gamerip-2018),,,"[""video game soundtrack""]","[""und""]",,,,Super Smash Bros. Ultimate,,,khinsider_track_prominence_proxy,66.10628250740461,score_0_100,,,,86.44251300296185,,,,https://downloads.khinsider.com/game-soundtracks/album/super-smash-bros.-ultimate-expanded-vol.-05-metroid-switch-gamerip-2018,2026-10-05,Track title is taken from KHInsider's soundtrack/gamerip album index. Popularity is an explicitly labelled proxy based on BeatHit game rank and track prominence.,"{""culture_category"":""video_game_music"",""video_game"":""Super Smash Bros. Ultimate"",""game_rank"":41,""game_association_kind"":""khinsider_game_soundtrack"",""khinsider_album_url"":""https://downloads.khinsider.com/game-soundtracks/album/super-smash-bros.-ultimate-expanded-vol.-05-metroid-switch-gamerip-2018"",""khinsider_album_title"":""Super Smash Bros. Ultimate Vol. 05 - Metroid (super-smash-bros.-ultimate-expanded-vol.-05-metroid-switch-gamerip-2018)"",""khinsider_album_kind"":""official_or_gamerip"",""khinsider_album_match_score"":100.0,""relevance_score_100"":100.0,""popularity_score_100"":66.10628250740461,""score_100"":86.44251300296185,""popularity_basis"":""BeatHit master-list game rank plus track position proxy""}"
296,Flower Field [Original],Unknown credited artist,[],Super Smash Bros. Ultimate Vol. 06 - Yoshi (super-smash-bros.-ultimate-expanded-vol.-06-yoshi-switch-gamerip-2018),,,"[""video game soundtrack""]","[""und""]",,,,Super Smash Bros. Ultimate,,,khinsider_track_prominence_proxy,66.10628250740461,score_0_100,,,,86.44251300296185,,,,https://downloads.khinsider.com/game-soundtracks/album/super-smash-bros.-ultimate-expanded-vol.-06-yoshi-switch-gamerip-2018,2026-10-05,Track title is taken from KHInsider's soundtrack/gamerip album index. Popularity is an explicitly labelled proxy based on BeatHit game rank and track prominence.,"{""culture_category"":""video_game_music"",""video_game"":""Super Smash Bros. Ultimate"",""game_rank"":41,""game_association_kind"":""khinsider_game_soundtrack"",""khinsider_album_url"":""https://downloads.khinsider.com/game-soundtracks/album/super-smash-bros.-ultimate-expanded-vol.-06-yoshi-switch-gamerip-2018"",""khinsider_album_title"":""Super Smash Bros. Ultimate Vol. 06 - Yoshi (super-smash-bros.-ultimate-expanded-vol.-06-yoshi-switch-gamerip-2018)"",""khinsider_album_kind"":""official_or_gamerip"",""khinsider_album_match_score"":100.0,""relevance_score_100"":100.0,""popularity_score_100"":66.10628250740461,""score_100"":86.44251300296185,""popularity_basis"":""BeatHit master-list game rank plus track position proxy""}"
297,Sky Tower,Unknown credited artist,[],Super Smash Bros. Ultimate Vol. 07 - Kirby (super-smash-bros.-ultimate-expanded-vol.-07-kirby-switch-gamerip-2018),,,"[""video game soundtrack""]","[""und""]",,,,Super Smash Bros. Ultimate,,,khinsider_track_prominence_proxy,66.10628250740461,score_0_100,,,,86.44251300296185,,,,https://downloads.khinsider.com/game-soundtracks/album/super-smash-bros.-ultimate-expanded-vol.-07-kirby-switch-gamerip-2018,2026-10-05,Track title is taken from KHInsider's soundtrack/gamerip album index. Popularity is an explicitly labelled proxy based on BeatHit game rank and track prominence.,"{""culture_category"":""video_game_music"",""video_game"":""Super Smash Bros. Ultimate"",""game_rank"":41,""game_association_kind"":""khinsider_game_soundtrack"",""khinsider_album_url"":""https://downloads.khinsider.com/game-soundtracks/album/super-smash-bros.-ultimate-expanded-vol.-07-kirby-switch-gamerip-2018"",""khinsider_album_title"":""Super Smash Bros. Ultimate Vol. 07 - Kirby (super-smash-bros.-ultimate-expanded-vol.-07-kirby-switch-gamerip-2018)"",""khinsider_album_kind"":""official_or_gamerip"",""khinsider_album_match_score"":100.0,""relevance_score_100"":100.0,""popularity_score_100"":66.10628250740461,""score_100"":86.44251300296185,""popularity_basis"":""BeatHit master-list game rank plus track position proxy""}"
298,Star Wolf [Original],Unknown credited artist,[],Super Smash Bros. Ultimate Vol. 08 - Star Fox (super-smash-bros.-ultimate-expanded-vol.-08-star-fox-switch-gamerip-2018),,,"[""video game soundtrack""]","[""und""]",,,,Super Smash Bros. Ultimate,,,khinsider_track_prominence_proxy,66.10628250740461,score_0_100,,,,86.44251300296185,,,,https://downloads.khinsider.com/game-soundtracks/album/super-smash-bros.-ultimate-expanded-vol.-08-star-fox-switch-gamerip-2018,2026-10-05,Track title is taken from KHInsider's soundtrack/gamerip album index. Popularity is an explicitly labelled proxy based on BeatHit game rank and track prominence.,"{""culture_category"":""video_game_music"",""video_game"":""Super Smash Bros. Ultimate"",""game_rank"":41,""game_association_kind"":""khinsider_game_soundtrack"",""khinsider_album_url"":""https://downloads.khinsider.com/game-soundtracks/album/super-smash-bros.-ultimate-expanded-vol.-08-star-fox-switch-gamerip-2018"",""khinsider_album_title"":""Super Smash Bros. Ultimate Vol. 08 - Star Fox (super-smash-bros.-ultimate-expanded-vol.-08-star-fox-switch-gamerip-2018)"",""khinsider_album_kind"":""official_or_gamerip"",""khinsider_album_match_score"":100.0,""relevance_score_100"":100.0,""popularity_score_100"":66.10628250740461,""score_100"":86.44251300296185,""popularity_basis"":""BeatHit master-list game rank plus track position proxy""}"
299,F-Zero Victory Theme (Melee),Unknown credited artist,[],Super Smash Bros. Ultimate Vol. 10 - F-Zero (super-smash-bros.-ultimate-expanded-vol.-10-f-zero-switch-gamerip-2018),,,"[""video game soundtrack""]","[""und""]",,,,Super Smash Bros. Ultimate,,,khinsider_track_prominence_proxy,66.10628250740461,score_0_100,,,,86.44251300296185,,,,https://downloads.khinsider.com/game-soundtracks/album/super-smash-bros.-ultimate-expanded-vol.-10-f-zero-switch-gamerip-2018,2026-10-05,Track title is taken from KHInsider's soundtrack/gamerip album index. Popularity is an explicitly labelled proxy based on BeatHit game rank and track prominence.,"{""culture_category"":""video_game_music"",""video_game"":""Super Smash Bros. Ultimate"",""game_rank"":41,""game_association_kind"":""khinsider_game_soundtrack"",""khinsider_album_url"":""https://downloads.khinsider.com/game-soundtracks/album/super-smash-bros.-ultimate-expanded-vol.-10-f-zero-switch-gamerip-2018"",""khinsider_album_title"":""Super Smash Bros. Ultimate Vol. 10 - F-Zero (super-smash-bros.-ultimate-expanded-vol.-10-f-zero-switch-gamerip-2018)"",""khinsider_album_kind"":""official_or_gamerip"",""khinsider_album_match_score"":100.0,""relevance_score_100"":100.0,""popularity_score_100"":66.10628250740461,""score_100"":86.44251300296185,""popularity_basis"":""BeatHit master-list game rank plus track position proxy""}"
300,Fourside [Original],Unknown credited artist,[],Super Smash Bros. Ultimate Vol. 11 - Mother (super-smash-bros.-ultimate-expanded-vol.-11-mother-switch-gamerip-2018),,,"[""video game soundtrack""]","[""und""]",,,,Super Smash Bros. Ultimate,,,khinsider_track_prominence_proxy,66.10628250740461,score_0_100,,,,86.44251300296185,,,,https://downloads.khinsider.com/game-soundtracks/album/super-smash-bros.-ultimate-expanded-vol.-11-mother-switch-gamerip-2018,2026-10-05,Track title is taken from KHInsider's soundtrack/gamerip album index. Popularity is an explicitly labelled proxy based on BeatHit game rank and track prominence.,"{""culture_category"":""video_game_music"",""video_game"":""Super Smash Bros. Ultimate"",""game_rank"":41,""game_association_kind"":""khinsider_game_soundtrack"",""khinsider_album_url"":""https://downloads.khinsider.com/game-soundtracks/album/super-smash-bros.-ultimate-expanded-vol.-11-mother-switch-gamerip-2018"",""khinsider_album_title"":""Super Smash Bros. Ultimate Vol. 11 - Mother (super-smash-bros.-ultimate-expanded-vol.-11-mother-switch-gamerip-2018)"",""khinsider_album_kind"":""official_or_gamerip"",""khinsider_album_match_score"":100.0,""relevance_score_100"":100.0,""popularity_score_100"":66.10628250740461,""score_100"":86.44251300296185,""popularity_basis"":""BeatHit master-list game rank plus track position proxy""}"
301,Victory! [The Legend of Zelda],Unknown credited artist,[],Super Smash Bros. Ultimate Enhanced Original Soundtrack (super-smash-bros.-ultimate-enhanced-original-soundtrack),,,"[""video game soundtrack""]","[""und""]",,,,Super Smash Bros. Ultimate,,,khinsider_track_prominence_proxy,65.89628250740462,score_0_100,,,,86.35851300296184,,,,https://downloads.khinsider.com/game-soundtracks/album/super-smash-bros.-ultimate-enhanced-original-soundtrack,2026-10-05,Track title is taken from KHInsider's soundtrack/gamerip album index. Popularity is an explicitly labelled proxy based on BeatHit game rank and track prominence.,"{""culture_category"":""video_game_music"",""video_game"":""Super Smash Bros. Ultimate"",""game_rank"":41,""game_association_kind"":""khinsider_game_soundtrack"",""khinsider_album_url"":""https://downloads.khinsider.com/game-soundtracks/album/super-smash-bros.-ultimate-enhanced-original-soundtrack"",""khinsider_album_title"":""Super Smash Bros. Ultimate Enhanced Original Soundtrack (super-smash-bros.-ultimate-enhanced-original-soundtrack)"",""khinsider_album_kind"":""official_or_gamerip"",""khinsider_album_match_score"":100.0,""relevance_score_100"":100.0,""popularity_score_100"":65.89628250740462,""score_100"":86.35851300296184,""popularity_basis"":""BeatHit master-list game rank plus track position proxy""}"
302,Slide,Unknown credited artist,[],Super Smash Bros. Ultimate Vol. 02 - Super Mario (super-smash-bros.-ultimate-expanded-vol.-02-super-mario-switch-gamerip-2018),,,"[""video game soundtrack""]","[""und""]",,,,Super Smash Bros. Ultimate,,,khinsider_track_prominence_proxy,65.89628250740462,score_0_100,,,,86.35851300296184,,,,https://downloads.khinsider.com/game-soundtracks/album/super-smash-bros.-ultimate-expanded-vol.-02-super-mario-switch-gamerip-2018,2026-10-05,Track title is taken from KHInsider's soundtrack/gamerip album index. Popularity is an explicitly labelled proxy based on BeatHit game rank and track prominence.,"{""culture_category"":""video_game_music"",""video_game"":""Super Smash Bros. Ultimate"",""game_rank"":41,""game_association_kind"":""khinsider_game_soundtrack"",""khinsider_album_url"":""https://downloads.khinsider.com/game-soundtracks/album/super-smash-bros.-ultimate-expanded-vol.-02-super-mario-switch-gamerip-2018"",""khinsider_album_title"":""Super Smash Bros. Ultimate Vol. 02 - Super Mario (super-smash-bros.-ultimate-expanded-vol.-02-super-mario-switch-gamerip-2018)"",""khinsider_album_kind"":""official_or_gamerip"",""khinsider_album_match_score"":100.0,""relevance_score_100"":100.0,""popularity_score_100"":65.89628250740462,""score_100"":86.35851300296184,""popularity_basis"":""BeatHit master-list game rank plus track position proxy""}"
303,Donkey Kong Victory Theme (64),Unknown credited artist,[],Super Smash Bros. Ultimate Vol. 03 - Donkey Kong (super-smash-bros.-ultimate-expanded-vol.-03-donkey-kong-switch-gamerip-2018),,,"[""video game soundtrack""]","[""und""]",,,,Super Smash Bros. Ultimate,,,khinsider_track_prominence_proxy,65.89628250740462,score_0_100,,,,86.35851300296184,,,,https://downloads.khinsider.com/game-soundtracks/album/super-smash-bros.-ultimate-expanded-vol.-03-donkey-kong-switch-gamerip-2018,2026-10-05,Track title is taken from KHInsider's soundtrack/gamerip album index. Popularity is an explicitly labelled proxy based on BeatHit game rank and track prominence.,"{""culture_category"":""video_game_music"",""video_game"":""Super Smash Bros. Ultimate"",""game_rank"":41,""game_association_kind"":""khinsider_game_soundtrack"",""khinsider_album_url"":""https://downloads.khinsider.com/game-soundtracks/album/super-smash-bros.-ultimate-expanded-vol.-03-donkey-kong-switch-gamerip-2018"",""khinsider_album_title"":""Super Smash Bros. Ultimate Vol. 03 - Donkey Kong (super-smash-bros.-ultimate-expanded-vol.-03-donkey-kong-switch-gamerip-2018)"",""khinsider_album_kind"":""official_or_gamerip"",""khinsider_album_match_score"":100.0,""relevance_score_100"":100.0,""popularity_score_100"":65.89628250740462,""score_100"":86.35851300296184,""popularity_basis"":""BeatHit master-list game rank plus track position proxy""}"
304,Village of the Blue Maiden,Unknown credited artist,[],Super Smash Bros. Ultimate Vol. 04 - The Legend of Zelda (super-smash-bros.-ultimate-expanded-vol.-04-the-legend-of-zelda-switch-gamerip-2018),,,"[""video game soundtrack""]","[""und""]",,,,Super Smash Bros. Ultimate,,,khinsider_track_prominence_proxy,65.89628250740462,score_0_100,,,,86.35851300296184,,,,https://downloads.khinsider.com/game-soundtracks/album/super-smash-bros.-ultimate-expanded-vol.-04-the-legend-of-zelda-switch-gamerip-2018,2026-10-05,Track title is taken from KHInsider's soundtrack/gamerip album index. Popularity is an explicitly labelled proxy based on BeatHit game rank and track prominence.,"{""culture_category"":""video_game_music"",""video_game"":""Super Smash Bros. Ultimate"",""game_rank"":41,""game_association_kind"":""khinsider_game_soundtrack"",""khinsider_album_url"":""https://downloads.khinsider.com/game-soundtracks/album/super-smash-bros.-ultimate-expanded-vol.-04-the-legend-of-zelda-switch-gamerip-2018"",""khinsider_album_title"":""Super Smash Bros. Ultimate Vol. 04 - The Legend of Zelda (super-smash-bros.-ultimate-expanded-vol.-04-the-legend-of-zelda-switch-gamerip-2018)"",""khinsider_album_kind"":""official_or_gamerip"",""khinsider_album_match_score"":100.0,""relevance_score_100"":100.0,""popularity_score_100"":65.89628250740462,""score_100"":86.35851300296184,""popularity_basis"":""BeatHit master-list game rank plus track position proxy""}"
305,Metroid Villains Victory Theme,Unknown credited artist,[],Super Smash Bros. Ultimate Vol. 05 - Metroid (super-smash-bros.-ultimate-expanded-vol.-05-metroid-switch-gamerip-2018),,,"[""video game soundtrack""]","[""und""]",,,,Super Smash Bros. Ultimate,,,khinsider_track_prominence_proxy,65.89628250740462,score_0_100,,,,86.35851300296184,,,,https://downloads.khinsider.com/game-soundtracks/album/super-smash-bros.-ultimate-expanded-vol.-05-metroid-switch-gamerip-2018,2026-10-05,Track title is taken from KHInsider's soundtrack/gamerip album index. Popularity is an explicitly labelled proxy based on BeatHit game rank and track prominence.,"{""culture_category"":""video_game_music"",""video_game"":""Super Smash Bros. Ultimate"",""game_rank"":41,""game_association_kind"":""khinsider_game_soundtrack"",""khinsider_album_url"":""https://downloads.khinsider.com/game-soundtracks/album/super-smash-bros.-ultimate-expanded-vol.-05-metroid-switch-gamerip-2018"",""khinsider_album_title"":""Super Smash Bros. Ultimate Vol. 05 - Metroid (super-smash-bros.-ultimate-expanded-vol.-05-metroid-switch-gamerip-2018)"",""khinsider_album_kind"":""official_or_gamerip"",""khinsider_album_match_score"":100.0,""relevance_score_100"":100.0,""popularity_score_100"":65.89628250740462,""score_100"":86.35851300296184,""popularity_basis"":""BeatHit master-list game rank plus track position proxy""}"
306,Wildlands [Original],Unknown credited artist,[],Super Smash Bros. Ultimate Vol. 06 - Yoshi (super-smash-bros.-ultimate-expanded-vol.-06-yoshi-switch-gamerip-2018),,,"[""video game soundtrack""]","[""und""]",,,,Super Smash Bros. Ultimate,,,khinsider_track_prominence_proxy,65.89628250740462,score_0_100,,,,86.35851300296184,,,,https://downloads.khinsider.com/game-soundtracks/album/super-smash-bros.-ultimate-expanded-vol.-06-yoshi-switch-gamerip-2018,2026-10-05,Track title is taken from KHInsider's soundtrack/gamerip album index. Popularity is an explicitly labelled proxy based on BeatHit game rank and track prominence.,"{""culture_category"":""video_game_music"",""video_game"":""Super Smash Bros. Ultimate"",""game_rank"":41,""game_association_kind"":""khinsider_game_soundtrack"",""khinsider_album_url"":""https://downloads.khinsider.com/game-soundtracks/album/super-smash-bros.-ultimate-expanded-vol.-06-yoshi-switch-gamerip-2018"",""khinsider_album_title"":""Super Smash Bros. Ultimate Vol. 06 - Yoshi (super-smash-bros.-ultimate-expanded-vol.-06-yoshi-switch-gamerip-2018)"",""khinsider_album_kind"":""official_or_gamerip"",""khinsider_album_match_score"":100.0,""relevance_score_100"":100.0,""popularity_score_100"":65.89628250740462,""score_100"":86.35851300296184,""popularity_basis"":""BeatHit master-list game rank plus track position proxy""}"
307,Dangerous Dinner,Unknown credited artist,[],Super Smash Bros. Ultimate Vol. 07 - Kirby (super-smash-bros.-ultimate-expanded-vol.-07-kirby-switch-gamerip-2018),,,"[""video game soundtrack""]","[""und""]",,,,Super Smash Bros. Ultimate,,,khinsider_track_prominence_proxy,65.89628250740462,score_0_100,,,,86.35851300296184,,,,https://downloads.khinsider.com/game-soundtracks/album/super-smash-bros.-ultimate-expanded-vol.-07-kirby-switch-gamerip-2018,2026-10-05,Track title is taken from KHInsider's soundtrack/gamerip album index. Popularity is an explicitly labelled proxy based on BeatHit game rank and track prominence.,"{""culture_category"":""video_game_music"",""video_game"":""Super Smash Bros. Ultimate"",""game_rank"":41,""game_association_kind"":""khinsider_game_soundtrack"",""khinsider_album_url"":""https://downloads.khinsider.com/game-soundtracks/album/super-smash-bros.-ultimate-expanded-vol.-07-kirby-switch-gamerip-2018"",""khinsider_album_title"":""Super Smash Bros. Ultimate Vol. 07 - Kirby (super-smash-bros.-ultimate-expanded-vol.-07-kirby-switch-gamerip-2018)"",""khinsider_album_kind"":""official_or_gamerip"",""khinsider_album_match_score"":100.0,""relevance_score_100"":100.0,""popularity_score_100"":65.89628250740462,""score_100"":86.35851300296184,""popularity_basis"":""BeatHit master-list game rank plus track position proxy""}"
308,Sector Z [Original],Unknown credited artist,[],Super Smash Bros. Ultimate Vol. 08 - Star Fox (super-smash-bros.-ultimate-expanded-vol.-08-star-fox-switch-gamerip-2018),,,"[""video game soundtrack""]","[""und""]",,,,Super Smash Bros. Ultimate,,,khinsider_track_prominence_proxy,65.89628250740462,score_0_100,,,,86.35851300296184,,,,https://downloads.khinsider.com/game-soundtracks/album/super-smash-bros.-ultimate-expanded-vol.-08-star-fox-switch-gamerip-2018,2026-10-05,Track title is taken from KHInsider's soundtrack/gamerip album index. Popularity is an explicitly labelled proxy based on BeatHit game rank and track prominence.,"{""culture_category"":""video_game_music"",""video_game"":""Super Smash Bros. Ultimate"",""game_rank"":41,""game_association_kind"":""khinsider_game_soundtrack"",""khinsider_album_url"":""https://downloads.khinsider.com/game-soundtracks/album/super-smash-bros.-ultimate-expanded-vol.-08-star-fox-switch-gamerip-2018"",""khinsider_album_title"":""Super Smash Bros. Ultimate Vol. 08 - Star Fox (super-smash-bros.-ultimate-expanded-vol.-08-star-fox-switch-gamerip-2018)"",""khinsider_album_kind"":""official_or_gamerip"",""khinsider_album_match_score"":100.0,""relevance_score_100"":100.0,""popularity_score_100"":65.89628250740462,""score_100"":86.35851300296184,""popularity_basis"":""BeatHit master-list game rank plus track position proxy""}"
309,F-Zero Victory Theme (Brawl),Unknown credited artist,[],Super Smash Bros. Ultimate Vol. 10 - F-Zero (super-smash-bros.-ultimate-expanded-vol.-10-f-zero-switch-gamerip-2018),,,"[""video game soundtrack""]","[""und""]",,,,Super Smash Bros. Ultimate,,,khinsider_track_prominence_proxy,65.89628250740462,score_0_100,,,,86.35851300296184,,,,https://downloads.khinsider.com/game-soundtracks/album/super-smash-bros.-ultimate-expanded-vol.-10-f-zero-switch-gamerip-2018,2026-10-05,Track title is taken from KHInsider's soundtrack/gamerip album index. Popularity is an explicitly labelled proxy based on BeatHit game rank and track prominence.,"{""culture_category"":""video_game_music"",""video_game"":""Super Smash Bros. Ultimate"",""game_rank"":41,""game_association_kind"":""khinsider_game_soundtrack"",""khinsider_album_url"":""https://downloads.khinsider.com/game-soundtracks/album/super-smash-bros.-ultimate-expanded-vol.-10-f-zero-switch-gamerip-2018"",""khinsider_album_title"":""Super Smash Bros. Ultimate Vol. 10 - F-Zero (super-smash-bros.-ultimate-expanded-vol.-10-f-zero-switch-gamerip-2018)"",""khinsider_album_kind"":""official_or_gamerip"",""khinsider_album_match_score"":100.0,""relevance_score_100"":100.0,""popularity_score_100"":65.89628250740462,""score_100"":86.35851300296184,""popularity_basis"":""BeatHit master-list game rank plus track position proxy""}"
310,Mom's Hometown [Original],Unknown credited artist,[],Super Smash Bros. Ultimate Vol. 11 - Mother (super-smash-bros.-ultimate-expanded-vol.-11-mother-switch-gamerip-2018),,,"[""video game soundtrack""]","[""und""]",,,,Super Smash Bros. Ultimate,,,khinsider_track_prominence_proxy,65.89628250740462,score_0_100,,,,86.35851300296184,,,,https://downloads.khinsider.com/game-soundtracks/album/super-smash-bros.-ultimate-expanded-vol.-11-mother-switch-gamerip-2018,2026-10-05,Track title is taken from KHInsider's soundtrack/gamerip album index. Popularity is an explicitly labelled proxy based on BeatHit game rank and track prominence.,"{""culture_category"":""video_game_music"",""video_game"":""Super Smash Bros. Ultimate"",""game_rank"":41,""game_association_kind"":""khinsider_game_soundtrack"",""khinsider_album_url"":""https://downloads.khinsider.com/game-soundtracks/album/super-smash-bros.-ultimate-expanded-vol.-11-mother-switch-gamerip-2018"",""khinsider_album_title"":""Super Smash Bros. Ultimate Vol. 11 - Mother (super-smash-bros.-ultimate-expanded-vol.-11-mother-switch-gamerip-2018)"",""khinsider_album_kind"":""official_or_gamerip"",""khinsider_album_match_score"":100.0,""relevance_score_100"":100.0,""popularity_score_100"":65.89628250740462,""score_100"":86.35851300296184,""popularity_basis"":""BeatHit master-list game rank plus track position proxy""}"
311,Brinstar Depths [Metroid],Unknown credited artist,[],Super Smash Bros. Ultimate Enhanced Original Soundtrack (super-smash-bros.-ultimate-enhanced-original-soundtrack),,,"[""video game soundtrack""]","[""und""]",,,,Super Smash Bros. Ultimate,,,khinsider_track_prominence_proxy,65.68628250740463,score_0_100,,,,86.27451300296185,,,,https://downloads.khinsider.com/game-soundtracks/album/super-smash-bros.-ultimate-enhanced-original-soundtrack,2026-10-05,Track title is taken from KHInsider's soundtrack/gamerip album index. Popularity is an explicitly labelled proxy based on BeatHit game rank and track prominence.,"{""culture_category"":""video_game_music"",""video_game"":""Super Smash Bros. Ultimate"",""game_rank"":41,""game_association_kind"":""khinsider_game_soundtrack"",""khinsider_album_url"":""https://downloads.khinsider.com/game-soundtracks/album/super-smash-bros.-ultimate-enhanced-original-soundtrack"",""khinsider_album_title"":""Super Smash Bros. Ultimate Enhanced Original Soundtrack (super-smash-bros.-ultimate-enhanced-original-soundtrack)"",""khinsider_album_kind"":""official_or_gamerip"",""khinsider_album_match_score"":100.0,""relevance_score_100"":100.0,""popularity_score_100"":65.68628250740463,""score_100"":86.27451300296185,""popularity_basis"":""BeatHit master-list game rank plus track position proxy""}"
312,Slide [Original],Unknown credited artist,[],Super Smash Bros. Ultimate Vol. 02 - Super Mario (super-smash-bros.-ultimate-expanded-vol.-02-super-mario-switch-gamerip-2018),,,"[""video game soundtrack""]","[""und""]",,,,Super Smash Bros. Ultimate,,,khinsider_track_prominence_proxy,65.68628250740463,score_0_100,,,,86.27451300296185,,,,https://downloads.khinsider.com/game-soundtracks/album/super-smash-bros.-ultimate-expanded-vol.-02-super-mario-switch-gamerip-2018,2026-10-05,Track title is taken from KHInsider's soundtrack/gamerip album index. Popularity is an explicitly labelled proxy based on BeatHit game rank and track prominence.,"{""culture_category"":""video_game_music"",""video_game"":""Super Smash Bros. Ultimate"",""game_rank"":41,""game_association_kind"":""khinsider_game_soundtrack"",""khinsider_album_url"":""https://downloads.khinsider.com/game-soundtracks/album/super-smash-bros.-ultimate-expanded-vol.-02-super-mario-switch-gamerip-2018"",""khinsider_album_title"":""Super Smash Bros. Ultimate Vol. 02 - Super Mario (super-smash-bros.-ultimate-expanded-vol.-02-super-mario-switch-gamerip-2018)"",""khinsider_album_kind"":""official_or_gamerip"",""khinsider_album_match_score"":100.0,""relevance_score_100"":100.0,""popularity_score_100"":65.68628250740463,""score_100"":86.27451300296185,""popularity_basis"":""BeatHit master-list game rank plus track position proxy""}"
313,Donkey Kong Victory Theme (Melee),Unknown credited artist,[],Super Smash Bros. Ultimate Vol. 03 - Donkey Kong (super-smash-bros.-ultimate-expanded-vol.-03-donkey-kong-switch-gamerip-2018),,,"[""video game soundtrack""]","[""und""]",,,,Super Smash Bros. Ultimate,,,khinsider_track_prominence_proxy,65.68628250740463,score_0_100,,,,86.27451300296185,,,,https://downloads.khinsider.com/game-soundtracks/album/super-smash-bros.-ultimate-expanded-vol.-03-donkey-kong-switch-gamerip-2018,2026-10-05,Track title is taken from KHInsider's soundtrack/gamerip album index. Popularity is an explicitly labelled proxy based on BeatHit game rank and track prominence.,"{""culture_category"":""video_game_music"",""video_game"":""Super Smash Bros. Ultimate"",""game_rank"":41,""game_association_kind"":""khinsider_game_soundtrack"",""khinsider_album_url"":""https://downloads.khinsider.com/game-soundtracks/album/super-smash-bros.-ultimate-expanded-vol.-03-donkey-kong-switch-gamerip-2018"",""khinsider_album_title"":""Super Smash Bros. Ultimate Vol. 03 - Donkey Kong (super-smash-bros.-ultimate-expanded-vol.-03-donkey-kong-switch-gamerip-2018)"",""khinsider_album_kind"":""official_or_gamerip"",""khinsider_album_match_score"":100.0,""relevance_score_100"":100.0,""popularity_score_100"":65.68628250740463,""score_100"":86.27451300296185,""popularity_basis"":""BeatHit master-list game rank plus track position proxy""}"
314,Main Theme - The Legend of Zelda - Twilight Princess,Unknown credited artist,[],Super Smash Bros. Ultimate Vol. 04 - The Legend of Zelda (super-smash-bros.-ultimate-expanded-vol.-04-the-legend-of-zelda-switch-gamerip-2018),,,"[""video game soundtrack""]","[""und""]",,,,Super Smash Bros. Ultimate,,,khinsider_track_prominence_proxy,65.68628250740463,score_0_100,,,,86.27451300296185,,,,https://downloads.khinsider.com/game-soundtracks/album/super-smash-bros.-ultimate-expanded-vol.-04-the-legend-of-zelda-switch-gamerip-2018,2026-10-05,Track title is taken from KHInsider's soundtrack/gamerip album index. Popularity is an explicitly labelled proxy based on BeatHit game rank and track prominence.,"{""culture_category"":""video_game_music"",""video_game"":""Super Smash Bros. Ultimate"",""game_rank"":41,""game_association_kind"":""khinsider_game_soundtrack"",""khinsider_album_url"":""https://downloads.khinsider.com/game-soundtracks/album/super-smash-bros.-ultimate-expanded-vol.-04-the-legend-of-zelda-switch-gamerip-2018"",""khinsider_album_title"":""Super Smash Bros. Ultimate Vol. 04 - The Legend of Zelda (super-smash-bros.-ultimate-expanded-vol.-04-the-legend-of-zelda-switch-gamerip-2018)"",""khinsider_album_kind"":""official_or_gamerip"",""khinsider_album_match_score"":100.0,""relevance_score_100"":100.0,""popularity_score_100"":65.68628250740463,""score_100"":86.27451300296185,""popularity_basis"":""BeatHit master-list game rank plus track position proxy""}"
315,Title Theme - Metroid [Original],Unknown credited artist,[],Super Smash Bros. Ultimate Vol. 05 - Metroid (super-smash-bros.-ultimate-expanded-vol.-05-metroid-switch-gamerip-2018),,,"[""video game soundtrack""]","[""und""]",,,,Super Smash Bros. Ultimate,,,khinsider_track_prominence_proxy,65.68628250740463,score_0_100,,,,86.27451300296185,,,,https://downloads.khinsider.com/game-soundtracks/album/super-smash-bros.-ultimate-expanded-vol.-05-metroid-switch-gamerip-2018,2026-10-05,Track title is taken from KHInsider's soundtrack/gamerip album index. Popularity is an explicitly labelled proxy based on BeatHit game rank and track prominence.,"{""culture_category"":""video_game_music"",""video_game"":""Super Smash Bros. Ultimate"",""game_rank"":41,""game_association_kind"":""khinsider_game_soundtrack"",""khinsider_album_url"":""https://downloads.khinsider.com/game-soundtracks/album/super-smash-bros.-ultimate-expanded-vol.-05-metroid-switch-gamerip-2018"",""khinsider_album_title"":""Super Smash Bros. Ultimate Vol. 05 - Metroid (super-smash-bros.-ultimate-expanded-vol.-05-metroid-switch-gamerip-2018)"",""khinsider_album_kind"":""official_or_gamerip"",""khinsider_album_match_score"":100.0,""relevance_score_100"":100.0,""popularity_score_100"":65.68628250740463,""score_100"":86.27451300296185,""popularity_basis"":""BeatHit master-list game rank plus track position proxy""}"
316,CROWNED,Unknown credited artist,[],Super Smash Bros. Ultimate Vol. 07 - Kirby (super-smash-bros.-ultimate-expanded-vol.-07-kirby-switch-gamerip-2018),,,"[""video game soundtrack""]","[""und""]",,,,Super Smash Bros. Ultimate,,,khinsider_track_prominence_proxy,65.68628250740463,score_0_100,,,,86.27451300296185,,,,https://downloads.khinsider.com/game-soundtracks/album/super-smash-bros.-ultimate-expanded-vol.-07-kirby-switch-gamerip-2018,2026-10-05,Track title is taken from KHInsider's soundtrack/gamerip album index. Popularity is an explicitly labelled proxy based on BeatHit game rank and track prominence.,"{""culture_category"":""video_game_music"",""video_game"":""Super Smash Bros. Ultimate"",""game_rank"":41,""game_association_kind"":""khinsider_game_soundtrack"",""khinsider_album_url"":""https://downloads.khinsider.com/game-soundtracks/album/super-smash-bros.-ultimate-expanded-vol.-07-kirby-switch-gamerip-2018"",""khinsider_album_title"":""Super Smash Bros. Ultimate Vol. 07 - Kirby (super-smash-bros.-ultimate-expanded-vol.-07-kirby-switch-gamerip-2018)"",""khinsider_album_kind"":""official_or_gamerip"",""khinsider_album_match_score"":100.0,""relevance_score_100"":100.0,""popularity_score_100"":65.68628250740463,""score_100"":86.27451300296185,""popularity_basis"":""BeatHit master-list game rank plus track position proxy""}"
317,Area 6 - Star Fox 64 [Original],Unknown credited artist,[],Super Smash Bros. Ultimate Vol. 08 - Star Fox (super-smash-bros.-ultimate-expanded-vol.-08-star-fox-switch-gamerip-2018),,,"[""video game soundtrack""]","[""und""]",,,,Super Smash Bros. Ultimate,,,khinsider_track_prominence_proxy,65.68628250740463,score_0_100,,,,86.27451300296185,,,,https://downloads.khinsider.com/game-soundtracks/album/super-smash-bros.-ultimate-expanded-vol.-08-star-fox-switch-gamerip-2018,2026-10-05,Track title is taken from KHInsider's soundtrack/gamerip album index. Popularity is an explicitly labelled proxy based on BeatHit game rank and track prominence.,"{""culture_category"":""video_game_music"",""video_game"":""Super Smash Bros. Ultimate"",""game_rank"":41,""game_association_kind"":""khinsider_game_soundtrack"",""khinsider_album_url"":""https://downloads.khinsider.com/game-soundtracks/album/super-smash-bros.-ultimate-expanded-vol.-08-star-fox-switch-gamerip-2018"",""khinsider_album_title"":""Super Smash Bros. Ultimate Vol. 08 - Star Fox (super-smash-bros.-ultimate-expanded-vol.-08-star-fox-switch-gamerip-2018)"",""khinsider_album_kind"":""official_or_gamerip"",""khinsider_album_match_score"":100.0,""relevance_score_100"":100.0,""popularity_score_100"":65.68628250740463,""score_100"":86.27451300296185,""popularity_basis"":""BeatHit master-list game rank plus track position proxy""}"
318,Battle! (Island Kahuna),Unknown credited artist,[],Super Smash Bros. Ultimate Vol. 09 - Pokémon (super-smash-bros.-ultimate-expanded-vol.-09-pok-mon-switch-gamerip-2018),,,"[""video game soundtrack""]","[""und""]",,,,Super Smash Bros. Ultimate,,,khinsider_track_prominence_proxy,65.68628250740463,score_0_100,,,,86.27451300296185,,,,https://downloads.khinsider.com/game-soundtracks/album/super-smash-bros.-ultimate-expanded-vol.-09-pok-mon-switch-gamerip-2018,2026-10-05,Track title is taken from KHInsider's soundtrack/gamerip album index. Popularity is an explicitly labelled proxy based on BeatHit game rank and track prominence.,"{""culture_category"":""video_game_music"",""video_game"":""Super Smash Bros. Ultimate"",""game_rank"":41,""game_association_kind"":""khinsider_game_soundtrack"",""khinsider_album_url"":""https://downloads.khinsider.com/game-soundtracks/album/super-smash-bros.-ultimate-expanded-vol.-09-pok-mon-switch-gamerip-2018"",""khinsider_album_title"":""Super Smash Bros. Ultimate Vol. 09 - Pokémon (super-smash-bros.-ultimate-expanded-vol.-09-pok-mon-switch-gamerip-2018)"",""khinsider_album_kind"":""official_or_gamerip"",""khinsider_album_match_score"":100.0,""relevance_score_100"":100.0,""popularity_score_100"":65.68628250740463,""score_100"":86.27451300296185,""popularity_basis"":""BeatHit master-list game rank plus track position proxy""}"
319,Mother 3 Love Theme [Original],Unknown credited artist,[],Super Smash Bros. Ultimate Vol. 11 - Mother (super-smash-bros.-ultimate-expanded-vol.-11-mother-switch-gamerip-2018),,,"[""video game soundtrack""]","[""und""]",,,,Super Smash Bros. Ultimate,,,khinsider_track_prominence_proxy,65.68628250740463,score_0_100,,,,86.27451300296185,,,,https://downloads.khinsider.com/game-soundtracks/album/super-smash-bros.-ultimate-expanded-vol.-11-mother-switch-gamerip-2018,2026-10-05,Track title is taken from KHInsider's soundtrack/gamerip album index. Popularity is an explicitly labelled proxy based on BeatHit game rank and track prominence.,"{""culture_category"":""video_game_music"",""video_game"":""Super Smash Bros. Ultimate"",""game_rank"":41,""game_association_kind"":""khinsider_game_soundtrack"",""khinsider_album_url"":""https://downloads.khinsider.com/game-soundtracks/album/super-smash-bros.-ultimate-expanded-vol.-11-mother-switch-gamerip-2018"",""khinsider_album_title"":""Super Smash Bros. Ultimate Vol. 11 - Mother (super-smash-bros.-ultimate-expanded-vol.-11-mother-switch-gamerip-2018)"",""khinsider_album_kind"":""official_or_gamerip"",""khinsider_album_match_score"":100.0,""relevance_score_100"":100.0,""popularity_score_100"":65.68628250740463,""score_100"":86.27451300296185,""popularity_basis"":""BeatHit master-list game rank plus track position proxy""}"
320,Vs. Ridley [Super Metroid],Unknown credited artist,[],Super Smash Bros. Ultimate Enhanced Original Soundtrack (super-smash-bros.-ultimate-enhanced-original-soundtrack),,,"[""video game soundtrack""]","[""und""]",,,,Super Smash Bros. Ultimate,,,khinsider_track_prominence_proxy,65.47628250740462,score_0_100,,,,86.19051300296185,,,,https://downloads.khinsider.com/game-soundtracks/album/super-smash-bros.-ultimate-enhanced-original-soundtrack,2026-10-05,Track title is taken from KHInsider's soundtrack/gamerip album index. Popularity is an explicitly labelled proxy based on BeatHit game rank and track prominence.,"{""culture_category"":""video_game_music"",""video_game"":""Super Smash Bros. Ultimate"",""game_rank"":41,""game_association_kind"":""khinsider_game_soundtrack"",""khinsider_album_url"":""https://downloads.khinsider.com/game-soundtracks/album/super-smash-bros.-ultimate-enhanced-original-soundtrack"",""khinsider_album_title"":""Super Smash Bros. Ultimate Enhanced Original Soundtrack (super-smash-bros.-ultimate-enhanced-original-soundtrack)"",""khinsider_album_kind"":""official_or_gamerip"",""khinsider_album_match_score"":100.0,""relevance_score_100"":100.0,""popularity_score_100"":65.47628250740462,""score_100"":86.19051300296185,""popularity_basis"":""BeatHit master-list game rank plus track position proxy""}"
321,Delfino Plaza,Unknown credited artist,[],Super Smash Bros. Ultimate Vol. 02 - Super Mario (super-smash-bros.-ultimate-expanded-vol.-02-super-mario-switch-gamerip-2018),,,"[""video game soundtrack""]","[""und""]",,,,Super Smash Bros. Ultimate,,,khinsider_track_prominence_proxy,65.47628250740462,score_0_100,,,,86.19051300296185,,,,https://downloads.khinsider.com/game-soundtracks/album/super-smash-bros.-ultimate-expanded-vol.-02-super-mario-switch-gamerip-2018,2026-10-05,Track title is taken from KHInsider's soundtrack/gamerip album index. Popularity is an explicitly labelled proxy based on BeatHit game rank and track prominence.,"{""culture_category"":""video_game_music"",""video_game"":""Super Smash Bros. Ultimate"",""game_rank"":41,""game_association_kind"":""khinsider_game_soundtrack"",""khinsider_album_url"":""https://downloads.khinsider.com/game-soundtracks/album/super-smash-bros.-ultimate-expanded-vol.-02-super-mario-switch-gamerip-2018"",""khinsider_album_title"":""Super Smash Bros. Ultimate Vol. 02 - Super Mario (super-smash-bros.-ultimate-expanded-vol.-02-super-mario-switch-gamerip-2018)"",""khinsider_album_kind"":""official_or_gamerip"",""khinsider_album_match_score"":100.0,""relevance_score_100"":100.0,""popularity_score_100"":65.47628250740462,""score_100"":86.19051300296185,""popularity_basis"":""BeatHit master-list game rank plus track position proxy""}"
322,Donkey Kong Victory Theme (Brawl),Unknown credited artist,[],Super Smash Bros. Ultimate Vol. 03 - Donkey Kong (super-smash-bros.-ultimate-expanded-vol.-03-donkey-kong-switch-gamerip-2018),,,"[""video game soundtrack""]","[""und""]",,,,Super Smash Bros. Ultimate,,,khinsider_track_prominence_proxy,65.47628250740462,score_0_100,,,,86.19051300296185,,,,https://downloads.khinsider.com/game-soundtracks/album/super-smash-bros.-ultimate-expanded-vol.-03-donkey-kong-switch-gamerip-2018,2026-10-05,Track title is taken from KHInsider's soundtrack/gamerip album index. Popularity is an explicitly labelled proxy based on BeatHit game rank and track prominence.,"{""culture_category"":""video_game_music"",""video_game"":""Super Smash Bros. Ultimate"",""game_rank"":41,""game_association_kind"":""khinsider_game_soundtrack"",""khinsider_album_url"":""https://downloads.khinsider.com/game-soundtracks/album/super-smash-bros.-ultimate-expanded-vol.-03-donkey-kong-switch-gamerip-2018"",""khinsider_album_title"":""Super Smash Bros. Ultimate Vol. 03 - Donkey Kong (super-smash-bros.-ultimate-expanded-vol.-03-donkey-kong-switch-gamerip-2018)"",""khinsider_album_kind"":""official_or_gamerip"",""khinsider_album_match_score"":100.0,""relevance_score_100"":100.0,""popularity_score_100"":65.47628250740462,""score_100"":86.19051300296185,""popularity_basis"":""BeatHit master-list game rank plus track position proxy""}"
323,Midna's Lament,Unknown credited artist,[],Super Smash Bros. Ultimate Vol. 04 - The Legend of Zelda (super-smash-bros.-ultimate-expanded-vol.-04-the-legend-of-zelda-switch-gamerip-2018),,,"[""video game soundtrack""]","[""und""]",,,,Super Smash Bros. Ultimate,,,khinsider_track_prominence_proxy,65.47628250740462,score_0_100,,,,86.19051300296185,,,,https://downloads.khinsider.com/game-soundtracks/album/super-smash-bros.-ultimate-expanded-vol.-04-the-legend-of-zelda-switch-gamerip-2018,2026-10-05,Track title is taken from KHInsider's soundtrack/gamerip album index. Popularity is an explicitly labelled proxy based on BeatHit game rank and track prominence.,"{""culture_category"":""video_game_music"",""video_game"":""Super Smash Bros. Ultimate"",""game_rank"":41,""game_association_kind"":""khinsider_game_soundtrack"",""khinsider_album_url"":""https://downloads.khinsider.com/game-soundtracks/album/super-smash-bros.-ultimate-expanded-vol.-04-the-legend-of-zelda-switch-gamerip-2018"",""khinsider_album_title"":""Super Smash Bros. Ultimate Vol. 04 - The Legend of Zelda (super-smash-bros.-ultimate-expanded-vol.-04-the-legend-of-zelda-switch-gamerip-2018)"",""khinsider_album_kind"":""official_or_gamerip"",""khinsider_album_match_score"":100.0,""relevance_score_100"":100.0,""popularity_score_100"":65.47628250740462,""score_100"":86.19051300296185,""popularity_basis"":""BeatHit master-list game rank plus track position proxy""}"
324,Brinstar [Original],Unknown credited artist,[],Super Smash Bros. Ultimate Vol. 05 - Metroid (super-smash-bros.-ultimate-expanded-vol.-05-metroid-switch-gamerip-2018),,,"[""video game soundtrack""]","[""und""]",,,,Super Smash Bros. Ultimate,,,khinsider_track_prominence_proxy,65.47628250740462,score_0_100,,,,86.19051300296185,,,,https://downloads.khinsider.com/game-soundtracks/album/super-smash-bros.-ultimate-expanded-vol.-05-metroid-switch-gamerip-2018,2026-10-05,Track title is taken from KHInsider's soundtrack/gamerip album index. Popularity is an explicitly labelled proxy based on BeatHit game rank and track prominence.,"{""culture_category"":""video_game_music"",""video_game"":""Super Smash Bros. Ultimate"",""game_rank"":41,""game_association_kind"":""khinsider_game_soundtrack"",""khinsider_album_url"":""https://downloads.khinsider.com/game-soundtracks/album/super-smash-bros.-ultimate-expanded-vol.-05-metroid-switch-gamerip-2018"",""khinsider_album_title"":""Super Smash Bros. Ultimate Vol. 05 - Metroid (super-smash-bros.-ultimate-expanded-vol.-05-metroid-switch-gamerip-2018)"",""khinsider_album_kind"":""official_or_gamerip"",""khinsider_album_match_score"":100.0,""relevance_score_100"":100.0,""popularity_score_100"":65.47628250740462,""score_100"":86.19051300296185,""popularity_basis"":""BeatHit master-list game rank plus track position proxy""}"
325,Floral Fields,Unknown credited artist,[],Super Smash Bros. Ultimate Vol. 07 - Kirby (super-smash-bros.-ultimate-expanded-vol.-07-kirby-switch-gamerip-2018),,,"[""video game soundtrack""]","[""und""]",,,,Super Smash Bros. Ultimate,,,khinsider_track_prominence_proxy,65.47628250740462,score_0_100,,,,86.19051300296185,,,,https://downloads.khinsider.com/game-soundtracks/album/super-smash-bros.-ultimate-expanded-vol.-07-kirby-switch-gamerip-2018,2026-10-05,Track title is taken from KHInsider's soundtrack/gamerip album index. Popularity is an explicitly labelled proxy based on BeatHit game rank and track prominence.,"{""culture_category"":""video_game_music"",""video_game"":""Super Smash Bros. Ultimate"",""game_rank"":41,""game_association_kind"":""khinsider_game_soundtrack"",""khinsider_album_url"":""https://downloads.khinsider.com/game-soundtracks/album/super-smash-bros.-ultimate-expanded-vol.-07-kirby-switch-gamerip-2018"",""khinsider_album_title"":""Super Smash Bros. Ultimate Vol. 07 - Kirby (super-smash-bros.-ultimate-expanded-vol.-07-kirby-switch-gamerip-2018)"",""khinsider_album_kind"":""official_or_gamerip"",""khinsider_album_match_score"":100.0,""relevance_score_100"":100.0,""popularity_score_100"":65.47628250740462,""score_100"":86.19051300296185,""popularity_basis"":""BeatHit master-list game rank plus track position proxy""}"
326,Missile Slipstream [Original],Unknown credited artist,[],Super Smash Bros. Ultimate Vol. 08 - Star Fox (super-smash-bros.-ultimate-expanded-vol.-08-star-fox-switch-gamerip-2018),,,"[""video game soundtrack""]","[""und""]",,,,Super Smash Bros. Ultimate,,,khinsider_track_prominence_proxy,65.47628250740462,score_0_100,,,,86.19051300296185,,,,https://downloads.khinsider.com/game-soundtracks/album/super-smash-bros.-ultimate-expanded-vol.-08-star-fox-switch-gamerip-2018,2026-10-05,Track title is taken from KHInsider's soundtrack/gamerip album index. Popularity is an explicitly labelled proxy based on BeatHit game rank and track prominence.,"{""culture_category"":""video_game_music"",""video_game"":""Super Smash Bros. Ultimate"",""game_rank"":41,""game_association_kind"":""khinsider_game_soundtrack"",""khinsider_album_url"":""https://downloads.khinsider.com/game-soundtracks/album/super-smash-bros.-ultimate-expanded-vol.-08-star-fox-switch-gamerip-2018"",""khinsider_album_title"":""Super Smash Bros. Ultimate Vol. 08 - Star Fox (super-smash-bros.-ultimate-expanded-vol.-08-star-fox-switch-gamerip-2018)"",""khinsider_album_kind"":""official_or_gamerip"",""khinsider_album_match_score"":100.0,""relevance_score_100"":100.0,""popularity_score_100"":65.47628250740462,""score_100"":86.19051300296185,""popularity_basis"":""BeatHit master-list game rank plus track position proxy""}"
327,Battle! (Gladion),Unknown credited artist,[],Super Smash Bros. Ultimate Vol. 09 - Pokémon (super-smash-bros.-ultimate-expanded-vol.-09-pok-mon-switch-gamerip-2018),,,"[""video game soundtrack""]","[""und""]",,,,Super Smash Bros. Ultimate,,,khinsider_track_prominence_proxy,65.47628250740462,score_0_100,,,,86.19051300296185,,,,https://downloads.khinsider.com/game-soundtracks/album/super-smash-bros.-ultimate-expanded-vol.-09-pok-mon-switch-gamerip-2018,2026-10-05,Track title is taken from KHInsider's soundtrack/gamerip album index. Popularity is an explicitly labelled proxy based on BeatHit game rank and track prominence.,"{""culture_category"":""video_game_music"",""video_game"":""Super Smash Bros. Ultimate"",""game_rank"":41,""game_association_kind"":""khinsider_game_soundtrack"",""khinsider_album_url"":""https://downloads.khinsider.com/game-soundtracks/album/super-smash-bros.-ultimate-expanded-vol.-09-pok-mon-switch-gamerip-2018"",""khinsider_album_title"":""Super Smash Bros. Ultimate Vol. 09 - Pokémon (super-smash-bros.-ultimate-expanded-vol.-09-pok-mon-switch-gamerip-2018)"",""khinsider_album_kind"":""official_or_gamerip"",""khinsider_album_match_score"":100.0,""relevance_score_100"":100.0,""popularity_score_100"":65.47628250740462,""score_100"":86.19051300296185,""popularity_basis"":""BeatHit master-list game rank plus track position proxy""}"
328,Unfounded Revenge [Original],Unknown credited artist,[],Super Smash Bros. Ultimate Vol. 11 - Mother (super-smash-bros.-ultimate-expanded-vol.-11-mother-switch-gamerip-2018),,,"[""video game soundtrack""]","[""und""]",,,,Super Smash Bros. Ultimate,,,khinsider_track_prominence_proxy,65.47628250740462,score_0_100,,,,86.19051300296185,,,,https://downloads.khinsider.com/game-soundtracks/album/super-smash-bros.-ultimate-expanded-vol.-11-mother-switch-gamerip-2018,2026-10-05,Track title is taken from KHInsider's soundtrack/gamerip album index. Popularity is an explicitly labelled proxy based on BeatHit game rank and track prominence.,"{""culture_category"":""video_game_music"",""video_game"":""Super Smash Bros. Ultimate"",""game_rank"":41,""game_association_kind"":""khinsider_game_soundtrack"",""khinsider_album_url"":""https://downloads.khinsider.com/game-soundtracks/album/super-smash-bros.-ultimate-expanded-vol.-11-mother-switch-gamerip-2018"",""khinsider_album_title"":""Super Smash Bros. Ultimate Vol. 11 - Mother (super-smash-bros.-ultimate-expanded-vol.-11-mother-switch-gamerip-2018)"",""khinsider_album_kind"":""official_or_gamerip"",""khinsider_album_match_score"":100.0,""relevance_score_100"":100.0,""popularity_score_100"":65.47628250740462,""score_100"":86.19051300296185,""popularity_basis"":""BeatHit master-list game rank plus track position proxy""}"
329,Vs. Parasite Queen [Metroid Prime],Unknown credited artist,[],Super Smash Bros. Ultimate Enhanced Original Soundtrack (super-smash-bros.-ultimate-enhanced-original-soundtrack),,,"[""video game soundtrack""]","[""und""]",,,,Super Smash Bros. Ultimate,,,khinsider_track_prominence_proxy,65.26628250740463,score_0_100,,,,86.10651300296185,,,,https://downloads.khinsider.com/game-soundtracks/album/super-smash-bros.-ultimate-enhanced-original-soundtrack,2026-10-05,Track title is taken from KHInsider's soundtrack/gamerip album index. Popularity is an explicitly labelled proxy based on BeatHit game rank and track prominence.,"{""culture_category"":""video_game_music"",""video_game"":""Super Smash Bros. Ultimate"",""game_rank"":41,""game_association_kind"":""khinsider_game_soundtrack"",""khinsider_album_url"":""https://downloads.khinsider.com/game-soundtracks/album/super-smash-bros.-ultimate-enhanced-original-soundtrack"",""khinsider_album_title"":""Super Smash Bros. Ultimate Enhanced Original Soundtrack (super-smash-bros.-ultimate-enhanced-original-soundtrack)"",""khinsider_album_kind"":""official_or_gamerip"",""khinsider_album_match_score"":100.0,""relevance_score_100"":100.0,""popularity_score_100"":65.26628250740463,""score_100"":86.10651300296185,""popularity_basis"":""BeatHit master-list game rank plus track position proxy""}"
330,Delfino Plaza [Original],Unknown credited artist,[],Super Smash Bros. Ultimate Vol. 02 - Super Mario (super-smash-bros.-ultimate-expanded-vol.-02-super-mario-switch-gamerip-2018),,,"[""video game soundtrack""]","[""und""]",,,,Super Smash Bros. Ultimate,,,khinsider_track_prominence_proxy,65.26628250740463,score_0_100,,,,86.10651300296185,,,,https://downloads.khinsider.com/game-soundtracks/album/super-smash-bros.-ultimate-expanded-vol.-02-super-mario-switch-gamerip-2018,2026-10-05,Track title is taken from KHInsider's soundtrack/gamerip album index. Popularity is an explicitly labelled proxy based on BeatHit game rank and track prominence.,"{""culture_category"":""video_game_music"",""video_game"":""Super Smash Bros. Ultimate"",""game_rank"":41,""game_association_kind"":""khinsider_game_soundtrack"",""khinsider_album_url"":""https://downloads.khinsider.com/game-soundtracks/album/super-smash-bros.-ultimate-expanded-vol.-02-super-mario-switch-gamerip-2018"",""khinsider_album_title"":""Super Smash Bros. Ultimate Vol. 02 - Super Mario (super-smash-bros.-ultimate-expanded-vol.-02-super-mario-switch-gamerip-2018)"",""khinsider_album_kind"":""official_or_gamerip"",""khinsider_album_match_score"":100.0,""relevance_score_100"":100.0,""popularity_score_100"":65.26628250740463,""score_100"":86.10651300296185,""popularity_basis"":""BeatHit master-list game rank plus track position proxy""}"
331,King K. Rool Victory Theme,Unknown credited artist,[],Super Smash Bros. Ultimate Vol. 03 - Donkey Kong (super-smash-bros.-ultimate-expanded-vol.-03-donkey-kong-switch-gamerip-2018),,,"[""video game soundtrack""]","[""und""]",,,,Super Smash Bros. Ultimate,,,khinsider_track_prominence_proxy,65.26628250740463,score_0_100,,,,86.10651300296185,,,,https://downloads.khinsider.com/game-soundtracks/album/super-smash-bros.-ultimate-expanded-vol.-03-donkey-kong-switch-gamerip-2018,2026-10-05,Track title is taken from KHInsider's soundtrack/gamerip album index. Popularity is an explicitly labelled proxy based on BeatHit game rank and track prominence.,"{""culture_category"":""video_game_music"",""video_game"":""Super Smash Bros. Ultimate"",""game_rank"":41,""game_association_kind"":""khinsider_game_soundtrack"",""khinsider_album_url"":""https://downloads.khinsider.com/game-soundtracks/album/super-smash-bros.-ultimate-expanded-vol.-03-donkey-kong-switch-gamerip-2018"",""khinsider_album_title"":""Super Smash Bros. Ultimate Vol. 03 - Donkey Kong (super-smash-bros.-ultimate-expanded-vol.-03-donkey-kong-switch-gamerip-2018)"",""khinsider_album_kind"":""official_or_gamerip"",""khinsider_album_match_score"":100.0,""relevance_score_100"":100.0,""popularity_score_100"":65.26628250740463,""score_100"":86.10651300296185,""popularity_basis"":""BeatHit master-list game rank plus track position proxy""}"
332,The Hidden Village,Unknown credited artist,[],Super Smash Bros. Ultimate Vol. 04 - The Legend of Zelda (super-smash-bros.-ultimate-expanded-vol.-04-the-legend-of-zelda-switch-gamerip-2018),,,"[""video game soundtrack""]","[""und""]",,,,Super Smash Bros. Ultimate,,,khinsider_track_prominence_proxy,65.26628250740463,score_0_100,,,,86.10651300296185,,,,https://downloads.khinsider.com/game-soundtracks/album/super-smash-bros.-ultimate-expanded-vol.-04-the-legend-of-zelda-switch-gamerip-2018,2026-10-05,Track title is taken from KHInsider's soundtrack/gamerip album index. Popularity is an explicitly labelled proxy based on BeatHit game rank and track prominence.,"{""culture_category"":""video_game_music"",""video_game"":""Super Smash Bros. Ultimate"",""game_rank"":41,""game_association_kind"":""khinsider_game_soundtrack"",""khinsider_album_url"":""https://downloads.khinsider.com/game-soundtracks/album/super-smash-bros.-ultimate-expanded-vol.-04-the-legend-of-zelda-switch-gamerip-2018"",""khinsider_album_title"":""Super Smash Bros. Ultimate Vol. 04 - The Legend of Zelda (super-smash-bros.-ultimate-expanded-vol.-04-the-legend-of-zelda-switch-gamerip-2018)"",""khinsider_album_kind"":""official_or_gamerip"",""khinsider_album_match_score"":100.0,""relevance_score_100"":100.0,""popularity_score_100"":65.26628250740463,""score_100"":86.10651300296185,""popularity_basis"":""BeatHit master-list game rank plus track position proxy""}"
333,Brinstar Depths [Original],Unknown credited artist,[],Super Smash Bros. Ultimate Vol. 05 - Metroid (super-smash-bros.-ultimate-expanded-vol.-05-metroid-switch-gamerip-2018),,,"[""video game soundtrack""]","[""und""]",,,,Super Smash Bros. Ultimate,,,khinsider_track_prominence_proxy,65.26628250740463,score_0_100,,,,86.10651300296185,,,,https://downloads.khinsider.com/game-soundtracks/album/super-smash-bros.-ultimate-expanded-vol.-05-metroid-switch-gamerip-2018,2026-10-05,Track title is taken from KHInsider's soundtrack/gamerip album index. Popularity is an explicitly labelled proxy based on BeatHit game rank and track prominence.,"{""culture_category"":""video_game_music"",""video_game"":""Super Smash Bros. Ultimate"",""game_rank"":41,""game_association_kind"":""khinsider_game_soundtrack"",""khinsider_album_url"":""https://downloads.khinsider.com/game-soundtracks/album/super-smash-bros.-ultimate-expanded-vol.-05-metroid-switch-gamerip-2018"",""khinsider_album_title"":""Super Smash Bros. Ultimate Vol. 05 - Metroid (super-smash-bros.-ultimate-expanded-vol.-05-metroid-switch-gamerip-2018)"",""khinsider_album_kind"":""official_or_gamerip"",""khinsider_album_match_score"":100.0,""relevance_score_100"":100.0,""popularity_score_100"":65.26628250740463,""score_100"":86.10651300296185,""popularity_basis"":""BeatHit master-list game rank plus track position proxy""}"
334,Fatal Blooms in Moonlight,Unknown credited artist,[],Super Smash Bros. Ultimate Vol. 07 - Kirby (super-smash-bros.-ultimate-expanded-vol.-07-kirby-switch-gamerip-2018),,,"[""video game soundtrack""]","[""und""]",,,,Super Smash Bros. Ultimate,,,khinsider_track_prominence_proxy,65.26628250740463,score_0_100,,,,86.10651300296185,,,,https://downloads.khinsider.com/game-soundtracks/album/super-smash-bros.-ultimate-expanded-vol.-07-kirby-switch-gamerip-2018,2026-10-05,Track title is taken from KHInsider's soundtrack/gamerip album index. Popularity is an explicitly labelled proxy based on BeatHit game rank and track prominence.,"{""culture_category"":""video_game_music"",""video_game"":""Super Smash Bros. Ultimate"",""game_rank"":41,""game_association_kind"":""khinsider_game_soundtrack"",""khinsider_album_url"":""https://downloads.khinsider.com/game-soundtracks/album/super-smash-bros.-ultimate-expanded-vol.-07-kirby-switch-gamerip-2018"",""khinsider_album_title"":""Super Smash Bros. Ultimate Vol. 07 - Kirby (super-smash-bros.-ultimate-expanded-vol.-07-kirby-switch-gamerip-2018)"",""khinsider_album_kind"":""official_or_gamerip"",""khinsider_album_match_score"":100.0,""relevance_score_100"":100.0,""popularity_score_100"":65.26628250740463,""score_100"":86.10651300296185,""popularity_basis"":""BeatHit master-list game rank plus track position proxy""}"
335,Battle! (Elite Four)  -  Battle! (Solgaleo  -  Lunala),Unknown credited artist,[],Super Smash Bros. Ultimate Vol. 09 - Pokémon (super-smash-bros.-ultimate-expanded-vol.-09-pok-mon-switch-gamerip-2018),,,"[""video game soundtrack""]","[""und""]",,,,Super Smash Bros. Ultimate,,,khinsider_track_prominence_proxy,65.26628250740463,score_0_100,,,,86.10651300296185,,,,https://downloads.khinsider.com/game-soundtracks/album/super-smash-bros.-ultimate-expanded-vol.-09-pok-mon-switch-gamerip-2018,2026-10-05,Track title is taken from KHInsider's soundtrack/gamerip album index. Popularity is an explicitly labelled proxy based on BeatHit game rank and track prominence.,"{""culture_category"":""video_game_music"",""video_game"":""Super Smash Bros. Ultimate"",""game_rank"":41,""game_association_kind"":""khinsider_game_soundtrack"",""khinsider_album_url"":""https://downloads.khinsider.com/game-soundtracks/album/super-smash-bros.-ultimate-expanded-vol.-09-pok-mon-switch-gamerip-2018"",""khinsider_album_title"":""Super Smash Bros. Ultimate Vol. 09 - Pokémon (super-smash-bros.-ultimate-expanded-vol.-09-pok-mon-switch-gamerip-2018)"",""khinsider_album_kind"":""official_or_gamerip"",""khinsider_album_match_score"":100.0,""relevance_score_100"":100.0,""popularity_score_100"":65.26628250740463,""score_100"":86.10651300296185,""popularity_basis"":""BeatHit master-list game rank plus track position proxy""}"
336,Smashing Song Of Praise [Original],Unknown credited artist,[],Super Smash Bros. Ultimate Vol. 11 - Mother (super-smash-bros.-ultimate-expanded-vol.-11-mother-switch-gamerip-2018),,,"[""video game soundtrack""]","[""und""]",,,,Super Smash Bros. Ultimate,,,khinsider_track_prominence_proxy,65.26628250740463,score_0_100,,,,86.10651300296185,,,,https://downloads.khinsider.com/game-soundtracks/album/super-smash-bros.-ultimate-expanded-vol.-11-mother-switch-gamerip-2018,2026-10-05,Track title is taken from KHInsider's soundtrack/gamerip album index. Popularity is an explicitly labelled proxy based on BeatHit game rank and track prominence.,"{""culture_category"":""video_game_music"",""video_game"":""Super Smash Bros. Ultimate"",""game_rank"":41,""game_association_kind"":""khinsider_game_soundtrack"",""khinsider_album_url"":""https://downloads.khinsider.com/game-soundtracks/album/super-smash-bros.-ultimate-expanded-vol.-11-mother-switch-gamerip-2018"",""khinsider_album_title"":""Super Smash Bros. Ultimate Vol. 11 - Mother (super-smash-bros.-ultimate-expanded-vol.-11-mother-switch-gamerip-2018)"",""khinsider_album_kind"":""official_or_gamerip"",""khinsider_album_match_score"":100.0,""relevance_score_100"":100.0,""popularity_score_100"":65.26628250740463,""score_100"":86.10651300296185,""popularity_basis"":""BeatHit master-list game rank plus track position proxy""}"
337,Victory! [Metroid Villain],Unknown credited artist,[],Super Smash Bros. Ultimate Enhanced Original Soundtrack (super-smash-bros.-ultimate-enhanced-original-soundtrack),,,"[""video game soundtrack""]","[""und""]",,,,Super Smash Bros. Ultimate,,,khinsider_track_prominence_proxy,65.05628250740462,score_0_100,,,,86.02251300296184,,,,https://downloads.khinsider.com/game-soundtracks/album/super-smash-bros.-ultimate-enhanced-original-soundtrack,2026-10-05,Track title is taken from KHInsider's soundtrack/gamerip album index. Popularity is an explicitly labelled proxy based on BeatHit game rank and track prominence.,"{""culture_category"":""video_game_music"",""video_game"":""Super Smash Bros. Ultimate"",""game_rank"":41,""game_association_kind"":""khinsider_game_soundtrack"",""khinsider_album_url"":""https://downloads.khinsider.com/game-soundtracks/album/super-smash-bros.-ultimate-enhanced-original-soundtrack"",""khinsider_album_title"":""Super Smash Bros. Ultimate Enhanced Original Soundtrack (super-smash-bros.-ultimate-enhanced-original-soundtrack)"",""khinsider_album_kind"":""official_or_gamerip"",""khinsider_album_match_score"":100.0,""relevance_score_100"":100.0,""popularity_score_100"":65.05628250740462,""score_100"":86.02251300296184,""popularity_basis"":""BeatHit master-list game rank plus track position proxy""}"
338,Ricco Harbor,Unknown credited artist,[],Super Smash Bros. Ultimate Vol. 02 - Super Mario (super-smash-bros.-ultimate-expanded-vol.-02-super-mario-switch-gamerip-2018),,,"[""video game soundtrack""]","[""und""]",,,,Super Smash Bros. Ultimate,,,khinsider_track_prominence_proxy,65.05628250740462,score_0_100,,,,86.02251300296184,,,,https://downloads.khinsider.com/game-soundtracks/album/super-smash-bros.-ultimate-expanded-vol.-02-super-mario-switch-gamerip-2018,2026-10-05,Track title is taken from KHInsider's soundtrack/gamerip album index. Popularity is an explicitly labelled proxy based on BeatHit game rank and track prominence.,"{""culture_category"":""video_game_music"",""video_game"":""Super Smash Bros. Ultimate"",""game_rank"":41,""game_association_kind"":""khinsider_game_soundtrack"",""khinsider_album_url"":""https://downloads.khinsider.com/game-soundtracks/album/super-smash-bros.-ultimate-expanded-vol.-02-super-mario-switch-gamerip-2018"",""khinsider_album_title"":""Super Smash Bros. Ultimate Vol. 02 - Super Mario (super-smash-bros.-ultimate-expanded-vol.-02-super-mario-switch-gamerip-2018)"",""khinsider_album_kind"":""official_or_gamerip"",""khinsider_album_match_score"":100.0,""relevance_score_100"":100.0,""popularity_score_100"":65.05628250740462,""score_100"":86.02251300296184,""popularity_basis"":""BeatHit master-list game rank plus track position proxy""}"
339,Jungle Level (Kentaro Ishizaka Ver.),Unknown credited artist,[],Super Smash Bros. Ultimate Vol. 03 - Donkey Kong (super-smash-bros.-ultimate-expanded-vol.-03-donkey-kong-switch-gamerip-2018),,,"[""video game soundtrack""]","[""und""]",,,,Super Smash Bros. Ultimate,,,khinsider_track_prominence_proxy,65.05628250740462,score_0_100,,,,86.02251300296184,,,,https://downloads.khinsider.com/game-soundtracks/album/super-smash-bros.-ultimate-expanded-vol.-03-donkey-kong-switch-gamerip-2018,2026-10-05,Track title is taken from KHInsider's soundtrack/gamerip album index. Popularity is an explicitly labelled proxy based on BeatHit game rank and track prominence.,"{""culture_category"":""video_game_music"",""video_game"":""Super Smash Bros. Ultimate"",""game_rank"":41,""game_association_kind"":""khinsider_game_soundtrack"",""khinsider_album_url"":""https://downloads.khinsider.com/game-soundtracks/album/super-smash-bros.-ultimate-expanded-vol.-03-donkey-kong-switch-gamerip-2018"",""khinsider_album_title"":""Super Smash Bros. Ultimate Vol. 03 - Donkey Kong (super-smash-bros.-ultimate-expanded-vol.-03-donkey-kong-switch-gamerip-2018)"",""khinsider_album_kind"":""official_or_gamerip"",""khinsider_album_match_score"":100.0,""relevance_score_100"":100.0,""popularity_score_100"":65.05628250740462,""score_100"":86.02251300296184,""popularity_basis"":""BeatHit master-list game rank plus track position proxy""}"
340,Full Steam Ahead,Unknown credited artist,[],Super Smash Bros. Ultimate Vol. 04 - The Legend of Zelda (super-smash-bros.-ultimate-expanded-vol.-04-the-legend-of-zelda-switch-gamerip-2018),,,"[""video game soundtrack""]","[""und""]",,,,Super Smash Bros. Ultimate,,,khinsider_track_prominence_proxy,65.05628250740462,score_0_100,,,,86.02251300296184,,,,https://downloads.khinsider.com/game-soundtracks/album/super-smash-bros.-ultimate-expanded-vol.-04-the-legend-of-zelda-switch-gamerip-2018,2026-10-05,Track title is taken from KHInsider's soundtrack/gamerip album index. Popularity is an explicitly labelled proxy based on BeatHit game rank and track prominence.,"{""culture_category"":""video_game_music"",""video_game"":""Super Smash Bros. Ultimate"",""game_rank"":41,""game_association_kind"":""khinsider_game_soundtrack"",""khinsider_album_url"":""https://downloads.khinsider.com/game-soundtracks/album/super-smash-bros.-ultimate-expanded-vol.-04-the-legend-of-zelda-switch-gamerip-2018"",""khinsider_album_title"":""Super Smash Bros. Ultimate Vol. 04 - The Legend of Zelda (super-smash-bros.-ultimate-expanded-vol.-04-the-legend-of-zelda-switch-gamerip-2018)"",""khinsider_album_kind"":""official_or_gamerip"",""khinsider_album_match_score"":100.0,""relevance_score_100"":100.0,""popularity_score_100"":65.05628250740462,""score_100"":86.02251300296184,""popularity_basis"":""BeatHit master-list game rank plus track position proxy""}"
341,Norfair [Original],Unknown credited artist,[],Super Smash Bros. Ultimate Vol. 05 - Metroid (super-smash-bros.-ultimate-expanded-vol.-05-metroid-switch-gamerip-2018),,,"[""video game soundtrack""]","[""und""]",,,,Super Smash Bros. Ultimate,,,khinsider_track_prominence_proxy,65.05628250740462,score_0_100,,,,86.02251300296184,,,,https://downloads.khinsider.com/game-soundtracks/album/super-smash-bros.-ultimate-expanded-vol.-05-metroid-switch-gamerip-2018,2026-10-05,Track title is taken from KHInsider's soundtrack/gamerip album index. Popularity is an explicitly labelled proxy based on BeatHit game rank and track prominence.,"{""culture_category"":""video_game_music"",""video_game"":""Super Smash Bros. Ultimate"",""game_rank"":41,""game_association_kind"":""khinsider_game_soundtrack"",""khinsider_album_url"":""https://downloads.khinsider.com/game-soundtracks/album/super-smash-bros.-ultimate-expanded-vol.-05-metroid-switch-gamerip-2018"",""khinsider_album_title"":""Super Smash Bros. Ultimate Vol. 05 - Metroid (super-smash-bros.-ultimate-expanded-vol.-05-metroid-switch-gamerip-2018)"",""khinsider_album_kind"":""official_or_gamerip"",""khinsider_album_match_score"":100.0,""relevance_score_100"":100.0,""popularity_score_100"":65.05628250740462,""score_100"":86.02251300296184,""popularity_basis"":""BeatHit master-list game rank plus track position proxy""}"
342,The World to Win,Unknown credited artist,[],Super Smash Bros. Ultimate Vol. 07 - Kirby (super-smash-bros.-ultimate-expanded-vol.-07-kirby-switch-gamerip-2018),,,"[""video game soundtrack""]","[""und""]",,,,Super Smash Bros. Ultimate,,,khinsider_track_prominence_proxy,65.05628250740462,score_0_100,,,,86.02251300296184,,,,https://downloads.khinsider.com/game-soundtracks/album/super-smash-bros.-ultimate-expanded-vol.-07-kirby-switch-gamerip-2018,2026-10-05,Track title is taken from KHInsider's soundtrack/gamerip album index. Popularity is an explicitly labelled proxy based on BeatHit game rank and track prominence.,"{""culture_category"":""video_game_music"",""video_game"":""Super Smash Bros. Ultimate"",""game_rank"":41,""game_association_kind"":""khinsider_game_soundtrack"",""khinsider_album_url"":""https://downloads.khinsider.com/game-soundtracks/album/super-smash-bros.-ultimate-expanded-vol.-07-kirby-switch-gamerip-2018"",""khinsider_album_title"":""Super Smash Bros. Ultimate Vol. 07 - Kirby (super-smash-bros.-ultimate-expanded-vol.-07-kirby-switch-gamerip-2018)"",""khinsider_album_kind"":""official_or_gamerip"",""khinsider_album_match_score"":100.0,""relevance_score_100"":100.0,""popularity_score_100"":65.05628250740462,""score_100"":86.02251300296184,""popularity_basis"":""BeatHit master-list game rank plus track position proxy""}"
343,The Battle at the Summit!,Unknown credited artist,[],Super Smash Bros. Ultimate Vol. 09 - Pokémon (super-smash-bros.-ultimate-expanded-vol.-09-pok-mon-switch-gamerip-2018),,,"[""video game soundtrack""]","[""und""]",,,,Super Smash Bros. Ultimate,,,khinsider_track_prominence_proxy,65.05628250740462,score_0_100,,,,86.02251300296184,,,,https://downloads.khinsider.com/game-soundtracks/album/super-smash-bros.-ultimate-expanded-vol.-09-pok-mon-switch-gamerip-2018,2026-10-05,Track title is taken from KHInsider's soundtrack/gamerip album index. Popularity is an explicitly labelled proxy based on BeatHit game rank and track prominence.,"{""culture_category"":""video_game_music"",""video_game"":""Super Smash Bros. Ultimate"",""game_rank"":41,""game_association_kind"":""khinsider_game_soundtrack"",""khinsider_album_url"":""https://downloads.khinsider.com/game-soundtracks/album/super-smash-bros.-ultimate-expanded-vol.-09-pok-mon-switch-gamerip-2018"",""khinsider_album_title"":""Super Smash Bros. Ultimate Vol. 09 - Pokémon (super-smash-bros.-ultimate-expanded-vol.-09-pok-mon-switch-gamerip-2018)"",""khinsider_album_kind"":""official_or_gamerip"",""khinsider_album_match_score"":100.0,""relevance_score_100"":100.0,""popularity_score_100"":65.05628250740462,""score_100"":86.02251300296184,""popularity_basis"":""BeatHit master-list game rank plus track position proxy""}"
344,His Highness' Theme [Original],Unknown credited artist,[],Super Smash Bros. Ultimate Vol. 11 - Mother (super-smash-bros.-ultimate-expanded-vol.-11-mother-switch-gamerip-2018),,,"[""video game soundtrack""]","[""und""]",,,,Super Smash Bros. Ultimate,,,khinsider_track_prominence_proxy,65.05628250740462,score_0_100,,,,86.02251300296184,,,,https://downloads.khinsider.com/game-soundtracks/album/super-smash-bros.-ultimate-expanded-vol.-11-mother-switch-gamerip-2018,2026-10-05,Track title is taken from KHInsider's soundtrack/gamerip album index. Popularity is an explicitly labelled proxy based on BeatHit game rank and track prominence.,"{""culture_category"":""video_game_music"",""video_game"":""Super Smash Bros. Ultimate"",""game_rank"":41,""game_association_kind"":""khinsider_game_soundtrack"",""khinsider_album_url"":""https://downloads.khinsider.com/game-soundtracks/album/super-smash-bros.-ultimate-expanded-vol.-11-mother-switch-gamerip-2018"",""khinsider_album_title"":""Super Smash Bros. Ultimate Vol. 11 - Mother (super-smash-bros.-ultimate-expanded-vol.-11-mother-switch-gamerip-2018)"",""khinsider_album_kind"":""official_or_gamerip"",""khinsider_album_match_score"":100.0,""relevance_score_100"":100.0,""popularity_score_100"":65.05628250740462,""score_100"":86.02251300296184,""popularity_basis"":""BeatHit master-list game rank plus track position proxy""}"
345,Main Theme - Yoshi's New Island,Unknown credited artist,[],Super Smash Bros. Ultimate Enhanced Original Soundtrack (super-smash-bros.-ultimate-enhanced-original-soundtrack),,,"[""video game soundtrack""]","[""und""]",,,,Super Smash Bros. Ultimate,,,khinsider_track_prominence_proxy,64.84628250740462,score_0_100,,,,85.93851300296186,,,,https://downloads.khinsider.com/game-soundtracks/album/super-smash-bros.-ultimate-enhanced-original-soundtrack,2026-10-05,Track title is taken from KHInsider's soundtrack/gamerip album index. Popularity is an explicitly labelled proxy based on BeatHit game rank and track prominence.,"{""culture_category"":""video_game_music"",""video_game"":""Super Smash Bros. Ultimate"",""game_rank"":41,""game_association_kind"":""khinsider_game_soundtrack"",""khinsider_album_url"":""https://downloads.khinsider.com/game-soundtracks/album/super-smash-bros.-ultimate-enhanced-original-soundtrack"",""khinsider_album_title"":""Super Smash Bros. Ultimate Enhanced Original Soundtrack (super-smash-bros.-ultimate-enhanced-original-soundtrack)"",""khinsider_album_kind"":""official_or_gamerip"",""khinsider_album_match_score"":100.0,""relevance_score_100"":100.0,""popularity_score_100"":64.84628250740462,""score_100"":85.93851300296186,""popularity_basis"":""BeatHit master-list game rank plus track position proxy""}"
346,Main Theme - New Super Mario Bros.,Unknown credited artist,[],Super Smash Bros. Ultimate Vol. 02 - Super Mario (super-smash-bros.-ultimate-expanded-vol.-02-super-mario-switch-gamerip-2018),,,"[""video game soundtrack""]","[""und""]",,,,Super Smash Bros. Ultimate,,,khinsider_track_prominence_proxy,64.84628250740462,score_0_100,,,,85.93851300296186,,,,https://downloads.khinsider.com/game-soundtracks/album/super-smash-bros.-ultimate-expanded-vol.-02-super-mario-switch-gamerip-2018,2026-10-05,Track title is taken from KHInsider's soundtrack/gamerip album index. Popularity is an explicitly labelled proxy based on BeatHit game rank and track prominence.,"{""culture_category"":""video_game_music"",""video_game"":""Super Smash Bros. Ultimate"",""game_rank"":41,""game_association_kind"":""khinsider_game_soundtrack"",""khinsider_album_url"":""https://downloads.khinsider.com/game-soundtracks/album/super-smash-bros.-ultimate-expanded-vol.-02-super-mario-switch-gamerip-2018"",""khinsider_album_title"":""Super Smash Bros. Ultimate Vol. 02 - Super Mario (super-smash-bros.-ultimate-expanded-vol.-02-super-mario-switch-gamerip-2018)"",""khinsider_album_kind"":""official_or_gamerip"",""khinsider_album_match_score"":100.0,""relevance_score_100"":100.0,""popularity_score_100"":64.84628250740462,""score_100"":85.93851300296186,""popularity_basis"":""BeatHit master-list game rank plus track position proxy""}"
347,DK Rap (Extended Ver.),Unknown credited artist,[],Super Smash Bros. Ultimate Vol. 03 - Donkey Kong (super-smash-bros.-ultimate-expanded-vol.-03-donkey-kong-switch-gamerip-2018),,,"[""video game soundtrack""]","[""und""]",,,,Super Smash Bros. Ultimate,,,khinsider_track_prominence_proxy,64.84628250740462,score_0_100,,,,85.93851300296186,,,,https://downloads.khinsider.com/game-soundtracks/album/super-smash-bros.-ultimate-expanded-vol.-03-donkey-kong-switch-gamerip-2018,2026-10-05,Track title is taken from KHInsider's soundtrack/gamerip album index. Popularity is an explicitly labelled proxy based on BeatHit game rank and track prominence.,"{""culture_category"":""video_game_music"",""video_game"":""Super Smash Bros. Ultimate"",""game_rank"":41,""game_association_kind"":""khinsider_game_soundtrack"",""khinsider_album_url"":""https://downloads.khinsider.com/game-soundtracks/album/super-smash-bros.-ultimate-expanded-vol.-03-donkey-kong-switch-gamerip-2018"",""khinsider_album_title"":""Super Smash Bros. Ultimate Vol. 03 - Donkey Kong (super-smash-bros.-ultimate-expanded-vol.-03-donkey-kong-switch-gamerip-2018)"",""khinsider_album_kind"":""official_or_gamerip"",""khinsider_album_match_score"":100.0,""relevance_score_100"":100.0,""popularity_score_100"":64.84628250740462,""score_100"":85.93851300296186,""popularity_basis"":""BeatHit master-list game rank plus track position proxy""}"
348,Ballad of the Goddess,Unknown credited artist,[],Super Smash Bros. Ultimate Vol. 04 - The Legend of Zelda (super-smash-bros.-ultimate-expanded-vol.-04-the-legend-of-zelda-switch-gamerip-2018),,,"[""video game soundtrack""]","[""und""]",,,,Super Smash Bros. Ultimate,,,khinsider_track_prominence_proxy,64.84628250740462,score_0_100,,,,85.93851300296186,,,,https://downloads.khinsider.com/game-soundtracks/album/super-smash-bros.-ultimate-expanded-vol.-04-the-legend-of-zelda-switch-gamerip-2018,2026-10-05,Track title is taken from KHInsider's soundtrack/gamerip album index. Popularity is an explicitly labelled proxy based on BeatHit game rank and track prominence.,"{""culture_category"":""video_game_music"",""video_game"":""Super Smash Bros. Ultimate"",""game_rank"":41,""game_association_kind"":""khinsider_game_soundtrack"",""khinsider_album_url"":""https://downloads.khinsider.com/game-soundtracks/album/super-smash-bros.-ultimate-expanded-vol.-04-the-legend-of-zelda-switch-gamerip-2018"",""khinsider_album_title"":""Super Smash Bros. Ultimate Vol. 04 - The Legend of Zelda (super-smash-bros.-ultimate-expanded-vol.-04-the-legend-of-zelda-switch-gamerip-2018)"",""khinsider_album_kind"":""official_or_gamerip"",""khinsider_album_match_score"":100.0,""relevance_score_100"":100.0,""popularity_score_100"":64.84628250740462,""score_100"":85.93851300296186,""popularity_basis"":""BeatHit master-list game rank plus track position proxy""}"
349,Escape [Original],Unknown credited artist,[],Super Smash Bros. Ultimate Vol. 05 - Metroid (super-smash-bros.-ultimate-expanded-vol.-05-metroid-switch-gamerip-2018),,,"[""video game soundtrack""]","[""und""]",,,,Super Smash Bros. Ultimate,,,khinsider_track_prominence_proxy,64.84628250740462,score_0_100,,,,85.93851300296186,,,,https://downloads.khinsider.com/game-soundtracks/album/super-smash-bros.-ultimate-expanded-vol.-05-metroid-switch-gamerip-2018,2026-10-05,Track title is taken from KHInsider's soundtrack/gamerip album index. Popularity is an explicitly labelled proxy based on BeatHit game rank and track prominence.,"{""culture_category"":""video_game_music"",""video_game"":""Super Smash Bros. Ultimate"",""game_rank"":41,""game_association_kind"":""khinsider_game_soundtrack"",""khinsider_album_url"":""https://downloads.khinsider.com/game-soundtracks/album/super-smash-bros.-ultimate-expanded-vol.-05-metroid-switch-gamerip-2018"",""khinsider_album_title"":""Super Smash Bros. Ultimate Vol. 05 - Metroid (super-smash-bros.-ultimate-expanded-vol.-05-metroid-switch-gamerip-2018)"",""khinsider_album_kind"":""official_or_gamerip"",""khinsider_album_match_score"":100.0,""relevance_score_100"":100.0,""popularity_score_100"":64.84628250740462,""score_100"":85.93851300296186,""popularity_basis"":""BeatHit master-list game rank plus track position proxy""}"
350,CROWNED - Ver. 2,Unknown credited artist,[],Super Smash Bros. Ultimate Vol. 07 - Kirby (super-smash-bros.-ultimate-expanded-vol.-07-kirby-switch-gamerip-2018),,,"[""video game soundtrack""]","[""und""]",,,,Super Smash Bros. Ultimate,,,khinsider_track_prominence_proxy,64.84628250740462,score_0_100,,,,85.93851300296186,,,,https://downloads.khinsider.com/game-soundtracks/album/super-smash-bros.-ultimate-expanded-vol.-07-kirby-switch-gamerip-2018,2026-10-05,Track title is taken from KHInsider's soundtrack/gamerip album index. Popularity is an explicitly labelled proxy based on BeatHit game rank and track prominence.,"{""culture_category"":""video_game_music"",""video_game"":""Super Smash Bros. Ultimate"",""game_rank"":41,""game_association_kind"":""khinsider_game_soundtrack"",""khinsider_album_url"":""https://downloads.khinsider.com/game-soundtracks/album/super-smash-bros.-ultimate-expanded-vol.-07-kirby-switch-gamerip-2018"",""khinsider_album_title"":""Super Smash Bros. Ultimate Vol. 07 - Kirby (super-smash-bros.-ultimate-expanded-vol.-07-kirby-switch-gamerip-2018)"",""khinsider_album_kind"":""official_or_gamerip"",""khinsider_album_match_score"":100.0,""relevance_score_100"":100.0,""popularity_score_100"":64.84628250740462,""score_100"":85.93851300296186,""popularity_basis"":""BeatHit master-list game rank plus track position proxy""}"
351,Pokémon Victory Theme (64),Unknown credited artist,[],Super Smash Bros. Ultimate Vol. 09 - Pokémon (super-smash-bros.-ultimate-expanded-vol.-09-pok-mon-switch-gamerip-2018),,,"[""video game soundtrack""]","[""und""]",,,,Super Smash Bros. Ultimate,,,khinsider_track_prominence_proxy,64.84628250740462,score_0_100,,,,85.93851300296186,,,,https://downloads.khinsider.com/game-soundtracks/album/super-smash-bros.-ultimate-expanded-vol.-09-pok-mon-switch-gamerip-2018,2026-10-05,Track title is taken from KHInsider's soundtrack/gamerip album index. Popularity is an explicitly labelled proxy based on BeatHit game rank and track prominence.,"{""culture_category"":""video_game_music"",""video_game"":""Super Smash Bros. Ultimate"",""game_rank"":41,""game_association_kind"":""khinsider_game_soundtrack"",""khinsider_album_url"":""https://downloads.khinsider.com/game-soundtracks/album/super-smash-bros.-ultimate-expanded-vol.-09-pok-mon-switch-gamerip-2018"",""khinsider_album_title"":""Super Smash Bros. Ultimate Vol. 09 - Pokémon (super-smash-bros.-ultimate-expanded-vol.-09-pok-mon-switch-gamerip-2018)"",""khinsider_album_kind"":""official_or_gamerip"",""khinsider_album_match_score"":100.0,""relevance_score_100"":100.0,""popularity_score_100"":64.84628250740462,""score_100"":85.93851300296186,""popularity_basis"":""BeatHit master-list game rank plus track position proxy""}"
352,His Highness' Playroom [Original],Unknown credited artist,[],Super Smash Bros. Ultimate Vol. 11 - Mother (super-smash-bros.-ultimate-expanded-vol.-11-mother-switch-gamerip-2018),,,"[""video game soundtrack""]","[""und""]",,,,Super Smash Bros. Ultimate,,,khinsider_track_prominence_proxy,64.84628250740462,score_0_100,,,,85.93851300296186,,,,https://downloads.khinsider.com/game-soundtracks/album/super-smash-bros.-ultimate-expanded-vol.-11-mother-switch-gamerip-2018,2026-10-05,Track title is taken from KHInsider's soundtrack/gamerip album index. Popularity is an explicitly labelled proxy based on BeatHit game rank and track prominence.,"{""culture_category"":""video_game_music"",""video_game"":""Super Smash Bros. Ultimate"",""game_rank"":41,""game_association_kind"":""khinsider_game_soundtrack"",""khinsider_album_url"":""https://downloads.khinsider.com/game-soundtracks/album/super-smash-bros.-ultimate-expanded-vol.-11-mother-switch-gamerip-2018"",""khinsider_album_title"":""Super Smash Bros. Ultimate Vol. 11 - Mother (super-smash-bros.-ultimate-expanded-vol.-11-mother-switch-gamerip-2018)"",""khinsider_album_kind"":""official_or_gamerip"",""khinsider_album_match_score"":100.0,""relevance_score_100"":100.0,""popularity_score_100"":64.84628250740462,""score_100"":85.93851300296186,""popularity_basis"":""BeatHit master-list game rank plus track position proxy""}"
353,Victory! [Yoshi],Unknown credited artist,[],Super Smash Bros. Ultimate Enhanced Original Soundtrack (super-smash-bros.-ultimate-enhanced-original-soundtrack),,,"[""video game soundtrack""]","[""und""]",,,,Super Smash Bros. Ultimate,,,khinsider_track_prominence_proxy,64.63628250740462,score_0_100,,,,85.85451300296185,,,,https://downloads.khinsider.com/game-soundtracks/album/super-smash-bros.-ultimate-enhanced-original-soundtrack,2026-10-05,Track title is taken from KHInsider's soundtrack/gamerip album index. Popularity is an explicitly labelled proxy based on BeatHit game rank and track prominence.,"{""culture_category"":""video_game_music"",""video_game"":""Super Smash Bros. Ultimate"",""game_rank"":41,""game_association_kind"":""khinsider_game_soundtrack"",""khinsider_album_url"":""https://downloads.khinsider.com/game-soundtracks/album/super-smash-bros.-ultimate-enhanced-original-soundtrack"",""khinsider_album_title"":""Super Smash Bros. Ultimate Enhanced Original Soundtrack (super-smash-bros.-ultimate-enhanced-original-soundtrack)"",""khinsider_album_kind"":""official_or_gamerip"",""khinsider_album_match_score"":100.0,""relevance_score_100"":100.0,""popularity_score_100"":64.63628250740462,""score_100"":85.85451300296185,""popularity_basis"":""BeatHit master-list game rank plus track position proxy""}"
354,Opening - Super Smash Bros. Melee,Unknown credited artist,[],Super Smash Bros. Ultimate Vol. 01 - Super Smash Bros. (super-smash-bros.-ultimate-expanded-vol.-01-super-smash-bros.-switch-gamerip-2018),,,"[""video game soundtrack""]","[""und""]",,,,Super Smash Bros. Ultimate,,,khinsider_track_prominence_proxy,64.63628250740462,score_0_100,,,,85.85451300296185,,,,https://downloads.khinsider.com/game-soundtracks/album/super-smash-bros.-ultimate-expanded-vol.-01-super-smash-bros.-switch-gamerip-2018,2026-10-05,Track title is taken from KHInsider's soundtrack/gamerip album index. Popularity is an explicitly labelled proxy based on BeatHit game rank and track prominence.,"{""culture_category"":""video_game_music"",""video_game"":""Super Smash Bros. Ultimate"",""game_rank"":41,""game_association_kind"":""khinsider_game_soundtrack"",""khinsider_album_url"":""https://downloads.khinsider.com/game-soundtracks/album/super-smash-bros.-ultimate-expanded-vol.-01-super-smash-bros.-switch-gamerip-2018"",""khinsider_album_title"":""Super Smash Bros. Ultimate Vol. 01 - Super Smash Bros. (super-smash-bros.-ultimate-expanded-vol.-01-super-smash-bros.-switch-gamerip-2018)"",""khinsider_album_kind"":""official_or_gamerip"",""khinsider_album_match_score"":100.0,""relevance_score_100"":100.0,""popularity_score_100"":64.63628250740462,""score_100"":85.85451300296185,""popularity_basis"":""BeatHit master-list game rank plus track position proxy""}"
355,Super Mario Galaxy,Unknown credited artist,[],Super Smash Bros. Ultimate Vol. 02 - Super Mario (super-smash-bros.-ultimate-expanded-vol.-02-super-mario-switch-gamerip-2018),,,"[""video game soundtrack""]","[""und""]",,,,Super Smash Bros. Ultimate,,,khinsider_track_prominence_proxy,64.63628250740462,score_0_100,,,,85.85451300296185,,,,https://downloads.khinsider.com/game-soundtracks/album/super-smash-bros.-ultimate-expanded-vol.-02-super-mario-switch-gamerip-2018,2026-10-05,Track title is taken from KHInsider's soundtrack/gamerip album index. Popularity is an explicitly labelled proxy based on BeatHit game rank and track prominence.,"{""culture_category"":""video_game_music"",""video_game"":""Super Smash Bros. Ultimate"",""game_rank"":41,""game_association_kind"":""khinsider_game_soundtrack"",""khinsider_album_url"":""https://downloads.khinsider.com/game-soundtracks/album/super-smash-bros.-ultimate-expanded-vol.-02-super-mario-switch-gamerip-2018"",""khinsider_album_title"":""Super Smash Bros. Ultimate Vol. 02 - Super Mario (super-smash-bros.-ultimate-expanded-vol.-02-super-mario-switch-gamerip-2018)"",""khinsider_album_kind"":""official_or_gamerip"",""khinsider_album_match_score"":100.0,""relevance_score_100"":100.0,""popularity_score_100"":64.63628250740462,""score_100"":85.85451300296185,""popularity_basis"":""BeatHit master-list game rank plus track position proxy""}"
356,DK Jungle 1 Theme (Barrel Blast),Unknown credited artist,[],Super Smash Bros. Ultimate Vol. 03 - Donkey Kong (super-smash-bros.-ultimate-expanded-vol.-03-donkey-kong-switch-gamerip-2018),,,"[""video game soundtrack""]","[""und""]",,,,Super Smash Bros. Ultimate,,,khinsider_track_prominence_proxy,64.63628250740462,score_0_100,,,,85.85451300296185,,,,https://downloads.khinsider.com/game-soundtracks/album/super-smash-bros.-ultimate-expanded-vol.-03-donkey-kong-switch-gamerip-2018,2026-10-05,Track title is taken from KHInsider's soundtrack/gamerip album index. Popularity is an explicitly labelled proxy based on BeatHit game rank and track prominence.,"{""culture_category"":""video_game_music"",""video_game"":""Super Smash Bros. Ultimate"",""game_rank"":41,""game_association_kind"":""khinsider_game_soundtrack"",""khinsider_album_url"":""https://downloads.khinsider.com/game-soundtracks/album/super-smash-bros.-ultimate-expanded-vol.-03-donkey-kong-switch-gamerip-2018"",""khinsider_album_title"":""Super Smash Bros. Ultimate Vol. 03 - Donkey Kong (super-smash-bros.-ultimate-expanded-vol.-03-donkey-kong-switch-gamerip-2018)"",""khinsider_album_kind"":""official_or_gamerip"",""khinsider_album_match_score"":100.0,""relevance_score_100"":100.0,""popularity_score_100"":64.63628250740462,""score_100"":85.85451300296185,""popularity_basis"":""BeatHit master-list game rank plus track position proxy""}"
357,Ballad of the Goddess [Original],Unknown credited artist,[],Super Smash Bros. Ultimate Vol. 04 - The Legend of Zelda (super-smash-bros.-ultimate-expanded-vol.-04-the-legend-of-zelda-switch-gamerip-2018),,,"[""video game soundtrack""]","[""und""]",,,,Super Smash Bros. Ultimate,,,khinsider_track_prominence_proxy,64.63628250740462,score_0_100,,,,85.85451300296185,,,,https://downloads.khinsider.com/game-soundtracks/album/super-smash-bros.-ultimate-expanded-vol.-04-the-legend-of-zelda-switch-gamerip-2018,2026-10-05,Track title is taken from KHInsider's soundtrack/gamerip album index. Popularity is an explicitly labelled proxy based on BeatHit game rank and track prominence.,"{""culture_category"":""video_game_music"",""video_game"":""Super Smash Bros. Ultimate"",""game_rank"":41,""game_association_kind"":""khinsider_game_soundtrack"",""khinsider_album_url"":""https://downloads.khinsider.com/game-soundtracks/album/super-smash-bros.-ultimate-expanded-vol.-04-the-legend-of-zelda-switch-gamerip-2018"",""khinsider_album_title"":""Super Smash Bros. Ultimate Vol. 04 - The Legend of Zelda (super-smash-bros.-ultimate-expanded-vol.-04-the-legend-of-zelda-switch-gamerip-2018)"",""khinsider_album_kind"":""official_or_gamerip"",""khinsider_album_match_score"":100.0,""relevance_score_100"":100.0,""popularity_score_100"":64.63628250740462,""score_100"":85.85451300296185,""popularity_basis"":""BeatHit master-list game rank plus track position proxy""}"
358,Ending - Metroid [Original],Unknown credited artist,[],Super Smash Bros. Ultimate Vol. 05 - Metroid (super-smash-bros.-ultimate-expanded-vol.-05-metroid-switch-gamerip-2018),,,"[""video game soundtrack""]","[""und""]",,,,Super Smash Bros. Ultimate,,,khinsider_track_prominence_proxy,64.63628250740462,score_0_100,,,,85.85451300296185,,,,https://downloads.khinsider.com/game-soundtracks/album/super-smash-bros.-ultimate-expanded-vol.-05-metroid-switch-gamerip-2018,2026-10-05,Track title is taken from KHInsider's soundtrack/gamerip album index. Popularity is an explicitly labelled proxy based on BeatHit game rank and track prominence.,"{""culture_category"":""video_game_music"",""video_game"":""Super Smash Bros. Ultimate"",""game_rank"":41,""game_association_kind"":""khinsider_game_soundtrack"",""khinsider_album_url"":""https://downloads.khinsider.com/game-soundtracks/album/super-smash-bros.-ultimate-expanded-vol.-05-metroid-switch-gamerip-2018"",""khinsider_album_title"":""Super Smash Bros. Ultimate Vol. 05 - Metroid (super-smash-bros.-ultimate-expanded-vol.-05-metroid-switch-gamerip-2018)"",""khinsider_album_kind"":""official_or_gamerip"",""khinsider_album_match_score"":100.0,""relevance_score_100"":100.0,""popularity_score_100"":64.63628250740462,""score_100"":85.85451300296185,""popularity_basis"":""BeatHit master-list game rank plus track position proxy""}"
359,Venturing Into the Mechanized World,Unknown credited artist,[],Super Smash Bros. Ultimate Vol. 07 - Kirby (super-smash-bros.-ultimate-expanded-vol.-07-kirby-switch-gamerip-2018),,,"[""video game soundtrack""]","[""und""]",,,,Super Smash Bros. Ultimate,,,khinsider_track_prominence_proxy,64.63628250740462,score_0_100,,,,85.85451300296185,,,,https://downloads.khinsider.com/game-soundtracks/album/super-smash-bros.-ultimate-expanded-vol.-07-kirby-switch-gamerip-2018,2026-10-05,Track title is taken from KHInsider's soundtrack/gamerip album index. Popularity is an explicitly labelled proxy based on BeatHit game rank and track prominence.,"{""culture_category"":""video_game_music"",""video_game"":""Super Smash Bros. Ultimate"",""game_rank"":41,""game_association_kind"":""khinsider_game_soundtrack"",""khinsider_album_url"":""https://downloads.khinsider.com/game-soundtracks/album/super-smash-bros.-ultimate-expanded-vol.-07-kirby-switch-gamerip-2018"",""khinsider_album_title"":""Super Smash Bros. Ultimate Vol. 07 - Kirby (super-smash-bros.-ultimate-expanded-vol.-07-kirby-switch-gamerip-2018)"",""khinsider_album_kind"":""official_or_gamerip"",""khinsider_album_match_score"":100.0,""relevance_score_100"":100.0,""popularity_score_100"":64.63628250740462,""score_100"":85.85451300296185,""popularity_basis"":""BeatHit master-list game rank plus track position proxy""}"
360,Pokémon Victory Theme (Melee),Unknown credited artist,[],Super Smash Bros. Ultimate Vol. 09 - Pokémon (super-smash-bros.-ultimate-expanded-vol.-09-pok-mon-switch-gamerip-2018),,,"[""video game soundtrack""]","[""und""]",,,,Super Smash Bros. Ultimate,,,khinsider_track_prominence_proxy,64.63628250740462,score_0_100,,,,85.85451300296185,,,,https://downloads.khinsider.com/game-soundtracks/album/super-smash-bros.-ultimate-expanded-vol.-09-pok-mon-switch-gamerip-2018,2026-10-05,Track title is taken from KHInsider's soundtrack/gamerip album index. Popularity is an explicitly labelled proxy based on BeatHit game rank and track prominence.,"{""culture_category"":""video_game_music"",""video_game"":""Super Smash Bros. Ultimate"",""game_rank"":41,""game_association_kind"":""khinsider_game_soundtrack"",""khinsider_album_url"":""https://downloads.khinsider.com/game-soundtracks/album/super-smash-bros.-ultimate-expanded-vol.-09-pok-mon-switch-gamerip-2018"",""khinsider_album_title"":""Super Smash Bros. Ultimate Vol. 09 - Pokémon (super-smash-bros.-ultimate-expanded-vol.-09-pok-mon-switch-gamerip-2018)"",""khinsider_album_kind"":""official_or_gamerip"",""khinsider_album_match_score"":100.0,""relevance_score_100"":100.0,""popularity_score_100"":64.63628250740462,""score_100"":85.85451300296185,""popularity_basis"":""BeatHit master-list game rank plus track position proxy""}"
361,LOG-O-TYPE [Original],Unknown credited artist,[],Super Smash Bros. Ultimate Vol. 11 - Mother (super-smash-bros.-ultimate-expanded-vol.-11-mother-switch-gamerip-2018),,,"[""video game soundtrack""]","[""und""]",,,,Super Smash Bros. Ultimate,,,khinsider_track_prominence_proxy,64.63628250740462,score_0_100,,,,85.85451300296185,,,,https://downloads.khinsider.com/game-soundtracks/album/super-smash-bros.-ultimate-expanded-vol.-11-mother-switch-gamerip-2018,2026-10-05,Track title is taken from KHInsider's soundtrack/gamerip album index. Popularity is an explicitly labelled proxy based on BeatHit game rank and track prominence.,"{""culture_category"":""video_game_music"",""video_game"":""Super Smash Bros. Ultimate"",""game_rank"":41,""game_association_kind"":""khinsider_game_soundtrack"",""khinsider_album_url"":""https://downloads.khinsider.com/game-soundtracks/album/super-smash-bros.-ultimate-expanded-vol.-11-mother-switch-gamerip-2018"",""khinsider_album_title"":""Super Smash Bros. Ultimate Vol. 11 - Mother (super-smash-bros.-ultimate-expanded-vol.-11-mother-switch-gamerip-2018)"",""khinsider_album_kind"":""official_or_gamerip"",""khinsider_album_match_score"":100.0,""relevance_score_100"":100.0,""popularity_score_100"":64.63628250740462,""score_100"":85.85451300296185,""popularity_basis"":""BeatHit master-list game rank plus track position proxy""}"
362,Classic Mode Bonus Stage,Unknown credited artist,[],Super Smash Bros. Ultimate Enhanced Original Soundtrack (super-smash-bros.-ultimate-enhanced-original-soundtrack),,,"[""video game soundtrack""]","[""und""]",,,,Super Smash Bros. Ultimate,,,khinsider_track_prominence_proxy,64.42628250740462,score_0_100,,,,85.77051300296185,,,,https://downloads.khinsider.com/game-soundtracks/album/super-smash-bros.-ultimate-enhanced-original-soundtrack,2026-10-05,Track title is taken from KHInsider's soundtrack/gamerip album index. Popularity is an explicitly labelled proxy based on BeatHit game rank and track prominence.,"{""culture_category"":""video_game_music"",""video_game"":""Super Smash Bros. Ultimate"",""game_rank"":41,""game_association_kind"":""khinsider_game_soundtrack"",""khinsider_album_url"":""https://downloads.khinsider.com/game-soundtracks/album/super-smash-bros.-ultimate-enhanced-original-soundtrack"",""khinsider_album_title"":""Super Smash Bros. Ultimate Enhanced Original Soundtrack (super-smash-bros.-ultimate-enhanced-original-soundtrack)"",""khinsider_album_kind"":""official_or_gamerip"",""khinsider_album_match_score"":100.0,""relevance_score_100"":100.0,""popularity_score_100"":64.42628250740462,""score_100"":85.77051300296185,""popularity_basis"":""BeatHit master-list game rank plus track position proxy""}"
363,Opening - Super Smash Bros. Melee (Brawl),Unknown credited artist,[],Super Smash Bros. Ultimate Vol. 01 - Super Smash Bros. (super-smash-bros.-ultimate-expanded-vol.-01-super-smash-bros.-switch-gamerip-2018),,,"[""video game soundtrack""]","[""und""]",,,,Super Smash Bros. Ultimate,,,khinsider_track_prominence_proxy,64.42628250740462,score_0_100,,,,85.77051300296185,,,,https://downloads.khinsider.com/game-soundtracks/album/super-smash-bros.-ultimate-expanded-vol.-01-super-smash-bros.-switch-gamerip-2018,2026-10-05,Track title is taken from KHInsider's soundtrack/gamerip album index. Popularity is an explicitly labelled proxy based on BeatHit game rank and track prominence.,"{""culture_category"":""video_game_music"",""video_game"":""Super Smash Bros. Ultimate"",""game_rank"":41,""game_association_kind"":""khinsider_game_soundtrack"",""khinsider_album_url"":""https://downloads.khinsider.com/game-soundtracks/album/super-smash-bros.-ultimate-expanded-vol.-01-super-smash-bros.-switch-gamerip-2018"",""khinsider_album_title"":""Super Smash Bros. Ultimate Vol. 01 - Super Smash Bros. (super-smash-bros.-ultimate-expanded-vol.-01-super-smash-bros.-switch-gamerip-2018)"",""khinsider_album_kind"":""official_or_gamerip"",""khinsider_album_match_score"":100.0,""relevance_score_100"":100.0,""popularity_score_100"":64.42628250740462,""score_100"":85.77051300296185,""popularity_basis"":""BeatHit master-list game rank plus track position proxy""}"
364,Egg Planet,Unknown credited artist,[],Super Smash Bros. Ultimate Vol. 02 - Super Mario (super-smash-bros.-ultimate-expanded-vol.-02-super-mario-switch-gamerip-2018),,,"[""video game soundtrack""]","[""und""]",,,,Super Smash Bros. Ultimate,,,khinsider_track_prominence_proxy,64.42628250740462,score_0_100,,,,85.77051300296185,,,,https://downloads.khinsider.com/game-soundtracks/album/super-smash-bros.-ultimate-expanded-vol.-02-super-mario-switch-gamerip-2018,2026-10-05,Track title is taken from KHInsider's soundtrack/gamerip album index. Popularity is an explicitly labelled proxy based on BeatHit game rank and track prominence.,"{""culture_category"":""video_game_music"",""video_game"":""Super Smash Bros. Ultimate"",""game_rank"":41,""game_association_kind"":""khinsider_game_soundtrack"",""khinsider_album_url"":""https://downloads.khinsider.com/game-soundtracks/album/super-smash-bros.-ultimate-expanded-vol.-02-super-mario-switch-gamerip-2018"",""khinsider_album_title"":""Super Smash Bros. Ultimate Vol. 02 - Super Mario (super-smash-bros.-ultimate-expanded-vol.-02-super-mario-switch-gamerip-2018)"",""khinsider_album_kind"":""official_or_gamerip"",""khinsider_album_match_score"":100.0,""relevance_score_100"":100.0,""popularity_score_100"":64.42628250740462,""score_100"":85.77051300296185,""popularity_basis"":""BeatHit master-list game rank plus track position proxy""}"
365,Hammer,Unknown credited artist,[],Super Smash Bros. Ultimate Vol. 03 - Donkey Kong (super-smash-bros.-ultimate-expanded-vol.-03-donkey-kong-switch-gamerip-2018),,,"[""video game soundtrack""]","[""und""]",,,,Super Smash Bros. Ultimate,,,khinsider_track_prominence_proxy,64.42628250740462,score_0_100,,,,85.77051300296185,,,,https://downloads.khinsider.com/game-soundtracks/album/super-smash-bros.-ultimate-expanded-vol.-03-donkey-kong-switch-gamerip-2018,2026-10-05,Track title is taken from KHInsider's soundtrack/gamerip album index. Popularity is an explicitly labelled proxy based on BeatHit game rank and track prominence.,"{""culture_category"":""video_game_music"",""video_game"":""Super Smash Bros. Ultimate"",""game_rank"":41,""game_association_kind"":""khinsider_game_soundtrack"",""khinsider_album_url"":""https://downloads.khinsider.com/game-soundtracks/album/super-smash-bros.-ultimate-expanded-vol.-03-donkey-kong-switch-gamerip-2018"",""khinsider_album_title"":""Super Smash Bros. Ultimate Vol. 03 - Donkey Kong (super-smash-bros.-ultimate-expanded-vol.-03-donkey-kong-switch-gamerip-2018)"",""khinsider_album_kind"":""official_or_gamerip"",""khinsider_album_match_score"":100.0,""relevance_score_100"":100.0,""popularity_score_100"":64.42628250740462,""score_100"":85.77051300296185,""popularity_basis"":""BeatHit master-list game rank plus track position proxy""}"
366,Hyrule Main Theme,Unknown credited artist,[],Super Smash Bros. Ultimate Vol. 04 - The Legend of Zelda (super-smash-bros.-ultimate-expanded-vol.-04-the-legend-of-zelda-switch-gamerip-2018),,,"[""video game soundtrack""]","[""und""]",,,,Super Smash Bros. Ultimate,,,khinsider_track_prominence_proxy,64.42628250740462,score_0_100,,,,85.77051300296185,,,,https://downloads.khinsider.com/game-soundtracks/album/super-smash-bros.-ultimate-expanded-vol.-04-the-legend-of-zelda-switch-gamerip-2018,2026-10-05,Track title is taken from KHInsider's soundtrack/gamerip album index. Popularity is an explicitly labelled proxy based on BeatHit game rank and track prominence.,"{""culture_category"":""video_game_music"",""video_game"":""Super Smash Bros. Ultimate"",""game_rank"":41,""game_association_kind"":""khinsider_game_soundtrack"",""khinsider_album_url"":""https://downloads.khinsider.com/game-soundtracks/album/super-smash-bros.-ultimate-expanded-vol.-04-the-legend-of-zelda-switch-gamerip-2018"",""khinsider_album_title"":""Super Smash Bros. Ultimate Vol. 04 - The Legend of Zelda (super-smash-bros.-ultimate-expanded-vol.-04-the-legend-of-zelda-switch-gamerip-2018)"",""khinsider_album_kind"":""official_or_gamerip"",""khinsider_album_match_score"":100.0,""relevance_score_100"":100.0,""popularity_score_100"":64.42628250740462,""score_100"":85.77051300296185,""popularity_basis"":""BeatHit master-list game rank plus track position proxy""}"
367,Vs. Ridley [Original],Unknown credited artist,[],Super Smash Bros. Ultimate Vol. 05 - Metroid (super-smash-bros.-ultimate-expanded-vol.-05-metroid-switch-gamerip-2018),,,"[""video game soundtrack""]","[""und""]",,,,Super Smash Bros. Ultimate,,,khinsider_track_prominence_proxy,64.42628250740462,score_0_100,,,,85.77051300296185,,,,https://downloads.khinsider.com/game-soundtracks/album/super-smash-bros.-ultimate-expanded-vol.-05-metroid-switch-gamerip-2018,2026-10-05,Track title is taken from KHInsider's soundtrack/gamerip album index. Popularity is an explicitly labelled proxy based on BeatHit game rank and track prominence.,"{""culture_category"":""video_game_music"",""video_game"":""Super Smash Bros. Ultimate"",""game_rank"":41,""game_association_kind"":""khinsider_game_soundtrack"",""khinsider_album_url"":""https://downloads.khinsider.com/game-soundtracks/album/super-smash-bros.-ultimate-expanded-vol.-05-metroid-switch-gamerip-2018"",""khinsider_album_title"":""Super Smash Bros. Ultimate Vol. 05 - Metroid (super-smash-bros.-ultimate-expanded-vol.-05-metroid-switch-gamerip-2018)"",""khinsider_album_kind"":""official_or_gamerip"",""khinsider_album_match_score"":100.0,""relevance_score_100"":100.0,""popularity_score_100"":64.42628250740462,""score_100"":85.77051300296185,""popularity_basis"":""BeatHit master-list game rank plus track position proxy""}"
368,Pink Ball Activate!,Unknown credited artist,[],Super Smash Bros. Ultimate Vol. 07 - Kirby (super-smash-bros.-ultimate-expanded-vol.-07-kirby-switch-gamerip-2018),,,"[""video game soundtrack""]","[""und""]",,,,Super Smash Bros. Ultimate,,,khinsider_track_prominence_proxy,64.42628250740462,score_0_100,,,,85.77051300296185,,,,https://downloads.khinsider.com/game-soundtracks/album/super-smash-bros.-ultimate-expanded-vol.-07-kirby-switch-gamerip-2018,2026-10-05,Track title is taken from KHInsider's soundtrack/gamerip album index. Popularity is an explicitly labelled proxy based on BeatHit game rank and track prominence.,"{""culture_category"":""video_game_music"",""video_game"":""Super Smash Bros. Ultimate"",""game_rank"":41,""game_association_kind"":""khinsider_game_soundtrack"",""khinsider_album_url"":""https://downloads.khinsider.com/game-soundtracks/album/super-smash-bros.-ultimate-expanded-vol.-07-kirby-switch-gamerip-2018"",""khinsider_album_title"":""Super Smash Bros. Ultimate Vol. 07 - Kirby (super-smash-bros.-ultimate-expanded-vol.-07-kirby-switch-gamerip-2018)"",""khinsider_album_kind"":""official_or_gamerip"",""khinsider_album_match_score"":100.0,""relevance_score_100"":100.0,""popularity_score_100"":64.42628250740462,""score_100"":85.77051300296185,""popularity_basis"":""BeatHit master-list game rank plus track position proxy""}"
369,Pokémon Victory Theme (Brawl),Unknown credited artist,[],Super Smash Bros. Ultimate Vol. 09 - Pokémon (super-smash-bros.-ultimate-expanded-vol.-09-pok-mon-switch-gamerip-2018),,,"[""video game soundtrack""]","[""und""]",,,,Super Smash Bros. Ultimate,,,khinsider_track_prominence_proxy,64.42628250740462,score_0_100,,,,85.77051300296185,,,,https://downloads.khinsider.com/game-soundtracks/album/super-smash-bros.-ultimate-expanded-vol.-09-pok-mon-switch-gamerip-2018,2026-10-05,Track title is taken from KHInsider's soundtrack/gamerip album index. Popularity is an explicitly labelled proxy based on BeatHit game rank and track prominence.,"{""culture_category"":""video_game_music"",""video_game"":""Super Smash Bros. Ultimate"",""game_rank"":41,""game_association_kind"":""khinsider_game_soundtrack"",""khinsider_album_url"":""https://downloads.khinsider.com/game-soundtracks/album/super-smash-bros.-ultimate-expanded-vol.-09-pok-mon-switch-gamerip-2018"",""khinsider_album_title"":""Super Smash Bros. Ultimate Vol. 09 - Pokémon (super-smash-bros.-ultimate-expanded-vol.-09-pok-mon-switch-gamerip-2018)"",""khinsider_album_kind"":""official_or_gamerip"",""khinsider_album_match_score"":100.0,""relevance_score_100"":100.0,""popularity_score_100"":64.42628250740462,""score_100"":85.77051300296185,""popularity_basis"":""BeatHit master-list game rank plus track position proxy""}"
370,Master Hand  Crazy Hand,Unknown credited artist,[],Super Smash Bros. Ultimate Enhanced Original Soundtrack (super-smash-bros.-ultimate-enhanced-original-soundtrack),,,"[""video game soundtrack""]","[""und""]",,,,Super Smash Bros. Ultimate,,,khinsider_track_prominence_proxy,64.21628250740463,score_0_100,,,,85.68651300296185,,,,https://downloads.khinsider.com/game-soundtracks/album/super-smash-bros.-ultimate-enhanced-original-soundtrack,2026-10-05,Track title is taken from KHInsider's soundtrack/gamerip album index. Popularity is an explicitly labelled proxy based on BeatHit game rank and track prominence.,"{""culture_category"":""video_game_music"",""video_game"":""Super Smash Bros. Ultimate"",""game_rank"":41,""game_association_kind"":""khinsider_game_soundtrack"",""khinsider_album_url"":""https://downloads.khinsider.com/game-soundtracks/album/super-smash-bros.-ultimate-enhanced-original-soundtrack"",""khinsider_album_title"":""Super Smash Bros. Ultimate Enhanced Original Soundtrack (super-smash-bros.-ultimate-enhanced-original-soundtrack)"",""khinsider_album_kind"":""official_or_gamerip"",""khinsider_album_match_score"":100.0,""relevance_score_100"":100.0,""popularity_score_100"":64.21628250740463,""score_100"":85.68651300296185,""popularity_basis"":""BeatHit master-list game rank plus track position proxy""}"
371,Main Theme - Super Smash Bros. Brawl,Unknown credited artist,[],Super Smash Bros. Ultimate Vol. 01 - Super Smash Bros. (super-smash-bros.-ultimate-expanded-vol.-01-super-smash-bros.-switch-gamerip-2018),,,"[""video game soundtrack""]","[""und""]",,,,Super Smash Bros. Ultimate,,,khinsider_track_prominence_proxy,64.21628250740463,score_0_100,,,,85.68651300296185,,,,https://downloads.khinsider.com/game-soundtracks/album/super-smash-bros.-ultimate-expanded-vol.-01-super-smash-bros.-switch-gamerip-2018,2026-10-05,Track title is taken from KHInsider's soundtrack/gamerip album index. Popularity is an explicitly labelled proxy based on BeatHit game rank and track prominence.,"{""culture_category"":""video_game_music"",""video_game"":""Super Smash Bros. Ultimate"",""game_rank"":41,""game_association_kind"":""khinsider_game_soundtrack"",""khinsider_album_url"":""https://downloads.khinsider.com/game-soundtracks/album/super-smash-bros.-ultimate-expanded-vol.-01-super-smash-bros.-switch-gamerip-2018"",""khinsider_album_title"":""Super Smash Bros. Ultimate Vol. 01 - Super Smash Bros. (super-smash-bros.-ultimate-expanded-vol.-01-super-smash-bros.-switch-gamerip-2018)"",""khinsider_album_kind"":""official_or_gamerip"",""khinsider_album_match_score"":100.0,""relevance_score_100"":100.0,""popularity_score_100"":64.21628250740463,""score_100"":85.68651300296185,""popularity_basis"":""BeatHit master-list game rank plus track position proxy""}"
372,Egg Planet [Original],Unknown credited artist,[],Super Smash Bros. Ultimate Vol. 02 - Super Mario (super-smash-bros.-ultimate-expanded-vol.-02-super-mario-switch-gamerip-2018),,,"[""video game soundtrack""]","[""und""]",,,,Super Smash Bros. Ultimate,,,khinsider_track_prominence_proxy,64.21628250740463,score_0_100,,,,85.68651300296185,,,,https://downloads.khinsider.com/game-soundtracks/album/super-smash-bros.-ultimate-expanded-vol.-02-super-mario-switch-gamerip-2018,2026-10-05,Track title is taken from KHInsider's soundtrack/gamerip album index. Popularity is an explicitly labelled proxy based on BeatHit game rank and track prominence.,"{""culture_category"":""video_game_music"",""video_game"":""Super Smash Bros. Ultimate"",""game_rank"":41,""game_association_kind"":""khinsider_game_soundtrack"",""khinsider_album_url"":""https://downloads.khinsider.com/game-soundtracks/album/super-smash-bros.-ultimate-expanded-vol.-02-super-mario-switch-gamerip-2018"",""khinsider_album_title"":""Super Smash Bros. Ultimate Vol. 02 - Super Mario (super-smash-bros.-ultimate-expanded-vol.-02-super-mario-switch-gamerip-2018)"",""khinsider_album_kind"":""official_or_gamerip"",""khinsider_album_match_score"":100.0,""relevance_score_100"":100.0,""popularity_score_100"":64.21628250740463,""score_100"":85.68651300296185,""popularity_basis"":""BeatHit master-list game rank plus track position proxy""}"
373,Opening - Donkey Kong [Original],Unknown credited artist,[],Super Smash Bros. Ultimate Vol. 03 - Donkey Kong (super-smash-bros.-ultimate-expanded-vol.-03-donkey-kong-switch-gamerip-2018),,,"[""video game soundtrack""]","[""und""]",,,,Super Smash Bros. Ultimate,,,khinsider_track_prominence_proxy,64.21628250740463,score_0_100,,,,85.68651300296185,,,,https://downloads.khinsider.com/game-soundtracks/album/super-smash-bros.-ultimate-expanded-vol.-03-donkey-kong-switch-gamerip-2018,2026-10-05,Track title is taken from KHInsider's soundtrack/gamerip album index. Popularity is an explicitly labelled proxy based on BeatHit game rank and track prominence.,"{""culture_category"":""video_game_music"",""video_game"":""Super Smash Bros. Ultimate"",""game_rank"":41,""game_association_kind"":""khinsider_game_soundtrack"",""khinsider_album_url"":""https://downloads.khinsider.com/game-soundtracks/album/super-smash-bros.-ultimate-expanded-vol.-03-donkey-kong-switch-gamerip-2018"",""khinsider_album_title"":""Super Smash Bros. Ultimate Vol. 03 - Donkey Kong (super-smash-bros.-ultimate-expanded-vol.-03-donkey-kong-switch-gamerip-2018)"",""khinsider_album_kind"":""official_or_gamerip"",""khinsider_album_match_score"":100.0,""relevance_score_100"":100.0,""popularity_score_100"":64.21628250740463,""score_100"":85.68651300296185,""popularity_basis"":""BeatHit master-list game rank plus track position proxy""}"
374,Yuga Battle (Hyrule Castle),Unknown credited artist,[],Super Smash Bros. Ultimate Vol. 04 - The Legend of Zelda (super-smash-bros.-ultimate-expanded-vol.-04-the-legend-of-zelda-switch-gamerip-2018),,,"[""video game soundtrack""]","[""und""]",,,,Super Smash Bros. Ultimate,,,khinsider_track_prominence_proxy,64.21628250740463,score_0_100,,,,85.68651300296185,,,,https://downloads.khinsider.com/game-soundtracks/album/super-smash-bros.-ultimate-expanded-vol.-04-the-legend-of-zelda-switch-gamerip-2018,2026-10-05,Track title is taken from KHInsider's soundtrack/gamerip album index. Popularity is an explicitly labelled proxy based on BeatHit game rank and track prominence.,"{""culture_category"":""video_game_music"",""video_game"":""Super Smash Bros. Ultimate"",""game_rank"":41,""game_association_kind"":""khinsider_game_soundtrack"",""khinsider_album_url"":""https://downloads.khinsider.com/game-soundtracks/album/super-smash-bros.-ultimate-expanded-vol.-04-the-legend-of-zelda-switch-gamerip-2018"",""khinsider_album_title"":""Super Smash Bros. Ultimate Vol. 04 - The Legend of Zelda (super-smash-bros.-ultimate-expanded-vol.-04-the-legend-of-zelda-switch-gamerip-2018)"",""khinsider_album_kind"":""official_or_gamerip"",""khinsider_album_match_score"":100.0,""relevance_score_100"":100.0,""popularity_score_100"":64.21628250740463,""score_100"":85.68651300296185,""popularity_basis"":""BeatHit master-list game rank plus track position proxy""}"
375,"Theme of Samus Aran, Space Warrior [Original]",Unknown credited artist,[],Super Smash Bros. Ultimate Vol. 05 - Metroid (super-smash-bros.-ultimate-expanded-vol.-05-metroid-switch-gamerip-2018),,,"[""video game soundtrack""]","[""und""]",,,,Super Smash Bros. Ultimate,,,khinsider_track_prominence_proxy,64.21628250740463,score_0_100,,,,85.68651300296185,,,,https://downloads.khinsider.com/game-soundtracks/album/super-smash-bros.-ultimate-expanded-vol.-05-metroid-switch-gamerip-2018,2026-10-05,Track title is taken from KHInsider's soundtrack/gamerip album index. Popularity is an explicitly labelled proxy based on BeatHit game rank and track prominence.,"{""culture_category"":""video_game_music"",""video_game"":""Super Smash Bros. Ultimate"",""game_rank"":41,""game_association_kind"":""khinsider_game_soundtrack"",""khinsider_album_url"":""https://downloads.khinsider.com/game-soundtracks/album/super-smash-bros.-ultimate-expanded-vol.-05-metroid-switch-gamerip-2018"",""khinsider_album_title"":""Super Smash Bros. Ultimate Vol. 05 - Metroid (super-smash-bros.-ultimate-expanded-vol.-05-metroid-switch-gamerip-2018)"",""khinsider_album_kind"":""official_or_gamerip"",""khinsider_album_match_score"":100.0,""relevance_score_100"":100.0,""popularity_score_100"":64.21628250740463,""score_100"":85.68651300296185,""popularity_basis"":""BeatHit master-list game rank plus track position proxy""}"
376,Kirby Battle Royale - Main Theme,Unknown credited artist,[],Super Smash Bros. Ultimate Vol. 07 - Kirby (super-smash-bros.-ultimate-expanded-vol.-07-kirby-switch-gamerip-2018),,,"[""video game soundtrack""]","[""und""]",,,,Super Smash Bros. Ultimate,,,khinsider_track_prominence_proxy,64.21628250740463,score_0_100,,,,85.68651300296185,,,,https://downloads.khinsider.com/game-soundtracks/album/super-smash-bros.-ultimate-expanded-vol.-07-kirby-switch-gamerip-2018,2026-10-05,Track title is taken from KHInsider's soundtrack/gamerip album index. Popularity is an explicitly labelled proxy based on BeatHit game rank and track prominence.,"{""culture_category"":""video_game_music"",""video_game"":""Super Smash Bros. Ultimate"",""game_rank"":41,""game_association_kind"":""khinsider_game_soundtrack"",""khinsider_album_url"":""https://downloads.khinsider.com/game-soundtracks/album/super-smash-bros.-ultimate-expanded-vol.-07-kirby-switch-gamerip-2018"",""khinsider_album_title"":""Super Smash Bros. Ultimate Vol. 07 - Kirby (super-smash-bros.-ultimate-expanded-vol.-07-kirby-switch-gamerip-2018)"",""khinsider_album_kind"":""official_or_gamerip"",""khinsider_album_match_score"":100.0,""relevance_score_100"":100.0,""popularity_score_100"":64.21628250740463,""score_100"":85.68651300296185,""popularity_basis"":""BeatHit master-list game rank plus track position proxy""}"
377,Pokémon Victory Theme (Ultimate),Unknown credited artist,[],Super Smash Bros. Ultimate Vol. 09 - Pokémon (super-smash-bros.-ultimate-expanded-vol.-09-pok-mon-switch-gamerip-2018),,,"[""video game soundtrack""]","[""und""]",,,,Super Smash Bros. Ultimate,,,khinsider_track_prominence_proxy,64.21628250740463,score_0_100,,,,85.68651300296185,,,,https://downloads.khinsider.com/game-soundtracks/album/super-smash-bros.-ultimate-expanded-vol.-09-pok-mon-switch-gamerip-2018,2026-10-05,Track title is taken from KHInsider's soundtrack/gamerip album index. Popularity is an explicitly labelled proxy based on BeatHit game rank and track prominence.,"{""culture_category"":""video_game_music"",""video_game"":""Super Smash Bros. Ultimate"",""game_rank"":41,""game_association_kind"":""khinsider_game_soundtrack"",""khinsider_album_url"":""https://downloads.khinsider.com/game-soundtracks/album/super-smash-bros.-ultimate-expanded-vol.-09-pok-mon-switch-gamerip-2018"",""khinsider_album_title"":""Super Smash Bros. Ultimate Vol. 09 - Pokémon (super-smash-bros.-ultimate-expanded-vol.-09-pok-mon-switch-gamerip-2018)"",""khinsider_album_kind"":""official_or_gamerip"",""khinsider_album_match_score"":100.0,""relevance_score_100"":100.0,""popularity_score_100"":64.21628250740463,""score_100"":85.68651300296185,""popularity_basis"":""BeatHit master-list game rank plus track position proxy""}"
378,Classic Mode Victory!,Unknown credited artist,[],Super Smash Bros. Ultimate Enhanced Original Soundtrack (super-smash-bros.-ultimate-enhanced-original-soundtrack),,,"[""video game soundtrack""]","[""und""]",,,,Super Smash Bros. Ultimate,,,khinsider_track_prominence_proxy,64.00628250740462,score_0_100,,,,85.60251300296184,,,,https://downloads.khinsider.com/game-soundtracks/album/super-smash-bros.-ultimate-enhanced-original-soundtrack,2026-10-05,Track title is taken from KHInsider's soundtrack/gamerip album index. Popularity is an explicitly labelled proxy based on BeatHit game rank and track prominence.,"{""culture_category"":""video_game_music"",""video_game"":""Super Smash Bros. Ultimate"",""game_rank"":41,""game_association_kind"":""khinsider_game_soundtrack"",""khinsider_album_url"":""https://downloads.khinsider.com/game-soundtracks/album/super-smash-bros.-ultimate-enhanced-original-soundtrack"",""khinsider_album_title"":""Super Smash Bros. Ultimate Enhanced Original Soundtrack (super-smash-bros.-ultimate-enhanced-original-soundtrack)"",""khinsider_album_kind"":""official_or_gamerip"",""khinsider_album_match_score"":100.0,""relevance_score_100"":100.0,""popularity_score_100"":64.00628250740462,""score_100"":85.60251300296184,""popularity_basis"":""BeatHit master-list game rank plus track position proxy""}"
379,How to Play - Super Smash Bros.,Unknown credited artist,[],Super Smash Bros. Ultimate Vol. 01 - Super Smash Bros. (super-smash-bros.-ultimate-expanded-vol.-01-super-smash-bros.-switch-gamerip-2018),,,"[""video game soundtrack""]","[""und""]",,,,Super Smash Bros. Ultimate,,,khinsider_track_prominence_proxy,64.00628250740462,score_0_100,,,,85.60251300296184,,,,https://downloads.khinsider.com/game-soundtracks/album/super-smash-bros.-ultimate-expanded-vol.-01-super-smash-bros.-switch-gamerip-2018,2026-10-05,Track title is taken from KHInsider's soundtrack/gamerip album index. Popularity is an explicitly labelled proxy based on BeatHit game rank and track prominence.,"{""culture_category"":""video_game_music"",""video_game"":""Super Smash Bros. Ultimate"",""game_rank"":41,""game_association_kind"":""khinsider_game_soundtrack"",""khinsider_album_url"":""https://downloads.khinsider.com/game-soundtracks/album/super-smash-bros.-ultimate-expanded-vol.-01-super-smash-bros.-switch-gamerip-2018"",""khinsider_album_title"":""Super Smash Bros. Ultimate Vol. 01 - Super Smash Bros. (super-smash-bros.-ultimate-expanded-vol.-01-super-smash-bros.-switch-gamerip-2018)"",""khinsider_album_kind"":""official_or_gamerip"",""khinsider_album_match_score"":100.0,""relevance_score_100"":100.0,""popularity_score_100"":64.00628250740462,""score_100"":85.60251300296184,""popularity_basis"":""BeatHit master-list game rank plus track position proxy""}"
380,Rosalina in the Observatory  -  Luma's Theme,Unknown credited artist,[],Super Smash Bros. Ultimate Vol. 02 - Super Mario (super-smash-bros.-ultimate-expanded-vol.-02-super-mario-switch-gamerip-2018),,,"[""video game soundtrack""]","[""und""]",,,,Super Smash Bros. Ultimate,,,khinsider_track_prominence_proxy,64.00628250740462,score_0_100,,,,85.60251300296184,,,,https://downloads.khinsider.com/game-soundtracks/album/super-smash-bros.-ultimate-expanded-vol.-02-super-mario-switch-gamerip-2018,2026-10-05,Track title is taken from KHInsider's soundtrack/gamerip album index. Popularity is an explicitly labelled proxy based on BeatHit game rank and track prominence.,"{""culture_category"":""video_game_music"",""video_game"":""Super Smash Bros. Ultimate"",""game_rank"":41,""game_association_kind"":""khinsider_game_soundtrack"",""khinsider_album_url"":""https://downloads.khinsider.com/game-soundtracks/album/super-smash-bros.-ultimate-expanded-vol.-02-super-mario-switch-gamerip-2018"",""khinsider_album_title"":""Super Smash Bros. Ultimate Vol. 02 - Super Mario (super-smash-bros.-ultimate-expanded-vol.-02-super-mario-switch-gamerip-2018)"",""khinsider_album_kind"":""official_or_gamerip"",""khinsider_album_match_score"":100.0,""relevance_score_100"":100.0,""popularity_score_100"":64.00628250740462,""score_100"":85.60251300296184,""popularity_basis"":""BeatHit master-list game rank plus track position proxy""}"
381,Game Start 1 - Donkey Kong [Original],Unknown credited artist,[],Super Smash Bros. Ultimate Vol. 03 - Donkey Kong (super-smash-bros.-ultimate-expanded-vol.-03-donkey-kong-switch-gamerip-2018),,,"[""video game soundtrack""]","[""und""]",,,,Super Smash Bros. Ultimate,,,khinsider_track_prominence_proxy,64.00628250740462,score_0_100,,,,85.60251300296184,,,,https://downloads.khinsider.com/game-soundtracks/album/super-smash-bros.-ultimate-expanded-vol.-03-donkey-kong-switch-gamerip-2018,2026-10-05,Track title is taken from KHInsider's soundtrack/gamerip album index. Popularity is an explicitly labelled proxy based on BeatHit game rank and track prominence.,"{""culture_category"":""video_game_music"",""video_game"":""Super Smash Bros. Ultimate"",""game_rank"":41,""game_association_kind"":""khinsider_game_soundtrack"",""khinsider_album_url"":""https://downloads.khinsider.com/game-soundtracks/album/super-smash-bros.-ultimate-expanded-vol.-03-donkey-kong-switch-gamerip-2018"",""khinsider_album_title"":""Super Smash Bros. Ultimate Vol. 03 - Donkey Kong (super-smash-bros.-ultimate-expanded-vol.-03-donkey-kong-switch-gamerip-2018)"",""khinsider_album_kind"":""official_or_gamerip"",""khinsider_album_match_score"":100.0,""relevance_score_100"":100.0,""popularity_score_100"":64.00628250740462,""score_100"":85.60251300296184,""popularity_basis"":""BeatHit master-list game rank plus track position proxy""}"
382,Lorule Main Theme,Unknown credited artist,[],Super Smash Bros. Ultimate Vol. 04 - The Legend of Zelda (super-smash-bros.-ultimate-expanded-vol.-04-the-legend-of-zelda-switch-gamerip-2018),,,"[""video game soundtrack""]","[""und""]",,,,Super Smash Bros. Ultimate,,,khinsider_track_prominence_proxy,64.00628250740462,score_0_100,,,,85.60251300296184,,,,https://downloads.khinsider.com/game-soundtracks/album/super-smash-bros.-ultimate-expanded-vol.-04-the-legend-of-zelda-switch-gamerip-2018,2026-10-05,Track title is taken from KHInsider's soundtrack/gamerip album index. Popularity is an explicitly labelled proxy based on BeatHit game rank and track prominence.,"{""culture_category"":""video_game_music"",""video_game"":""Super Smash Bros. Ultimate"",""game_rank"":41,""game_association_kind"":""khinsider_game_soundtrack"",""khinsider_album_url"":""https://downloads.khinsider.com/game-soundtracks/album/super-smash-bros.-ultimate-expanded-vol.-04-the-legend-of-zelda-switch-gamerip-2018"",""khinsider_album_title"":""Super Smash Bros. Ultimate Vol. 04 - The Legend of Zelda (super-smash-bros.-ultimate-expanded-vol.-04-the-legend-of-zelda-switch-gamerip-2018)"",""khinsider_album_kind"":""official_or_gamerip"",""khinsider_album_match_score"":100.0,""relevance_score_100"":100.0,""popularity_score_100"":64.00628250740462,""score_100"":85.60251300296184,""popularity_basis"":""BeatHit master-list game rank plus track position proxy""}"
383,Sector 1 [Original],Unknown credited artist,[],Super Smash Bros. Ultimate Vol. 05 - Metroid (super-smash-bros.-ultimate-expanded-vol.-05-metroid-switch-gamerip-2018),,,"[""video game soundtrack""]","[""und""]",,,,Super Smash Bros. Ultimate,,,khinsider_track_prominence_proxy,64.00628250740462,score_0_100,,,,85.60251300296184,,,,https://downloads.khinsider.com/game-soundtracks/album/super-smash-bros.-ultimate-expanded-vol.-05-metroid-switch-gamerip-2018,2026-10-05,Track title is taken from KHInsider's soundtrack/gamerip album index. Popularity is an explicitly labelled proxy based on BeatHit game rank and track prominence.,"{""culture_category"":""video_game_music"",""video_game"":""Super Smash Bros. Ultimate"",""game_rank"":41,""game_association_kind"":""khinsider_game_soundtrack"",""khinsider_album_url"":""https://downloads.khinsider.com/game-soundtracks/album/super-smash-bros.-ultimate-expanded-vol.-05-metroid-switch-gamerip-2018"",""khinsider_album_title"":""Super Smash Bros. Ultimate Vol. 05 - Metroid (super-smash-bros.-ultimate-expanded-vol.-05-metroid-switch-gamerip-2018)"",""khinsider_album_kind"":""official_or_gamerip"",""khinsider_album_match_score"":100.0,""relevance_score_100"":100.0,""popularity_score_100"":64.00628250740462,""score_100"":85.60251300296184,""popularity_basis"":""BeatHit master-list game rank plus track position proxy""}"
384,A Battle of Friends and Bonds 2,Unknown credited artist,[],Super Smash Bros. Ultimate Vol. 07 - Kirby (super-smash-bros.-ultimate-expanded-vol.-07-kirby-switch-gamerip-2018),,,"[""video game soundtrack""]","[""und""]",,,,Super Smash Bros. Ultimate,,,khinsider_track_prominence_proxy,64.00628250740462,score_0_100,,,,85.60251300296184,,,,https://downloads.khinsider.com/game-soundtracks/album/super-smash-bros.-ultimate-expanded-vol.-07-kirby-switch-gamerip-2018,2026-10-05,Track title is taken from KHInsider's soundtrack/gamerip album index. Popularity is an explicitly labelled proxy based on BeatHit game rank and track prominence.,"{""culture_category"":""video_game_music"",""video_game"":""Super Smash Bros. Ultimate"",""game_rank"":41,""game_association_kind"":""khinsider_game_soundtrack"",""khinsider_album_url"":""https://downloads.khinsider.com/game-soundtracks/album/super-smash-bros.-ultimate-expanded-vol.-07-kirby-switch-gamerip-2018"",""khinsider_album_title"":""Super Smash Bros. Ultimate Vol. 07 - Kirby (super-smash-bros.-ultimate-expanded-vol.-07-kirby-switch-gamerip-2018)"",""khinsider_album_kind"":""official_or_gamerip"",""khinsider_album_match_score"":100.0,""relevance_score_100"":100.0,""popularity_score_100"":64.00628250740462,""score_100"":85.60251300296184,""popularity_basis"":""BeatHit master-list game rank plus track position proxy""}"
385,Battle! (Wild Pokémon) - Pokémon Diamond  -  Pearl (Koji Hayama Ver.),Unknown credited artist,[],Super Smash Bros. Ultimate Vol. 09 - Pokémon (super-smash-bros.-ultimate-expanded-vol.-09-pok-mon-switch-gamerip-2018),,,"[""video game soundtrack""]","[""und""]",,,,Super Smash Bros. Ultimate,,,khinsider_track_prominence_proxy,64.00628250740462,score_0_100,,,,85.60251300296184,,,,https://downloads.khinsider.com/game-soundtracks/album/super-smash-bros.-ultimate-expanded-vol.-09-pok-mon-switch-gamerip-2018,2026-10-05,Track title is taken from KHInsider's soundtrack/gamerip album index. Popularity is an explicitly labelled proxy based on BeatHit game rank and track prominence.,"{""culture_category"":""video_game_music"",""video_game"":""Super Smash Bros. Ultimate"",""game_rank"":41,""game_association_kind"":""khinsider_game_soundtrack"",""khinsider_album_url"":""https://downloads.khinsider.com/game-soundtracks/album/super-smash-bros.-ultimate-expanded-vol.-09-pok-mon-switch-gamerip-2018"",""khinsider_album_title"":""Super Smash Bros. Ultimate Vol. 09 - Pokémon (super-smash-bros.-ultimate-expanded-vol.-09-pok-mon-switch-gamerip-2018)"",""khinsider_album_kind"":""official_or_gamerip"",""khinsider_album_match_score"":100.0,""relevance_score_100"":100.0,""popularity_score_100"":64.00628250740462,""score_100"":85.60251300296184,""popularity_basis"":""BeatHit master-list game rank plus track position proxy""}"
386,Classic Mode Mural Results,Unknown credited artist,[],Super Smash Bros. Ultimate Enhanced Original Soundtrack (super-smash-bros.-ultimate-enhanced-original-soundtrack),,,"[""video game soundtrack""]","[""und""]",,,,Super Smash Bros. Ultimate,,,khinsider_track_prominence_proxy,63.79628250740463,score_0_100,,,,85.51851300296185,,,,https://downloads.khinsider.com/game-soundtracks/album/super-smash-bros.-ultimate-enhanced-original-soundtrack,2026-10-05,Track title is taken from KHInsider's soundtrack/gamerip album index. Popularity is an explicitly labelled proxy based on BeatHit game rank and track prominence.,"{""culture_category"":""video_game_music"",""video_game"":""Super Smash Bros. Ultimate"",""game_rank"":41,""game_association_kind"":""khinsider_game_soundtrack"",""khinsider_album_url"":""https://downloads.khinsider.com/game-soundtracks/album/super-smash-bros.-ultimate-enhanced-original-soundtrack"",""khinsider_album_title"":""Super Smash Bros. Ultimate Enhanced Original Soundtrack (super-smash-bros.-ultimate-enhanced-original-soundtrack)"",""khinsider_album_kind"":""official_or_gamerip"",""khinsider_album_match_score"":100.0,""relevance_score_100"":100.0,""popularity_score_100"":63.79628250740463,""score_100"":85.51851300296185,""popularity_basis"":""BeatHit master-list game rank plus track position proxy""}"
387,Gusty Garden Galaxy,Unknown credited artist,[],Super Smash Bros. Ultimate Vol. 02 - Super Mario (super-smash-bros.-ultimate-expanded-vol.-02-super-mario-switch-gamerip-2018),,,"[""video game soundtrack""]","[""und""]",,,,Super Smash Bros. Ultimate,,,khinsider_track_prominence_proxy,63.79628250740463,score_0_100,,,,85.51851300296185,,,,https://downloads.khinsider.com/game-soundtracks/album/super-smash-bros.-ultimate-expanded-vol.-02-super-mario-switch-gamerip-2018,2026-10-05,Track title is taken from KHInsider's soundtrack/gamerip album index. Popularity is an explicitly labelled proxy based on BeatHit game rank and track prominence.,"{""culture_category"":""video_game_music"",""video_game"":""Super Smash Bros. Ultimate"",""game_rank"":41,""game_association_kind"":""khinsider_game_soundtrack"",""khinsider_album_url"":""https://downloads.khinsider.com/game-soundtracks/album/super-smash-bros.-ultimate-expanded-vol.-02-super-mario-switch-gamerip-2018"",""khinsider_album_title"":""Super Smash Bros. Ultimate Vol. 02 - Super Mario (super-smash-bros.-ultimate-expanded-vol.-02-super-mario-switch-gamerip-2018)"",""khinsider_album_kind"":""official_or_gamerip"",""khinsider_album_match_score"":100.0,""relevance_score_100"":100.0,""popularity_score_100"":63.79628250740463,""score_100"":85.51851300296185,""popularity_basis"":""BeatHit master-list game rank plus track position proxy""}"
388,Game Start 2 - Donkey Kong [Original],Unknown credited artist,[],Super Smash Bros. Ultimate Vol. 03 - Donkey Kong (super-smash-bros.-ultimate-expanded-vol.-03-donkey-kong-switch-gamerip-2018),,,"[""video game soundtrack""]","[""und""]",,,,Super Smash Bros. Ultimate,,,khinsider_track_prominence_proxy,63.79628250740463,score_0_100,,,,85.51851300296185,,,,https://downloads.khinsider.com/game-soundtracks/album/super-smash-bros.-ultimate-expanded-vol.-03-donkey-kong-switch-gamerip-2018,2026-10-05,Track title is taken from KHInsider's soundtrack/gamerip album index. Popularity is an explicitly labelled proxy based on BeatHit game rank and track prominence.,"{""culture_category"":""video_game_music"",""video_game"":""Super Smash Bros. Ultimate"",""game_rank"":41,""game_association_kind"":""khinsider_game_soundtrack"",""khinsider_album_url"":""https://downloads.khinsider.com/game-soundtracks/album/super-smash-bros.-ultimate-expanded-vol.-03-donkey-kong-switch-gamerip-2018"",""khinsider_album_title"":""Super Smash Bros. Ultimate Vol. 03 - Donkey Kong (super-smash-bros.-ultimate-expanded-vol.-03-donkey-kong-switch-gamerip-2018)"",""khinsider_album_kind"":""official_or_gamerip"",""khinsider_album_match_score"":100.0,""relevance_score_100"":100.0,""popularity_score_100"":63.79628250740463,""score_100"":85.51851300296185,""popularity_basis"":""BeatHit master-list game rank plus track position proxy""}"
389,Opening - Menu - Metroid Prime [Original],Unknown credited artist,[],Super Smash Bros. Ultimate Vol. 05 - Metroid (super-smash-bros.-ultimate-expanded-vol.-05-metroid-switch-gamerip-2018),,,"[""video game soundtrack""]","[""und""]",,,,Super Smash Bros. Ultimate,,,khinsider_track_prominence_proxy,63.79628250740463,score_0_100,,,,85.51851300296185,,,,https://downloads.khinsider.com/game-soundtracks/album/super-smash-bros.-ultimate-expanded-vol.-05-metroid-switch-gamerip-2018,2026-10-05,Track title is taken from KHInsider's soundtrack/gamerip album index. Popularity is an explicitly labelled proxy based on BeatHit game rank and track prominence.,"{""culture_category"":""video_game_music"",""video_game"":""Super Smash Bros. Ultimate"",""game_rank"":41,""game_association_kind"":""khinsider_game_soundtrack"",""khinsider_album_url"":""https://downloads.khinsider.com/game-soundtracks/album/super-smash-bros.-ultimate-expanded-vol.-05-metroid-switch-gamerip-2018"",""khinsider_album_title"":""Super Smash Bros. Ultimate Vol. 05 - Metroid (super-smash-bros.-ultimate-expanded-vol.-05-metroid-switch-gamerip-2018)"",""khinsider_album_kind"":""official_or_gamerip"",""khinsider_album_match_score"":100.0,""relevance_score_100"":100.0,""popularity_score_100"":63.79628250740463,""score_100"":85.51851300296185,""popularity_basis"":""BeatHit master-list game rank plus track position proxy""}"
390,Kirby Victory Theme (64),Unknown credited artist,[],Super Smash Bros. Ultimate Vol. 07 - Kirby (super-smash-bros.-ultimate-expanded-vol.-07-kirby-switch-gamerip-2018),,,"[""video game soundtrack""]","[""und""]",,,,Super Smash Bros. Ultimate,,,khinsider_track_prominence_proxy,63.79628250740463,score_0_100,,,,85.51851300296185,,,,https://downloads.khinsider.com/game-soundtracks/album/super-smash-bros.-ultimate-expanded-vol.-07-kirby-switch-gamerip-2018,2026-10-05,Track title is taken from KHInsider's soundtrack/gamerip album index. Popularity is an explicitly labelled proxy based on BeatHit game rank and track prominence.,"{""culture_category"":""video_game_music"",""video_game"":""Super Smash Bros. Ultimate"",""game_rank"":41,""game_association_kind"":""khinsider_game_soundtrack"",""khinsider_album_url"":""https://downloads.khinsider.com/game-soundtracks/album/super-smash-bros.-ultimate-expanded-vol.-07-kirby-switch-gamerip-2018"",""khinsider_album_title"":""Super Smash Bros. Ultimate Vol. 07 - Kirby (super-smash-bros.-ultimate-expanded-vol.-07-kirby-switch-gamerip-2018)"",""khinsider_album_kind"":""official_or_gamerip"",""khinsider_album_match_score"":100.0,""relevance_score_100"":100.0,""popularity_score_100"":63.79628250740463,""score_100"":85.51851300296185,""popularity_basis"":""BeatHit master-list game rank plus track position proxy""}"
391,Main Theme - Pokémon Red & Blue [Original],Unknown credited artist,[],Super Smash Bros. Ultimate Vol. 09 - Pokémon (super-smash-bros.-ultimate-expanded-vol.-09-pok-mon-switch-gamerip-2018),,,"[""video game soundtrack""]","[""und""]",,,,Super Smash Bros. Ultimate,,,khinsider_track_prominence_proxy,63.79628250740463,score_0_100,,,,85.51851300296185,,,,https://downloads.khinsider.com/game-soundtracks/album/super-smash-bros.-ultimate-expanded-vol.-09-pok-mon-switch-gamerip-2018,2026-10-05,Track title is taken from KHInsider's soundtrack/gamerip album index. Popularity is an explicitly labelled proxy based on BeatHit game rank and track prominence.,"{""culture_category"":""video_game_music"",""video_game"":""Super Smash Bros. Ultimate"",""game_rank"":41,""game_association_kind"":""khinsider_game_soundtrack"",""khinsider_album_url"":""https://downloads.khinsider.com/game-soundtracks/album/super-smash-bros.-ultimate-expanded-vol.-09-pok-mon-switch-gamerip-2018"",""khinsider_album_title"":""Super Smash Bros. Ultimate Vol. 09 - Pokémon (super-smash-bros.-ultimate-expanded-vol.-09-pok-mon-switch-gamerip-2018)"",""khinsider_album_kind"":""official_or_gamerip"",""khinsider_album_match_score"":100.0,""relevance_score_100"":100.0,""popularity_score_100"":63.79628250740463,""score_100"":85.51851300296185,""popularity_basis"":""BeatHit master-list game rank plus track position proxy""}"
392,Classic Mode Final Results,Unknown credited artist,[],Super Smash Bros. Ultimate Enhanced Original Soundtrack (super-smash-bros.-ultimate-enhanced-original-soundtrack),,,"[""video game soundtrack""]","[""und""]",,,,Super Smash Bros. Ultimate,,,khinsider_track_prominence_proxy,63.58628250740462,score_0_100,,,,85.43451300296185,,,,https://downloads.khinsider.com/game-soundtracks/album/super-smash-bros.-ultimate-enhanced-original-soundtrack,2026-10-05,Track title is taken from KHInsider's soundtrack/gamerip album index. Popularity is an explicitly labelled proxy based on BeatHit game rank and track prominence.,"{""culture_category"":""video_game_music"",""video_game"":""Super Smash Bros. Ultimate"",""game_rank"":41,""game_association_kind"":""khinsider_game_soundtrack"",""khinsider_album_url"":""https://downloads.khinsider.com/game-soundtracks/album/super-smash-bros.-ultimate-enhanced-original-soundtrack"",""khinsider_album_title"":""Super Smash Bros. Ultimate Enhanced Original Soundtrack (super-smash-bros.-ultimate-enhanced-original-soundtrack)"",""khinsider_album_kind"":""official_or_gamerip"",""khinsider_album_match_score"":100.0,""relevance_score_100"":100.0,""popularity_score_100"":63.58628250740462,""score_100"":85.43451300296185,""popularity_basis"":""BeatHit master-list game rank plus track position proxy""}"
393,How to Play - Super Smash Bros. Melee [Original],Unknown credited artist,[],Super Smash Bros. Ultimate Vol. 01 - Super Smash Bros. (super-smash-bros.-ultimate-expanded-vol.-01-super-smash-bros.-switch-gamerip-2018),,,"[""video game soundtrack""]","[""und""]",,,,Super Smash Bros. Ultimate,,,khinsider_track_prominence_proxy,63.58628250740462,score_0_100,,,,85.43451300296185,,,,https://downloads.khinsider.com/game-soundtracks/album/super-smash-bros.-ultimate-expanded-vol.-01-super-smash-bros.-switch-gamerip-2018,2026-10-05,Track title is taken from KHInsider's soundtrack/gamerip album index. Popularity is an explicitly labelled proxy based on BeatHit game rank and track prominence.,"{""culture_category"":""video_game_music"",""video_game"":""Super Smash Bros. Ultimate"",""game_rank"":41,""game_association_kind"":""khinsider_game_soundtrack"",""khinsider_album_url"":""https://downloads.khinsider.com/game-soundtracks/album/super-smash-bros.-ultimate-expanded-vol.-01-super-smash-bros.-switch-gamerip-2018"",""khinsider_album_title"":""Super Smash Bros. Ultimate Vol. 01 - Super Smash Bros. (super-smash-bros.-ultimate-expanded-vol.-01-super-smash-bros.-switch-gamerip-2018)"",""khinsider_album_kind"":""official_or_gamerip"",""khinsider_album_match_score"":100.0,""relevance_score_100"":100.0,""popularity_score_100"":63.58628250740462,""score_100"":85.43451300296185,""popularity_basis"":""BeatHit master-list game rank plus track position proxy""}"
394,Champion Road,Unknown credited artist,[],Super Smash Bros. Ultimate Vol. 02 - Super Mario (super-smash-bros.-ultimate-expanded-vol.-02-super-mario-switch-gamerip-2018),,,"[""video game soundtrack""]","[""und""]",,,,Super Smash Bros. Ultimate,,,khinsider_track_prominence_proxy,63.58628250740462,score_0_100,,,,85.43451300296185,,,,https://downloads.khinsider.com/game-soundtracks/album/super-smash-bros.-ultimate-expanded-vol.-02-super-mario-switch-gamerip-2018,2026-10-05,Track title is taken from KHInsider's soundtrack/gamerip album index. Popularity is an explicitly labelled proxy based on BeatHit game rank and track prominence.,"{""culture_category"":""video_game_music"",""video_game"":""Super Smash Bros. Ultimate"",""game_rank"":41,""game_association_kind"":""khinsider_game_soundtrack"",""khinsider_album_url"":""https://downloads.khinsider.com/game-soundtracks/album/super-smash-bros.-ultimate-expanded-vol.-02-super-mario-switch-gamerip-2018"",""khinsider_album_title"":""Super Smash Bros. Ultimate Vol. 02 - Super Mario (super-smash-bros.-ultimate-expanded-vol.-02-super-mario-switch-gamerip-2018)"",""khinsider_album_kind"":""official_or_gamerip"",""khinsider_album_match_score"":100.0,""relevance_score_100"":100.0,""popularity_score_100"":63.58628250740462,""score_100"":85.43451300296185,""popularity_basis"":""BeatHit master-list game rank plus track position proxy""}"
395,Stage Clear - Donkey Kong [Original],Unknown credited artist,[],Super Smash Bros. Ultimate Vol. 03 - Donkey Kong (super-smash-bros.-ultimate-expanded-vol.-03-donkey-kong-switch-gamerip-2018),,,"[""video game soundtrack""]","[""und""]",,,,Super Smash Bros. Ultimate,,,khinsider_track_prominence_proxy,63.58628250740462,score_0_100,,,,85.43451300296185,,,,https://downloads.khinsider.com/game-soundtracks/album/super-smash-bros.-ultimate-expanded-vol.-03-donkey-kong-switch-gamerip-2018,2026-10-05,Track title is taken from KHInsider's soundtrack/gamerip album index. Popularity is an explicitly labelled proxy based on BeatHit game rank and track prominence.,"{""culture_category"":""video_game_music"",""video_game"":""Super Smash Bros. Ultimate"",""game_rank"":41,""game_association_kind"":""khinsider_game_soundtrack"",""khinsider_album_url"":""https://downloads.khinsider.com/game-soundtracks/album/super-smash-bros.-ultimate-expanded-vol.-03-donkey-kong-switch-gamerip-2018"",""khinsider_album_title"":""Super Smash Bros. Ultimate Vol. 03 - Donkey Kong (super-smash-bros.-ultimate-expanded-vol.-03-donkey-kong-switch-gamerip-2018)"",""khinsider_album_kind"":""official_or_gamerip"",""khinsider_album_match_score"":100.0,""relevance_score_100"":100.0,""popularity_score_100"":63.58628250740462,""score_100"":85.43451300296185,""popularity_basis"":""BeatHit master-list game rank plus track position proxy""}"
396,Woodlands - The Legend of Zelda - Tri Force Heroes,Unknown credited artist,[],Super Smash Bros. Ultimate Vol. 04 - The Legend of Zelda (super-smash-bros.-ultimate-expanded-vol.-04-the-legend-of-zelda-switch-gamerip-2018),,,"[""video game soundtrack""]","[""und""]",,,,Super Smash Bros. Ultimate,,,khinsider_track_prominence_proxy,63.58628250740462,score_0_100,,,,85.43451300296185,,,,https://downloads.khinsider.com/game-soundtracks/album/super-smash-bros.-ultimate-expanded-vol.-04-the-legend-of-zelda-switch-gamerip-2018,2026-10-05,Track title is taken from KHInsider's soundtrack/gamerip album index. Popularity is an explicitly labelled proxy based on BeatHit game rank and track prominence.,"{""culture_category"":""video_game_music"",""video_game"":""Super Smash Bros. Ultimate"",""game_rank"":41,""game_association_kind"":""khinsider_game_soundtrack"",""khinsider_album_url"":""https://downloads.khinsider.com/game-soundtracks/album/super-smash-bros.-ultimate-expanded-vol.-04-the-legend-of-zelda-switch-gamerip-2018"",""khinsider_album_title"":""Super Smash Bros. Ultimate Vol. 04 - The Legend of Zelda (super-smash-bros.-ultimate-expanded-vol.-04-the-legend-of-zelda-switch-gamerip-2018)"",""khinsider_album_kind"":""official_or_gamerip"",""khinsider_album_match_score"":100.0,""relevance_score_100"":100.0,""popularity_score_100"":63.58628250740462,""score_100"":85.43451300296185,""popularity_basis"":""BeatHit master-list game rank plus track position proxy""}"
397,Vs. Parasite Queen [Original],Unknown credited artist,[],Super Smash Bros. Ultimate Vol. 05 - Metroid (super-smash-bros.-ultimate-expanded-vol.-05-metroid-switch-gamerip-2018),,,"[""video game soundtrack""]","[""und""]",,,,Super Smash Bros. Ultimate,,,khinsider_track_prominence_proxy,63.58628250740462,score_0_100,,,,85.43451300296185,,,,https://downloads.khinsider.com/game-soundtracks/album/super-smash-bros.-ultimate-expanded-vol.-05-metroid-switch-gamerip-2018,2026-10-05,Track title is taken from KHInsider's soundtrack/gamerip album index. Popularity is an explicitly labelled proxy based on BeatHit game rank and track prominence.,"{""culture_category"":""video_game_music"",""video_game"":""Super Smash Bros. Ultimate"",""game_rank"":41,""game_association_kind"":""khinsider_game_soundtrack"",""khinsider_album_url"":""https://downloads.khinsider.com/game-soundtracks/album/super-smash-bros.-ultimate-expanded-vol.-05-metroid-switch-gamerip-2018"",""khinsider_album_title"":""Super Smash Bros. Ultimate Vol. 05 - Metroid (super-smash-bros.-ultimate-expanded-vol.-05-metroid-switch-gamerip-2018)"",""khinsider_album_kind"":""official_or_gamerip"",""khinsider_album_match_score"":100.0,""relevance_score_100"":100.0,""popularity_score_100"":63.58628250740462,""score_100"":85.43451300296185,""popularity_basis"":""BeatHit master-list game rank plus track position proxy""}"
398,Kirby Victory Theme (Melee),Unknown credited artist,[],Super Smash Bros. Ultimate Vol. 07 - Kirby (super-smash-bros.-ultimate-expanded-vol.-07-kirby-switch-gamerip-2018),,,"[""video game soundtrack""]","[""und""]",,,,Super Smash Bros. Ultimate,,,khinsider_track_prominence_proxy,63.58628250740462,score_0_100,,,,85.43451300296185,,,,https://downloads.khinsider.com/game-soundtracks/album/super-smash-bros.-ultimate-expanded-vol.-07-kirby-switch-gamerip-2018,2026-10-05,Track title is taken from KHInsider's soundtrack/gamerip album index. Popularity is an explicitly labelled proxy based on BeatHit game rank and track prominence.,"{""culture_category"":""video_game_music"",""video_game"":""Super Smash Bros. Ultimate"",""game_rank"":41,""game_association_kind"":""khinsider_game_soundtrack"",""khinsider_album_url"":""https://downloads.khinsider.com/game-soundtracks/album/super-smash-bros.-ultimate-expanded-vol.-07-kirby-switch-gamerip-2018"",""khinsider_album_title"":""Super Smash Bros. Ultimate Vol. 07 - Kirby (super-smash-bros.-ultimate-expanded-vol.-07-kirby-switch-gamerip-2018)"",""khinsider_album_kind"":""official_or_gamerip"",""khinsider_album_match_score"":100.0,""relevance_score_100"":100.0,""popularity_score_100"":63.58628250740462,""score_100"":85.43451300296185,""popularity_basis"":""BeatHit master-list game rank plus track position proxy""}"
399,Road to Viridian City - Pokémon Red  -  Pokémon Blue [Original],Unknown credited artist,[],Super Smash Bros. Ultimate Vol. 09 - Pokémon (super-smash-bros.-ultimate-expanded-vol.-09-pok-mon-switch-gamerip-2018),,,"[""video game soundtrack""]","[""und""]",,,,Super Smash Bros. Ultimate,,,khinsider_track_prominence_proxy,63.58628250740462,score_0_100,,,,85.43451300296185,,,,https://downloads.khinsider.com/game-soundtracks/album/super-smash-bros.-ultimate-expanded-vol.-09-pok-mon-switch-gamerip-2018,2026-10-05,Track title is taken from KHInsider's soundtrack/gamerip album index. Popularity is an explicitly labelled proxy based on BeatHit game rank and track prominence.,"{""culture_category"":""video_game_music"",""video_game"":""Super Smash Bros. Ultimate"",""game_rank"":41,""game_association_kind"":""khinsider_game_soundtrack"",""khinsider_album_url"":""https://downloads.khinsider.com/game-soundtracks/album/super-smash-bros.-ultimate-expanded-vol.-09-pok-mon-switch-gamerip-2018"",""khinsider_album_title"":""Super Smash Bros. Ultimate Vol. 09 - Pokémon (super-smash-bros.-ultimate-expanded-vol.-09-pok-mon-switch-gamerip-2018)"",""khinsider_album_kind"":""official_or_gamerip"",""khinsider_album_match_score"":100.0,""relevance_score_100"":100.0,""popularity_score_100"":63.58628250740462,""score_100"":85.43451300296185,""popularity_basis"":""BeatHit master-list game rank plus track position proxy""}"
400,Practice Fights,Unknown credited artist,[],Super Smash Bros. Ultimate Enhanced Original Soundtrack (super-smash-bros.-ultimate-enhanced-original-soundtrack),,,"[""video game soundtrack""]","[""und""]",,,,Super Smash Bros. Ultimate,,,khinsider_track_prominence_proxy,63.376282507404625,score_0_100,,,,85.35051300296185,,,,https://downloads.khinsider.com/game-soundtracks/album/super-smash-bros.-ultimate-enhanced-original-soundtrack,2026-10-05,Track title is taken from KHInsider's soundtrack/gamerip album index. Popularity is an explicitly labelled proxy based on BeatHit game rank and track prominence.,"{""culture_category"":""video_game_music"",""video_game"":""Super Smash Bros. Ultimate"",""game_rank"":41,""game_association_kind"":""khinsider_game_soundtrack"",""khinsider_album_url"":""https://downloads.khinsider.com/game-soundtracks/album/super-smash-bros.-ultimate-enhanced-original-soundtrack"",""khinsider_album_title"":""Super Smash Bros. Ultimate Enhanced Original Soundtrack (super-smash-bros.-ultimate-enhanced-original-soundtrack)"",""khinsider_album_kind"":""official_or_gamerip"",""khinsider_album_match_score"":100.0,""relevance_score_100"":100.0,""popularity_score_100"":63.376282507404625,""score_100"":85.35051300296185,""popularity_basis"":""BeatHit master-list game rank plus track position proxy""}"
401,Menu - Super Smash Bros.,Unknown credited artist,[],Super Smash Bros. Ultimate Vol. 01 - Super Smash Bros. (super-smash-bros.-ultimate-expanded-vol.-01-super-smash-bros.-switch-gamerip-2018),,,"[""video game soundtrack""]","[""und""]",,,,Super Smash Bros. Ultimate,,,khinsider_track_prominence_proxy,63.376282507404625,score_0_100,,,,85.35051300296185,,,,https://downloads.khinsider.com/game-soundtracks/album/super-smash-bros.-ultimate-expanded-vol.-01-super-smash-bros.-switch-gamerip-2018,2026-10-05,Track title is taken from KHInsider's soundtrack/gamerip album index. Popularity is an explicitly labelled proxy based on BeatHit game rank and track prominence.,"{""culture_category"":""video_game_music"",""video_game"":""Super Smash Bros. Ultimate"",""game_rank"":41,""game_association_kind"":""khinsider_game_soundtrack"",""khinsider_album_url"":""https://downloads.khinsider.com/game-soundtracks/album/super-smash-bros.-ultimate-expanded-vol.-01-super-smash-bros.-switch-gamerip-2018"",""khinsider_album_title"":""Super Smash Bros. Ultimate Vol. 01 - Super Smash Bros. (super-smash-bros.-ultimate-expanded-vol.-01-super-smash-bros.-switch-gamerip-2018)"",""khinsider_album_kind"":""official_or_gamerip"",""khinsider_album_match_score"":100.0,""relevance_score_100"":100.0,""popularity_score_100"":63.376282507404625,""score_100"":85.35051300296185,""popularity_basis"":""BeatHit master-list game rank plus track position proxy""}"
402,Theme of SMG2,Unknown credited artist,[],Super Smash Bros. Ultimate Vol. 02 - Super Mario (super-smash-bros.-ultimate-expanded-vol.-02-super-mario-switch-gamerip-2018),,,"[""video game soundtrack""]","[""und""]",,,,Super Smash Bros. Ultimate,,,khinsider_track_prominence_proxy,63.376282507404625,score_0_100,,,,85.35051300296185,,,,https://downloads.khinsider.com/game-soundtracks/album/super-smash-bros.-ultimate-expanded-vol.-02-super-mario-switch-gamerip-2018,2026-10-05,Track title is taken from KHInsider's soundtrack/gamerip album index. Popularity is an explicitly labelled proxy based on BeatHit game rank and track prominence.,"{""culture_category"":""video_game_music"",""video_game"":""Super Smash Bros. Ultimate"",""game_rank"":41,""game_association_kind"":""khinsider_game_soundtrack"",""khinsider_album_url"":""https://downloads.khinsider.com/game-soundtracks/album/super-smash-bros.-ultimate-expanded-vol.-02-super-mario-switch-gamerip-2018"",""khinsider_album_title"":""Super Smash Bros. Ultimate Vol. 02 - Super Mario (super-smash-bros.-ultimate-expanded-vol.-02-super-mario-switch-gamerip-2018)"",""khinsider_album_kind"":""official_or_gamerip"",""khinsider_album_match_score"":100.0,""relevance_score_100"":100.0,""popularity_score_100"":63.376282507404625,""score_100"":85.35051300296185,""popularity_basis"":""BeatHit master-list game rank plus track position proxy""}"
403,100m Theme [Original],Unknown credited artist,[],Super Smash Bros. Ultimate Vol. 03 - Donkey Kong (super-smash-bros.-ultimate-expanded-vol.-03-donkey-kong-switch-gamerip-2018),,,"[""video game soundtrack""]","[""und""]",,,,Super Smash Bros. Ultimate,,,khinsider_track_prominence_proxy,63.376282507404625,score_0_100,,,,85.35051300296185,,,,https://downloads.khinsider.com/game-soundtracks/album/super-smash-bros.-ultimate-expanded-vol.-03-donkey-kong-switch-gamerip-2018,2026-10-05,Track title is taken from KHInsider's soundtrack/gamerip album index. Popularity is an explicitly labelled proxy based on BeatHit game rank and track prominence.,"{""culture_category"":""video_game_music"",""video_game"":""Super Smash Bros. Ultimate"",""game_rank"":41,""game_association_kind"":""khinsider_game_soundtrack"",""khinsider_album_url"":""https://downloads.khinsider.com/game-soundtracks/album/super-smash-bros.-ultimate-expanded-vol.-03-donkey-kong-switch-gamerip-2018"",""khinsider_album_title"":""Super Smash Bros. Ultimate Vol. 03 - Donkey Kong (super-smash-bros.-ultimate-expanded-vol.-03-donkey-kong-switch-gamerip-2018)"",""khinsider_album_kind"":""official_or_gamerip"",""khinsider_album_match_score"":100.0,""relevance_score_100"":100.0,""popularity_score_100"":63.376282507404625,""score_100"":85.35051300296185,""popularity_basis"":""BeatHit master-list game rank plus track position proxy""}"
404,Nintendo Switch Presentation 2017 Trailer BGM,Unknown credited artist,[],Super Smash Bros. Ultimate Vol. 04 - The Legend of Zelda (super-smash-bros.-ultimate-expanded-vol.-04-the-legend-of-zelda-switch-gamerip-2018),,,"[""video game soundtrack""]","[""und""]",,,,Super Smash Bros. Ultimate,,,khinsider_track_prominence_proxy,63.376282507404625,score_0_100,,,,85.35051300296185,,,,https://downloads.khinsider.com/game-soundtracks/album/super-smash-bros.-ultimate-expanded-vol.-04-the-legend-of-zelda-switch-gamerip-2018,2026-10-05,Track title is taken from KHInsider's soundtrack/gamerip album index. Popularity is an explicitly labelled proxy based on BeatHit game rank and track prominence.,"{""culture_category"":""video_game_music"",""video_game"":""Super Smash Bros. Ultimate"",""game_rank"":41,""game_association_kind"":""khinsider_game_soundtrack"",""khinsider_album_url"":""https://downloads.khinsider.com/game-soundtracks/album/super-smash-bros.-ultimate-expanded-vol.-04-the-legend-of-zelda-switch-gamerip-2018"",""khinsider_album_title"":""Super Smash Bros. Ultimate Vol. 04 - The Legend of Zelda (super-smash-bros.-ultimate-expanded-vol.-04-the-legend-of-zelda-switch-gamerip-2018)"",""khinsider_album_kind"":""official_or_gamerip"",""khinsider_album_match_score"":100.0,""relevance_score_100"":100.0,""popularity_score_100"":63.376282507404625,""score_100"":85.35051300296185,""popularity_basis"":""BeatHit master-list game rank plus track position proxy""}"
405,Kirby Victory Theme (Brawl),Unknown credited artist,[],Super Smash Bros. Ultimate Vol. 07 - Kirby (super-smash-bros.-ultimate-expanded-vol.-07-kirby-switch-gamerip-2018),,,"[""video game soundtrack""]","[""und""]",,,,Super Smash Bros. Ultimate,,,khinsider_track_prominence_proxy,63.376282507404625,score_0_100,,,,85.35051300296185,,,,https://downloads.khinsider.com/game-soundtracks/album/super-smash-bros.-ultimate-expanded-vol.-07-kirby-switch-gamerip-2018,2026-10-05,Track title is taken from KHInsider's soundtrack/gamerip album index. Popularity is an explicitly labelled proxy based on BeatHit game rank and track prominence.,"{""culture_category"":""video_game_music"",""video_game"":""Super Smash Bros. Ultimate"",""game_rank"":41,""game_association_kind"":""khinsider_game_soundtrack"",""khinsider_album_url"":""https://downloads.khinsider.com/game-soundtracks/album/super-smash-bros.-ultimate-expanded-vol.-07-kirby-switch-gamerip-2018"",""khinsider_album_title"":""Super Smash Bros. Ultimate Vol. 07 - Kirby (super-smash-bros.-ultimate-expanded-vol.-07-kirby-switch-gamerip-2018)"",""khinsider_album_kind"":""official_or_gamerip"",""khinsider_album_match_score"":100.0,""relevance_score_100"":100.0,""popularity_score_100"":63.376282507404625,""score_100"":85.35051300296185,""popularity_basis"":""BeatHit master-list game rank plus track position proxy""}"
406,Pokémon Center - Pokémon Red  -  Pokémon Blue [Original],Unknown credited artist,[],Super Smash Bros. Ultimate Vol. 09 - Pokémon (super-smash-bros.-ultimate-expanded-vol.-09-pok-mon-switch-gamerip-2018),,,"[""video game soundtrack""]","[""und""]",,,,Super Smash Bros. Ultimate,,,khinsider_track_prominence_proxy,63.376282507404625,score_0_100,,,,85.35051300296185,,,,https://downloads.khinsider.com/game-soundtracks/album/super-smash-bros.-ultimate-expanded-vol.-09-pok-mon-switch-gamerip-2018,2026-10-05,Track title is taken from KHInsider's soundtrack/gamerip album index. Popularity is an explicitly labelled proxy based on BeatHit game rank and track prominence.,"{""culture_category"":""video_game_music"",""video_game"":""Super Smash Bros. Ultimate"",""game_rank"":41,""game_association_kind"":""khinsider_game_soundtrack"",""khinsider_album_url"":""https://downloads.khinsider.com/game-soundtracks/album/super-smash-bros.-ultimate-expanded-vol.-09-pok-mon-switch-gamerip-2018"",""khinsider_album_title"":""Super Smash Bros. Ultimate Vol. 09 - Pokémon (super-smash-bros.-ultimate-expanded-vol.-09-pok-mon-switch-gamerip-2018)"",""khinsider_album_kind"":""official_or_gamerip"",""khinsider_album_match_score"":100.0,""relevance_score_100"":100.0,""popularity_score_100"":63.376282507404625,""score_100"":85.35051300296185,""popularity_basis"":""BeatHit master-list game rank plus track position proxy""}"
407,Staff Credits - Kirby's Dream Land [Kirby's Dream Land  Kirby Super Star],Unknown credited artist,[],Super Smash Bros. Ultimate Enhanced Original Soundtrack (super-smash-bros.-ultimate-enhanced-original-soundtrack),,,"[""video game soundtrack""]","[""und""]",,,,Super Smash Bros. Ultimate,,,khinsider_track_prominence_proxy,63.16628250740462,score_0_100,,,,85.26651300296184,,,,https://downloads.khinsider.com/game-soundtracks/album/super-smash-bros.-ultimate-enhanced-original-soundtrack,2026-10-05,Track title is taken from KHInsider's soundtrack/gamerip album index. Popularity is an explicitly labelled proxy based on BeatHit game rank and track prominence.,"{""culture_category"":""video_game_music"",""video_game"":""Super Smash Bros. Ultimate"",""game_rank"":41,""game_association_kind"":""khinsider_game_soundtrack"",""khinsider_album_url"":""https://downloads.khinsider.com/game-soundtracks/album/super-smash-bros.-ultimate-enhanced-original-soundtrack"",""khinsider_album_title"":""Super Smash Bros. Ultimate Enhanced Original Soundtrack (super-smash-bros.-ultimate-enhanced-original-soundtrack)"",""khinsider_album_kind"":""official_or_gamerip"",""khinsider_album_match_score"":100.0,""relevance_score_100"":100.0,""popularity_score_100"":63.16628250740462,""score_100"":85.26651300296184,""popularity_basis"":""BeatHit master-list game rank plus track position proxy""}"
408,Menu - Super Smash Bros. Melee,Unknown credited artist,[],Super Smash Bros. Ultimate Vol. 01 - Super Smash Bros. (super-smash-bros.-ultimate-expanded-vol.-01-super-smash-bros.-switch-gamerip-2018),,,"[""video game soundtrack""]","[""und""]",,,,Super Smash Bros. Ultimate,,,khinsider_track_prominence_proxy,63.16628250740462,score_0_100,,,,85.26651300296184,,,,https://downloads.khinsider.com/game-soundtracks/album/super-smash-bros.-ultimate-expanded-vol.-01-super-smash-bros.-switch-gamerip-2018,2026-10-05,Track title is taken from KHInsider's soundtrack/gamerip album index. Popularity is an explicitly labelled proxy based on BeatHit game rank and track prominence.,"{""culture_category"":""video_game_music"",""video_game"":""Super Smash Bros. Ultimate"",""game_rank"":41,""game_association_kind"":""khinsider_game_soundtrack"",""khinsider_album_url"":""https://downloads.khinsider.com/game-soundtracks/album/super-smash-bros.-ultimate-expanded-vol.-01-super-smash-bros.-switch-gamerip-2018"",""khinsider_album_title"":""Super Smash Bros. Ultimate Vol. 01 - Super Smash Bros. (super-smash-bros.-ultimate-expanded-vol.-01-super-smash-bros.-switch-gamerip-2018)"",""khinsider_album_kind"":""official_or_gamerip"",""khinsider_album_match_score"":100.0,""relevance_score_100"":100.0,""popularity_score_100"":63.16628250740462,""score_100"":85.26651300296184,""popularity_basis"":""BeatHit master-list game rank plus track position proxy""}"
409,The Starship Sails,Unknown credited artist,[],Super Smash Bros. Ultimate Vol. 02 - Super Mario (super-smash-bros.-ultimate-expanded-vol.-02-super-mario-switch-gamerip-2018),,,"[""video game soundtrack""]","[""und""]",,,,Super Smash Bros. Ultimate,,,khinsider_track_prominence_proxy,63.16628250740462,score_0_100,,,,85.26651300296184,,,,https://downloads.khinsider.com/game-soundtracks/album/super-smash-bros.-ultimate-expanded-vol.-02-super-mario-switch-gamerip-2018,2026-10-05,Track title is taken from KHInsider's soundtrack/gamerip album index. Popularity is an explicitly labelled proxy based on BeatHit game rank and track prominence.,"{""culture_category"":""video_game_music"",""video_game"":""Super Smash Bros. Ultimate"",""game_rank"":41,""game_association_kind"":""khinsider_game_soundtrack"",""khinsider_album_url"":""https://downloads.khinsider.com/game-soundtracks/album/super-smash-bros.-ultimate-expanded-vol.-02-super-mario-switch-gamerip-2018"",""khinsider_album_title"":""Super Smash Bros. Ultimate Vol. 02 - Super Mario (super-smash-bros.-ultimate-expanded-vol.-02-super-mario-switch-gamerip-2018)"",""khinsider_album_kind"":""official_or_gamerip"",""khinsider_album_match_score"":100.0,""relevance_score_100"":100.0,""popularity_score_100"":63.16628250740462,""score_100"":85.26651300296184,""popularity_basis"":""BeatHit master-list game rank plus track position proxy""}"
410,Game Start - Donkey Kong Jr. [Original],Unknown credited artist,[],Super Smash Bros. Ultimate Vol. 03 - Donkey Kong (super-smash-bros.-ultimate-expanded-vol.-03-donkey-kong-switch-gamerip-2018),,,"[""video game soundtrack""]","[""und""]",,,,Super Smash Bros. Ultimate,,,khinsider_track_prominence_proxy,63.16628250740462,score_0_100,,,,85.26651300296184,,,,https://downloads.khinsider.com/game-soundtracks/album/super-smash-bros.-ultimate-expanded-vol.-03-donkey-kong-switch-gamerip-2018,2026-10-05,Track title is taken from KHInsider's soundtrack/gamerip album index. Popularity is an explicitly labelled proxy based on BeatHit game rank and track prominence.,"{""culture_category"":""video_game_music"",""video_game"":""Super Smash Bros. Ultimate"",""game_rank"":41,""game_association_kind"":""khinsider_game_soundtrack"",""khinsider_album_url"":""https://downloads.khinsider.com/game-soundtracks/album/super-smash-bros.-ultimate-expanded-vol.-03-donkey-kong-switch-gamerip-2018"",""khinsider_album_title"":""Super Smash Bros. Ultimate Vol. 03 - Donkey Kong (super-smash-bros.-ultimate-expanded-vol.-03-donkey-kong-switch-gamerip-2018)"",""khinsider_album_kind"":""official_or_gamerip"",""khinsider_album_match_score"":100.0,""relevance_score_100"":100.0,""popularity_score_100"":63.16628250740462,""score_100"":85.26651300296184,""popularity_basis"":""BeatHit master-list game rank plus track position proxy""}"
411,Meta Knight Victory Theme,Unknown credited artist,[],Super Smash Bros. Ultimate Vol. 07 - Kirby (super-smash-bros.-ultimate-expanded-vol.-07-kirby-switch-gamerip-2018),,,"[""video game soundtrack""]","[""und""]",,,,Super Smash Bros. Ultimate,,,khinsider_track_prominence_proxy,63.16628250740462,score_0_100,,,,85.26651300296184,,,,https://downloads.khinsider.com/game-soundtracks/album/super-smash-bros.-ultimate-expanded-vol.-07-kirby-switch-gamerip-2018,2026-10-05,Track title is taken from KHInsider's soundtrack/gamerip album index. Popularity is an explicitly labelled proxy based on BeatHit game rank and track prominence.,"{""culture_category"":""video_game_music"",""video_game"":""Super Smash Bros. Ultimate"",""game_rank"":41,""game_association_kind"":""khinsider_game_soundtrack"",""khinsider_album_url"":""https://downloads.khinsider.com/game-soundtracks/album/super-smash-bros.-ultimate-expanded-vol.-07-kirby-switch-gamerip-2018"",""khinsider_album_title"":""Super Smash Bros. Ultimate Vol. 07 - Kirby (super-smash-bros.-ultimate-expanded-vol.-07-kirby-switch-gamerip-2018)"",""khinsider_album_kind"":""official_or_gamerip"",""khinsider_album_match_score"":100.0,""relevance_score_100"":100.0,""popularity_score_100"":63.16628250740462,""score_100"":85.26651300296184,""popularity_basis"":""BeatHit master-list game rank plus track position proxy""}"
412,Pokémon Gym - Pokémon Red  -  Pokémon Blue [Original],Unknown credited artist,[],Super Smash Bros. Ultimate Vol. 09 - Pokémon (super-smash-bros.-ultimate-expanded-vol.-09-pok-mon-switch-gamerip-2018),,,"[""video game soundtrack""]","[""und""]",,,,Super Smash Bros. Ultimate,,,khinsider_track_prominence_proxy,63.16628250740462,score_0_100,,,,85.26651300296184,,,,https://downloads.khinsider.com/game-soundtracks/album/super-smash-bros.-ultimate-expanded-vol.-09-pok-mon-switch-gamerip-2018,2026-10-05,Track title is taken from KHInsider's soundtrack/gamerip album index. Popularity is an explicitly labelled proxy based on BeatHit game rank and track prominence.,"{""culture_category"":""video_game_music"",""video_game"":""Super Smash Bros. Ultimate"",""game_rank"":41,""game_association_kind"":""khinsider_game_soundtrack"",""khinsider_album_url"":""https://downloads.khinsider.com/game-soundtracks/album/super-smash-bros.-ultimate-expanded-vol.-09-pok-mon-switch-gamerip-2018"",""khinsider_album_title"":""Super Smash Bros. Ultimate Vol. 09 - Pokémon (super-smash-bros.-ultimate-expanded-vol.-09-pok-mon-switch-gamerip-2018)"",""khinsider_album_kind"":""official_or_gamerip"",""khinsider_album_match_score"":100.0,""relevance_score_100"":100.0,""popularity_score_100"":63.16628250740462,""score_100"":85.26651300296184,""popularity_basis"":""BeatHit master-list game rank plus track position proxy""}"
413,City Trial [Kirby Air Ride],Unknown credited artist,[],Super Smash Bros. Ultimate Enhanced Original Soundtrack (super-smash-bros.-ultimate-enhanced-original-soundtrack),,,"[""video game soundtrack""]","[""und""]",,,,Super Smash Bros. Ultimate,,,khinsider_track_prominence_proxy,62.95628250740462,score_0_100,,,,85.18251300296185,,,,https://downloads.khinsider.com/game-soundtracks/album/super-smash-bros.-ultimate-enhanced-original-soundtrack,2026-10-05,Track title is taken from KHInsider's soundtrack/gamerip album index. Popularity is an explicitly labelled proxy based on BeatHit game rank and track prominence.,"{""culture_category"":""video_game_music"",""video_game"":""Super Smash Bros. Ultimate"",""game_rank"":41,""game_association_kind"":""khinsider_game_soundtrack"",""khinsider_album_url"":""https://downloads.khinsider.com/game-soundtracks/album/super-smash-bros.-ultimate-enhanced-original-soundtrack"",""khinsider_album_title"":""Super Smash Bros. Ultimate Enhanced Original Soundtrack (super-smash-bros.-ultimate-enhanced-original-soundtrack)"",""khinsider_album_kind"":""official_or_gamerip"",""khinsider_album_match_score"":100.0,""relevance_score_100"":100.0,""popularity_score_100"":62.95628250740462,""score_100"":85.18251300296185,""popularity_basis"":""BeatHit master-list game rank plus track position proxy""}"
414,Menu - Super Smash Bros. Melee (Brawl),Unknown credited artist,[],Super Smash Bros. Ultimate Vol. 01 - Super Smash Bros. (super-smash-bros.-ultimate-expanded-vol.-01-super-smash-bros.-switch-gamerip-2018),,,"[""video game soundtrack""]","[""und""]",,,,Super Smash Bros. Ultimate,,,khinsider_track_prominence_proxy,62.95628250740462,score_0_100,,,,85.18251300296185,,,,https://downloads.khinsider.com/game-soundtracks/album/super-smash-bros.-ultimate-expanded-vol.-01-super-smash-bros.-switch-gamerip-2018,2026-10-05,Track title is taken from KHInsider's soundtrack/gamerip album index. Popularity is an explicitly labelled proxy based on BeatHit game rank and track prominence.,"{""culture_category"":""video_game_music"",""video_game"":""Super Smash Bros. Ultimate"",""game_rank"":41,""game_association_kind"":""khinsider_game_soundtrack"",""khinsider_album_url"":""https://downloads.khinsider.com/game-soundtracks/album/super-smash-bros.-ultimate-expanded-vol.-01-super-smash-bros.-switch-gamerip-2018"",""khinsider_album_title"":""Super Smash Bros. Ultimate Vol. 01 - Super Smash Bros. (super-smash-bros.-ultimate-expanded-vol.-01-super-smash-bros.-switch-gamerip-2018)"",""khinsider_album_kind"":""official_or_gamerip"",""khinsider_album_match_score"":100.0,""relevance_score_100"":100.0,""popularity_score_100"":62.95628250740462,""score_100"":85.18251300296185,""popularity_basis"":""BeatHit master-list game rank plus track position proxy""}"
415,Sky Station,Unknown credited artist,[],Super Smash Bros. Ultimate Vol. 02 - Super Mario (super-smash-bros.-ultimate-expanded-vol.-02-super-mario-switch-gamerip-2018),,,"[""video game soundtrack""]","[""und""]",,,,Super Smash Bros. Ultimate,,,khinsider_track_prominence_proxy,62.95628250740462,score_0_100,,,,85.18251300296185,,,,https://downloads.khinsider.com/game-soundtracks/album/super-smash-bros.-ultimate-expanded-vol.-02-super-mario-switch-gamerip-2018,2026-10-05,Track title is taken from KHInsider's soundtrack/gamerip album index. Popularity is an explicitly labelled proxy based on BeatHit game rank and track prominence.,"{""culture_category"":""video_game_music"",""video_game"":""Super Smash Bros. Ultimate"",""game_rank"":41,""game_association_kind"":""khinsider_game_soundtrack"",""khinsider_album_url"":""https://downloads.khinsider.com/game-soundtracks/album/super-smash-bros.-ultimate-expanded-vol.-02-super-mario-switch-gamerip-2018"",""khinsider_album_title"":""Super Smash Bros. Ultimate Vol. 02 - Super Mario (super-smash-bros.-ultimate-expanded-vol.-02-super-mario-switch-gamerip-2018)"",""khinsider_album_kind"":""official_or_gamerip"",""khinsider_album_match_score"":100.0,""relevance_score_100"":100.0,""popularity_score_100"":62.95628250740462,""score_100"":85.18251300296185,""popularity_basis"":""BeatHit master-list game rank plus track position proxy""}"
416,Stage 1 - Donkey Kong Jr [Original],Unknown credited artist,[],Super Smash Bros. Ultimate Vol. 03 - Donkey Kong (super-smash-bros.-ultimate-expanded-vol.-03-donkey-kong-switch-gamerip-2018),,,"[""video game soundtrack""]","[""und""]",,,,Super Smash Bros. Ultimate,,,khinsider_track_prominence_proxy,62.95628250740462,score_0_100,,,,85.18251300296185,,,,https://downloads.khinsider.com/game-soundtracks/album/super-smash-bros.-ultimate-expanded-vol.-03-donkey-kong-switch-gamerip-2018,2026-10-05,Track title is taken from KHInsider's soundtrack/gamerip album index. Popularity is an explicitly labelled proxy based on BeatHit game rank and track prominence.,"{""culture_category"":""video_game_music"",""video_game"":""Super Smash Bros. Ultimate"",""game_rank"":41,""game_association_kind"":""khinsider_game_soundtrack"",""khinsider_album_url"":""https://downloads.khinsider.com/game-soundtracks/album/super-smash-bros.-ultimate-expanded-vol.-03-donkey-kong-switch-gamerip-2018"",""khinsider_album_title"":""Super Smash Bros. Ultimate Vol. 03 - Donkey Kong (super-smash-bros.-ultimate-expanded-vol.-03-donkey-kong-switch-gamerip-2018)"",""khinsider_album_kind"":""official_or_gamerip"",""khinsider_album_match_score"":100.0,""relevance_score_100"":100.0,""popularity_score_100"":62.95628250740462,""score_100"":85.18251300296185,""popularity_basis"":""BeatHit master-list game rank plus track position proxy""}"
417,Kass's Theme,Unknown credited artist,[],Super Smash Bros. Ultimate Vol. 04 - The Legend of Zelda (super-smash-bros.-ultimate-expanded-vol.-04-the-legend-of-zelda-switch-gamerip-2018),,,"[""video game soundtrack""]","[""und""]",,,,Super Smash Bros. Ultimate,,,khinsider_track_prominence_proxy,62.95628250740462,score_0_100,,,,85.18251300296185,,,,https://downloads.khinsider.com/game-soundtracks/album/super-smash-bros.-ultimate-expanded-vol.-04-the-legend-of-zelda-switch-gamerip-2018,2026-10-05,Track title is taken from KHInsider's soundtrack/gamerip album index. Popularity is an explicitly labelled proxy based on BeatHit game rank and track prominence.,"{""culture_category"":""video_game_music"",""video_game"":""Super Smash Bros. Ultimate"",""game_rank"":41,""game_association_kind"":""khinsider_game_soundtrack"",""khinsider_album_url"":""https://downloads.khinsider.com/game-soundtracks/album/super-smash-bros.-ultimate-expanded-vol.-04-the-legend-of-zelda-switch-gamerip-2018"",""khinsider_album_title"":""Super Smash Bros. Ultimate Vol. 04 - The Legend of Zelda (super-smash-bros.-ultimate-expanded-vol.-04-the-legend-of-zelda-switch-gamerip-2018)"",""khinsider_album_kind"":""official_or_gamerip"",""khinsider_album_match_score"":100.0,""relevance_score_100"":100.0,""popularity_score_100"":62.95628250740462,""score_100"":85.18251300296185,""popularity_basis"":""BeatHit master-list game rank plus track position proxy""}"
418,Green Greens [Original],Unknown credited artist,[],Super Smash Bros. Ultimate Vol. 07 - Kirby (super-smash-bros.-ultimate-expanded-vol.-07-kirby-switch-gamerip-2018),,,"[""video game soundtrack""]","[""und""]",,,,Super Smash Bros. Ultimate,,,khinsider_track_prominence_proxy,62.95628250740462,score_0_100,,,,85.18251300296185,,,,https://downloads.khinsider.com/game-soundtracks/album/super-smash-bros.-ultimate-expanded-vol.-07-kirby-switch-gamerip-2018,2026-10-05,Track title is taken from KHInsider's soundtrack/gamerip album index. Popularity is an explicitly labelled proxy based on BeatHit game rank and track prominence.,"{""culture_category"":""video_game_music"",""video_game"":""Super Smash Bros. Ultimate"",""game_rank"":41,""game_association_kind"":""khinsider_game_soundtrack"",""khinsider_album_url"":""https://downloads.khinsider.com/game-soundtracks/album/super-smash-bros.-ultimate-expanded-vol.-07-kirby-switch-gamerip-2018"",""khinsider_album_title"":""Super Smash Bros. Ultimate Vol. 07 - Kirby (super-smash-bros.-ultimate-expanded-vol.-07-kirby-switch-gamerip-2018)"",""khinsider_album_kind"":""official_or_gamerip"",""khinsider_album_match_score"":100.0,""relevance_score_100"":100.0,""popularity_score_100"":62.95628250740462,""score_100"":85.18251300296185,""popularity_basis"":""BeatHit master-list game rank plus track position proxy""}"
419,Evolution - Pokémon Red  -  Pokémon Blue [Original],Unknown credited artist,[],Super Smash Bros. Ultimate Vol. 09 - Pokémon (super-smash-bros.-ultimate-expanded-vol.-09-pok-mon-switch-gamerip-2018),,,"[""video game soundtrack""]","[""und""]",,,,Super Smash Bros. Ultimate,,,khinsider_track_prominence_proxy,62.95628250740462,score_0_100,,,,85.18251300296185,,,,https://downloads.khinsider.com/game-soundtracks/album/super-smash-bros.-ultimate-expanded-vol.-09-pok-mon-switch-gamerip-2018,2026-10-05,Track title is taken from KHInsider's soundtrack/gamerip album index. Popularity is an explicitly labelled proxy based on BeatHit game rank and track prominence.,"{""culture_category"":""video_game_music"",""video_game"":""Super Smash Bros. Ultimate"",""game_rank"":41,""game_association_kind"":""khinsider_game_soundtrack"",""khinsider_album_url"":""https://downloads.khinsider.com/game-soundtracks/album/super-smash-bros.-ultimate-expanded-vol.-09-pok-mon-switch-gamerip-2018"",""khinsider_album_title"":""Super Smash Bros. Ultimate Vol. 09 - Pokémon (super-smash-bros.-ultimate-expanded-vol.-09-pok-mon-switch-gamerip-2018)"",""khinsider_album_kind"":""official_or_gamerip"",""khinsider_album_match_score"":100.0,""relevance_score_100"":100.0,""popularity_score_100"":62.95628250740462,""score_100"":85.18251300296185,""popularity_basis"":""BeatHit master-list game rank plus track position proxy""}"
420,Battle! (Steven) [Pokémon Omega Ruby & Pokémon Alpha Sapphire],Unknown credited artist,[],Super Smash Bros. Ultimate Enhanced Original Soundtrack (super-smash-bros.-ultimate-enhanced-original-soundtrack),,,"[""video game soundtrack""]","[""und""]",,,,Super Smash Bros. Ultimate,,,khinsider_track_prominence_proxy,62.74628250740463,score_0_100,,,,85.09851300296185,,,,https://downloads.khinsider.com/game-soundtracks/album/super-smash-bros.-ultimate-enhanced-original-soundtrack,2026-10-05,Track title is taken from KHInsider's soundtrack/gamerip album index. Popularity is an explicitly labelled proxy based on BeatHit game rank and track prominence.,"{""culture_category"":""video_game_music"",""video_game"":""Super Smash Bros. Ultimate"",""game_rank"":41,""game_association_kind"":""khinsider_game_soundtrack"",""khinsider_album_url"":""https://downloads.khinsider.com/game-soundtracks/album/super-smash-bros.-ultimate-enhanced-original-soundtrack"",""khinsider_album_title"":""Super Smash Bros. Ultimate Enhanced Original Soundtrack (super-smash-bros.-ultimate-enhanced-original-soundtrack)"",""khinsider_album_kind"":""official_or_gamerip"",""khinsider_album_match_score"":100.0,""relevance_score_100"":100.0,""popularity_score_100"":62.74628250740463,""score_100"":85.09851300296185,""popularity_basis"":""BeatHit master-list game rank plus track position proxy""}"
421,Menu 2 - Super Smash Bros. Melee,Unknown credited artist,[],Super Smash Bros. Ultimate Vol. 01 - Super Smash Bros. (super-smash-bros.-ultimate-expanded-vol.-01-super-smash-bros.-switch-gamerip-2018),,,"[""video game soundtrack""]","[""und""]",,,,Super Smash Bros. Ultimate,,,khinsider_track_prominence_proxy,62.74628250740463,score_0_100,,,,85.09851300296185,,,,https://downloads.khinsider.com/game-soundtracks/album/super-smash-bros.-ultimate-expanded-vol.-01-super-smash-bros.-switch-gamerip-2018,2026-10-05,Track title is taken from KHInsider's soundtrack/gamerip album index. Popularity is an explicitly labelled proxy based on BeatHit game rank and track prominence.,"{""culture_category"":""video_game_music"",""video_game"":""Super Smash Bros. Ultimate"",""game_rank"":41,""game_association_kind"":""khinsider_game_soundtrack"",""khinsider_album_url"":""https://downloads.khinsider.com/game-soundtracks/album/super-smash-bros.-ultimate-expanded-vol.-01-super-smash-bros.-switch-gamerip-2018"",""khinsider_album_title"":""Super Smash Bros. Ultimate Vol. 01 - Super Smash Bros. (super-smash-bros.-ultimate-expanded-vol.-01-super-smash-bros.-switch-gamerip-2018)"",""khinsider_album_kind"":""official_or_gamerip"",""khinsider_album_match_score"":100.0,""relevance_score_100"":100.0,""popularity_score_100"":62.74628250740463,""score_100"":85.09851300296185,""popularity_basis"":""BeatHit master-list game rank plus track position proxy""}"
422,Melty Monster,Unknown credited artist,[],Super Smash Bros. Ultimate Vol. 02 - Super Mario (super-smash-bros.-ultimate-expanded-vol.-02-super-mario-switch-gamerip-2018),,,"[""video game soundtrack""]","[""und""]",,,,Super Smash Bros. Ultimate,,,khinsider_track_prominence_proxy,62.74628250740463,score_0_100,,,,85.09851300296185,,,,https://downloads.khinsider.com/game-soundtracks/album/super-smash-bros.-ultimate-expanded-vol.-02-super-mario-switch-gamerip-2018,2026-10-05,Track title is taken from KHInsider's soundtrack/gamerip album index. Popularity is an explicitly labelled proxy based on BeatHit game rank and track prominence.,"{""culture_category"":""video_game_music"",""video_game"":""Super Smash Bros. Ultimate"",""game_rank"":41,""game_association_kind"":""khinsider_game_soundtrack"",""khinsider_album_url"":""https://downloads.khinsider.com/game-soundtracks/album/super-smash-bros.-ultimate-expanded-vol.-02-super-mario-switch-gamerip-2018"",""khinsider_album_title"":""Super Smash Bros. Ultimate Vol. 02 - Super Mario (super-smash-bros.-ultimate-expanded-vol.-02-super-mario-switch-gamerip-2018)"",""khinsider_album_kind"":""official_or_gamerip"",""khinsider_album_match_score"":100.0,""relevance_score_100"":100.0,""popularity_score_100"":62.74628250740463,""score_100"":85.09851300296185,""popularity_basis"":""BeatHit master-list game rank plus track position proxy""}"
423,Stage 4 - Donkey Kong Jr [Original],Unknown credited artist,[],Super Smash Bros. Ultimate Vol. 03 - Donkey Kong (super-smash-bros.-ultimate-expanded-vol.-03-donkey-kong-switch-gamerip-2018),,,"[""video game soundtrack""]","[""und""]",,,,Super Smash Bros. Ultimate,,,khinsider_track_prominence_proxy,62.74628250740463,score_0_100,,,,85.09851300296185,,,,https://downloads.khinsider.com/game-soundtracks/album/super-smash-bros.-ultimate-expanded-vol.-03-donkey-kong-switch-gamerip-2018,2026-10-05,Track title is taken from KHInsider's soundtrack/gamerip album index. Popularity is an explicitly labelled proxy based on BeatHit game rank and track prominence.,"{""culture_category"":""video_game_music"",""video_game"":""Super Smash Bros. Ultimate"",""game_rank"":41,""game_association_kind"":""khinsider_game_soundtrack"",""khinsider_album_url"":""https://downloads.khinsider.com/game-soundtracks/album/super-smash-bros.-ultimate-expanded-vol.-03-donkey-kong-switch-gamerip-2018"",""khinsider_album_title"":""Super Smash Bros. Ultimate Vol. 03 - Donkey Kong (super-smash-bros.-ultimate-expanded-vol.-03-donkey-kong-switch-gamerip-2018)"",""khinsider_album_kind"":""official_or_gamerip"",""khinsider_album_match_score"":100.0,""relevance_score_100"":100.0,""popularity_score_100"":62.74628250740463,""score_100"":85.09851300296185,""popularity_basis"":""BeatHit master-list game rank plus track position proxy""}"
424,Hyrule Castle (Outside),Unknown credited artist,[],Super Smash Bros. Ultimate Vol. 04 - The Legend of Zelda (super-smash-bros.-ultimate-expanded-vol.-04-the-legend-of-zelda-switch-gamerip-2018),,,"[""video game soundtrack""]","[""und""]",,,,Super Smash Bros. Ultimate,,,khinsider_track_prominence_proxy,62.74628250740463,score_0_100,,,,85.09851300296185,,,,https://downloads.khinsider.com/game-soundtracks/album/super-smash-bros.-ultimate-expanded-vol.-04-the-legend-of-zelda-switch-gamerip-2018,2026-10-05,Track title is taken from KHInsider's soundtrack/gamerip album index. Popularity is an explicitly labelled proxy based on BeatHit game rank and track prominence.,"{""culture_category"":""video_game_music"",""video_game"":""Super Smash Bros. Ultimate"",""game_rank"":41,""game_association_kind"":""khinsider_game_soundtrack"",""khinsider_album_url"":""https://downloads.khinsider.com/game-soundtracks/album/super-smash-bros.-ultimate-expanded-vol.-04-the-legend-of-zelda-switch-gamerip-2018"",""khinsider_album_title"":""Super Smash Bros. Ultimate Vol. 04 - The Legend of Zelda (super-smash-bros.-ultimate-expanded-vol.-04-the-legend-of-zelda-switch-gamerip-2018)"",""khinsider_album_kind"":""official_or_gamerip"",""khinsider_album_match_score"":100.0,""relevance_score_100"":100.0,""popularity_score_100"":62.74628250740463,""score_100"":85.09851300296185,""popularity_basis"":""BeatHit master-list game rank plus track position proxy""}"
425,Castle Lololo,Unknown credited artist,[],Super Smash Bros. Ultimate Vol. 07 - Kirby (super-smash-bros.-ultimate-expanded-vol.-07-kirby-switch-gamerip-2018),,,"[""video game soundtrack""]","[""und""]",,,,Super Smash Bros. Ultimate,,,khinsider_track_prominence_proxy,62.74628250740463,score_0_100,,,,85.09851300296185,,,,https://downloads.khinsider.com/game-soundtracks/album/super-smash-bros.-ultimate-expanded-vol.-07-kirby-switch-gamerip-2018,2026-10-05,Track title is taken from KHInsider's soundtrack/gamerip album index. Popularity is an explicitly labelled proxy based on BeatHit game rank and track prominence.,"{""culture_category"":""video_game_music"",""video_game"":""Super Smash Bros. Ultimate"",""game_rank"":41,""game_association_kind"":""khinsider_game_soundtrack"",""khinsider_album_url"":""https://downloads.khinsider.com/game-soundtracks/album/super-smash-bros.-ultimate-expanded-vol.-07-kirby-switch-gamerip-2018"",""khinsider_album_title"":""Super Smash Bros. Ultimate Vol. 07 - Kirby (super-smash-bros.-ultimate-expanded-vol.-07-kirby-switch-gamerip-2018)"",""khinsider_album_kind"":""official_or_gamerip"",""khinsider_album_match_score"":100.0,""relevance_score_100"":100.0,""popularity_score_100"":62.74628250740463,""score_100"":85.09851300296185,""popularity_basis"":""BeatHit master-list game rank plus track position proxy""}"
426,Battle! (Trainer) - Pokémon Red  -  Pokémon Blue [Original],Unknown credited artist,[],Super Smash Bros. Ultimate Vol. 09 - Pokémon (super-smash-bros.-ultimate-expanded-vol.-09-pok-mon-switch-gamerip-2018),,,"[""video game soundtrack""]","[""und""]",,,,Super Smash Bros. Ultimate,,,khinsider_track_prominence_proxy,62.74628250740463,score_0_100,,,,85.09851300296185,,,,https://downloads.khinsider.com/game-soundtracks/album/super-smash-bros.-ultimate-expanded-vol.-09-pok-mon-switch-gamerip-2018,2026-10-05,Track title is taken from KHInsider's soundtrack/gamerip album index. Popularity is an explicitly labelled proxy based on BeatHit game rank and track prominence.,"{""culture_category"":""video_game_music"",""video_game"":""Super Smash Bros. Ultimate"",""game_rank"":41,""game_association_kind"":""khinsider_game_soundtrack"",""khinsider_album_url"":""https://downloads.khinsider.com/game-soundtracks/album/super-smash-bros.-ultimate-expanded-vol.-09-pok-mon-switch-gamerip-2018"",""khinsider_album_title"":""Super Smash Bros. Ultimate Vol. 09 - Pokémon (super-smash-bros.-ultimate-expanded-vol.-09-pok-mon-switch-gamerip-2018)"",""khinsider_album_kind"":""official_or_gamerip"",""khinsider_album_match_score"":100.0,""relevance_score_100"":100.0,""popularity_score_100"":62.74628250740463,""score_100"":85.09851300296185,""popularity_basis"":""BeatHit master-list game rank plus track position proxy""}"
427,Battle! (Lorekeeper Zinnia) [Pokémon Omega Ruby & Pokémon Alpha Sapphire],Unknown credited artist,[],Super Smash Bros. Ultimate Enhanced Original Soundtrack (super-smash-bros.-ultimate-enhanced-original-soundtrack),,,"[""video game soundtrack""]","[""und""]",,,,Super Smash Bros. Ultimate,,,khinsider_track_prominence_proxy,62.53628250740462,score_0_100,,,,85.01451300296185,,,,https://downloads.khinsider.com/game-soundtracks/album/super-smash-bros.-ultimate-enhanced-original-soundtrack,2026-10-05,Track title is taken from KHInsider's soundtrack/gamerip album index. Popularity is an explicitly labelled proxy based on BeatHit game rank and track prominence.,"{""culture_category"":""video_game_music"",""video_game"":""Super Smash Bros. Ultimate"",""game_rank"":41,""game_association_kind"":""khinsider_game_soundtrack"",""khinsider_album_url"":""https://downloads.khinsider.com/game-soundtracks/album/super-smash-bros.-ultimate-enhanced-original-soundtrack"",""khinsider_album_title"":""Super Smash Bros. Ultimate Enhanced Original Soundtrack (super-smash-bros.-ultimate-enhanced-original-soundtrack)"",""khinsider_album_kind"":""official_or_gamerip"",""khinsider_album_match_score"":100.0,""relevance_score_100"":100.0,""popularity_score_100"":62.53628250740462,""score_100"":85.01451300296185,""popularity_basis"":""BeatHit master-list game rank plus track position proxy""}"
428,Boss Battle - Super Smash Bros. Brawl,Unknown credited artist,[],Super Smash Bros. Ultimate Vol. 01 - Super Smash Bros. (super-smash-bros.-ultimate-expanded-vol.-01-super-smash-bros.-switch-gamerip-2018),,,"[""video game soundtrack""]","[""und""]",,,,Super Smash Bros. Ultimate,,,khinsider_track_prominence_proxy,62.53628250740462,score_0_100,,,,85.01451300296185,,,,https://downloads.khinsider.com/game-soundtracks/album/super-smash-bros.-ultimate-expanded-vol.-01-super-smash-bros.-switch-gamerip-2018,2026-10-05,Track title is taken from KHInsider's soundtrack/gamerip album index. Popularity is an explicitly labelled proxy based on BeatHit game rank and track prominence.,"{""culture_category"":""video_game_music"",""video_game"":""Super Smash Bros. Ultimate"",""game_rank"":41,""game_association_kind"":""khinsider_game_soundtrack"",""khinsider_album_url"":""https://downloads.khinsider.com/game-soundtracks/album/super-smash-bros.-ultimate-expanded-vol.-01-super-smash-bros.-switch-gamerip-2018"",""khinsider_album_title"":""Super Smash Bros. Ultimate Vol. 01 - Super Smash Bros. (super-smash-bros.-ultimate-expanded-vol.-01-super-smash-bros.-switch-gamerip-2018)"",""khinsider_album_kind"":""official_or_gamerip"",""khinsider_album_match_score"":100.0,""relevance_score_100"":100.0,""popularity_score_100"":62.53628250740462,""score_100"":85.01451300296185,""popularity_basis"":""BeatHit master-list game rank plus track position proxy""}"
429,Bowser's Galaxy Generator,Unknown credited artist,[],Super Smash Bros. Ultimate Vol. 02 - Super Mario (super-smash-bros.-ultimate-expanded-vol.-02-super-mario-switch-gamerip-2018),,,"[""video game soundtrack""]","[""und""]",,,,Super Smash Bros. Ultimate,,,khinsider_track_prominence_proxy,62.53628250740462,score_0_100,,,,85.01451300296185,,,,https://downloads.khinsider.com/game-soundtracks/album/super-smash-bros.-ultimate-expanded-vol.-02-super-mario-switch-gamerip-2018,2026-10-05,Track title is taken from KHInsider's soundtrack/gamerip album index. Popularity is an explicitly labelled proxy based on BeatHit game rank and track prominence.,"{""culture_category"":""video_game_music"",""video_game"":""Super Smash Bros. Ultimate"",""game_rank"":41,""game_association_kind"":""khinsider_game_soundtrack"",""khinsider_album_url"":""https://downloads.khinsider.com/game-soundtracks/album/super-smash-bros.-ultimate-expanded-vol.-02-super-mario-switch-gamerip-2018"",""khinsider_album_title"":""Super Smash Bros. Ultimate Vol. 02 - Super Mario (super-smash-bros.-ultimate-expanded-vol.-02-super-mario-switch-gamerip-2018)"",""khinsider_album_kind"":""official_or_gamerip"",""khinsider_album_match_score"":100.0,""relevance_score_100"":100.0,""popularity_score_100"":62.53628250740462,""score_100"":85.01451300296185,""popularity_basis"":""BeatHit master-list game rank plus track position proxy""}"
430,Jungle Level [Original],Unknown credited artist,[],Super Smash Bros. Ultimate Vol. 03 - Donkey Kong (super-smash-bros.-ultimate-expanded-vol.-03-donkey-kong-switch-gamerip-2018),,,"[""video game soundtrack""]","[""und""]",,,,Super Smash Bros. Ultimate,,,khinsider_track_prominence_proxy,62.53628250740462,score_0_100,,,,85.01451300296185,,,,https://downloads.khinsider.com/game-soundtracks/album/super-smash-bros.-ultimate-expanded-vol.-03-donkey-kong-switch-gamerip-2018,2026-10-05,Track title is taken from KHInsider's soundtrack/gamerip album index. Popularity is an explicitly labelled proxy based on BeatHit game rank and track prominence.,"{""culture_category"":""video_game_music"",""video_game"":""Super Smash Bros. Ultimate"",""game_rank"":41,""game_association_kind"":""khinsider_game_soundtrack"",""khinsider_album_url"":""https://downloads.khinsider.com/game-soundtracks/album/super-smash-bros.-ultimate-expanded-vol.-03-donkey-kong-switch-gamerip-2018"",""khinsider_album_title"":""Super Smash Bros. Ultimate Vol. 03 - Donkey Kong (super-smash-bros.-ultimate-expanded-vol.-03-donkey-kong-switch-gamerip-2018)"",""khinsider_album_kind"":""official_or_gamerip"",""khinsider_album_match_score"":100.0,""relevance_score_100"":100.0,""popularity_score_100"":62.53628250740462,""score_100"":85.01451300296185,""popularity_basis"":""BeatHit master-list game rank plus track position proxy""}"
431,Calamity Ganon Battle - Second Form,Unknown credited artist,[],Super Smash Bros. Ultimate Vol. 04 - The Legend of Zelda (super-smash-bros.-ultimate-expanded-vol.-04-the-legend-of-zelda-switch-gamerip-2018),,,"[""video game soundtrack""]","[""und""]",,,,Super Smash Bros. Ultimate,,,khinsider_track_prominence_proxy,62.53628250740462,score_0_100,,,,85.01451300296185,,,,https://downloads.khinsider.com/game-soundtracks/album/super-smash-bros.-ultimate-expanded-vol.-04-the-legend-of-zelda-switch-gamerip-2018,2026-10-05,Track title is taken from KHInsider's soundtrack/gamerip album index. Popularity is an explicitly labelled proxy based on BeatHit game rank and track prominence.,"{""culture_category"":""video_game_music"",""video_game"":""Super Smash Bros. Ultimate"",""game_rank"":41,""game_association_kind"":""khinsider_game_soundtrack"",""khinsider_album_url"":""https://downloads.khinsider.com/game-soundtracks/album/super-smash-bros.-ultimate-expanded-vol.-04-the-legend-of-zelda-switch-gamerip-2018"",""khinsider_album_title"":""Super Smash Bros. Ultimate Vol. 04 - The Legend of Zelda (super-smash-bros.-ultimate-expanded-vol.-04-the-legend-of-zelda-switch-gamerip-2018)"",""khinsider_album_kind"":""official_or_gamerip"",""khinsider_album_match_score"":100.0,""relevance_score_100"":100.0,""popularity_score_100"":62.53628250740462,""score_100"":85.01451300296185,""popularity_basis"":""BeatHit master-list game rank plus track position proxy""}"
432,Float Islands,Unknown credited artist,[],Super Smash Bros. Ultimate Vol. 07 - Kirby (super-smash-bros.-ultimate-expanded-vol.-07-kirby-switch-gamerip-2018),,,"[""video game soundtrack""]","[""und""]",,,,Super Smash Bros. Ultimate,,,khinsider_track_prominence_proxy,62.53628250740462,score_0_100,,,,85.01451300296185,,,,https://downloads.khinsider.com/game-soundtracks/album/super-smash-bros.-ultimate-expanded-vol.-07-kirby-switch-gamerip-2018,2026-10-05,Track title is taken from KHInsider's soundtrack/gamerip album index. Popularity is an explicitly labelled proxy based on BeatHit game rank and track prominence.,"{""culture_category"":""video_game_music"",""video_game"":""Super Smash Bros. Ultimate"",""game_rank"":41,""game_association_kind"":""khinsider_game_soundtrack"",""khinsider_album_url"":""https://downloads.khinsider.com/game-soundtracks/album/super-smash-bros.-ultimate-expanded-vol.-07-kirby-switch-gamerip-2018"",""khinsider_album_title"":""Super Smash Bros. Ultimate Vol. 07 - Kirby (super-smash-bros.-ultimate-expanded-vol.-07-kirby-switch-gamerip-2018)"",""khinsider_album_kind"":""official_or_gamerip"",""khinsider_album_match_score"":100.0,""relevance_score_100"":100.0,""popularity_score_100"":62.53628250740462,""score_100"":85.01451300296185,""popularity_basis"":""BeatHit master-list game rank plus track position proxy""}"
433,Battle! (Gym Leader) - Pokémon Red  -  Pokémon Blue [Original],Unknown credited artist,[],Super Smash Bros. Ultimate Vol. 09 - Pokémon (super-smash-bros.-ultimate-expanded-vol.-09-pok-mon-switch-gamerip-2018),,,"[""video game soundtrack""]","[""und""]",,,,Super Smash Bros. Ultimate,,,khinsider_track_prominence_proxy,62.53628250740462,score_0_100,,,,85.01451300296185,,,,https://downloads.khinsider.com/game-soundtracks/album/super-smash-bros.-ultimate-expanded-vol.-09-pok-mon-switch-gamerip-2018,2026-10-05,Track title is taken from KHInsider's soundtrack/gamerip album index. Popularity is an explicitly labelled proxy based on BeatHit game rank and track prominence.,"{""culture_category"":""video_game_music"",""video_game"":""Super Smash Bros. Ultimate"",""game_rank"":41,""game_association_kind"":""khinsider_game_soundtrack"",""khinsider_album_url"":""https://downloads.khinsider.com/game-soundtracks/album/super-smash-bros.-ultimate-expanded-vol.-09-pok-mon-switch-gamerip-2018"",""khinsider_album_title"":""Super Smash Bros. Ultimate Vol. 09 - Pokémon (super-smash-bros.-ultimate-expanded-vol.-09-pok-mon-switch-gamerip-2018)"",""khinsider_album_kind"":""official_or_gamerip"",""khinsider_album_match_score"":100.0,""relevance_score_100"":100.0,""popularity_score_100"":62.53628250740462,""score_100"":85.01451300296185,""popularity_basis"":""BeatHit master-list game rank plus track position proxy""}"
434,Battle! (Wild Pokémon) - Pokémon Sun  Pokémon Moon,Unknown credited artist,[],Super Smash Bros. Ultimate Enhanced Original Soundtrack (super-smash-bros.-ultimate-enhanced-original-soundtrack),,,"[""video game soundtrack""]","[""und""]",,,,Super Smash Bros. Ultimate,,,khinsider_track_prominence_proxy,62.32628250740463,score_0_100,,,,84.93051300296185,,,,https://downloads.khinsider.com/game-soundtracks/album/super-smash-bros.-ultimate-enhanced-original-soundtrack,2026-10-05,Track title is taken from KHInsider's soundtrack/gamerip album index. Popularity is an explicitly labelled proxy based on BeatHit game rank and track prominence.,"{""culture_category"":""video_game_music"",""video_game"":""Super Smash Bros. Ultimate"",""game_rank"":41,""game_association_kind"":""khinsider_game_soundtrack"",""khinsider_album_url"":""https://downloads.khinsider.com/game-soundtracks/album/super-smash-bros.-ultimate-enhanced-original-soundtrack"",""khinsider_album_title"":""Super Smash Bros. Ultimate Enhanced Original Soundtrack (super-smash-bros.-ultimate-enhanced-original-soundtrack)"",""khinsider_album_kind"":""official_or_gamerip"",""khinsider_album_match_score"":100.0,""relevance_score_100"":100.0,""popularity_score_100"":62.32628250740463,""score_100"":84.93051300296185,""popularity_basis"":""BeatHit master-list game rank plus track position proxy""}"
435,Menu - Super Smash Bros. Brawl,Unknown credited artist,[],Super Smash Bros. Ultimate Vol. 01 - Super Smash Bros. (super-smash-bros.-ultimate-expanded-vol.-01-super-smash-bros.-switch-gamerip-2018),,,"[""video game soundtrack""]","[""und""]",,,,Super Smash Bros. Ultimate,,,khinsider_track_prominence_proxy,62.32628250740463,score_0_100,,,,84.93051300296185,,,,https://downloads.khinsider.com/game-soundtracks/album/super-smash-bros.-ultimate-expanded-vol.-01-super-smash-bros.-switch-gamerip-2018,2026-10-05,Track title is taken from KHInsider's soundtrack/gamerip album index. Popularity is an explicitly labelled proxy based on BeatHit game rank and track prominence.,"{""culture_category"":""video_game_music"",""video_game"":""Super Smash Bros. Ultimate"",""game_rank"":41,""game_association_kind"":""khinsider_game_soundtrack"",""khinsider_album_url"":""https://downloads.khinsider.com/game-soundtracks/album/super-smash-bros.-ultimate-expanded-vol.-01-super-smash-bros.-switch-gamerip-2018"",""khinsider_album_title"":""Super Smash Bros. Ultimate Vol. 01 - Super Smash Bros. (super-smash-bros.-ultimate-expanded-vol.-01-super-smash-bros.-switch-gamerip-2018)"",""khinsider_album_kind"":""official_or_gamerip"",""khinsider_album_match_score"":100.0,""relevance_score_100"":100.0,""popularity_score_100"":62.32628250740463,""score_100"":84.93051300296185,""popularity_basis"":""BeatHit master-list game rank plus track position proxy""}"
436,Fated Battle,Unknown credited artist,[],Super Smash Bros. Ultimate Vol. 02 - Super Mario (super-smash-bros.-ultimate-expanded-vol.-02-super-mario-switch-gamerip-2018),,,"[""video game soundtrack""]","[""und""]",,,,Super Smash Bros. Ultimate,,,khinsider_track_prominence_proxy,62.32628250740463,score_0_100,,,,84.93051300296185,,,,https://downloads.khinsider.com/game-soundtracks/album/super-smash-bros.-ultimate-expanded-vol.-02-super-mario-switch-gamerip-2018,2026-10-05,Track title is taken from KHInsider's soundtrack/gamerip album index. Popularity is an explicitly labelled proxy based on BeatHit game rank and track prominence.,"{""culture_category"":""video_game_music"",""video_game"":""Super Smash Bros. Ultimate"",""game_rank"":41,""game_association_kind"":""khinsider_game_soundtrack"",""khinsider_album_url"":""https://downloads.khinsider.com/game-soundtracks/album/super-smash-bros.-ultimate-expanded-vol.-02-super-mario-switch-gamerip-2018"",""khinsider_album_title"":""Super Smash Bros. Ultimate Vol. 02 - Super Mario (super-smash-bros.-ultimate-expanded-vol.-02-super-mario-switch-gamerip-2018)"",""khinsider_album_kind"":""official_or_gamerip"",""khinsider_album_match_score"":100.0,""relevance_score_100"":100.0,""popularity_score_100"":62.32628250740463,""score_100"":84.93051300296185,""popularity_basis"":""BeatHit master-list game rank plus track position proxy""}"
437,Gang-Plank Galleon [Original],Unknown credited artist,[],Super Smash Bros. Ultimate Vol. 03 - Donkey Kong (super-smash-bros.-ultimate-expanded-vol.-03-donkey-kong-switch-gamerip-2018),,,"[""video game soundtrack""]","[""und""]",,,,Super Smash Bros. Ultimate,,,khinsider_track_prominence_proxy,62.32628250740463,score_0_100,,,,84.93051300296185,,,,https://downloads.khinsider.com/game-soundtracks/album/super-smash-bros.-ultimate-expanded-vol.-03-donkey-kong-switch-gamerip-2018,2026-10-05,Track title is taken from KHInsider's soundtrack/gamerip album index. Popularity is an explicitly labelled proxy based on BeatHit game rank and track prominence.,"{""culture_category"":""video_game_music"",""video_game"":""Super Smash Bros. Ultimate"",""game_rank"":41,""game_association_kind"":""khinsider_game_soundtrack"",""khinsider_album_url"":""https://downloads.khinsider.com/game-soundtracks/album/super-smash-bros.-ultimate-expanded-vol.-03-donkey-kong-switch-gamerip-2018"",""khinsider_album_title"":""Super Smash Bros. Ultimate Vol. 03 - Donkey Kong (super-smash-bros.-ultimate-expanded-vol.-03-donkey-kong-switch-gamerip-2018)"",""khinsider_album_kind"":""official_or_gamerip"",""khinsider_album_match_score"":100.0,""relevance_score_100"":100.0,""popularity_score_100"":62.32628250740463,""score_100"":84.93051300296185,""popularity_basis"":""BeatHit master-list game rank plus track position proxy""}"
438,The Legend of Zelda Victory Theme (64),Unknown credited artist,[],Super Smash Bros. Ultimate Vol. 04 - The Legend of Zelda (super-smash-bros.-ultimate-expanded-vol.-04-the-legend-of-zelda-switch-gamerip-2018),,,"[""video game soundtrack""]","[""und""]",,,,Super Smash Bros. Ultimate,,,khinsider_track_prominence_proxy,62.32628250740463,score_0_100,,,,84.93051300296185,,,,https://downloads.khinsider.com/game-soundtracks/album/super-smash-bros.-ultimate-expanded-vol.-04-the-legend-of-zelda-switch-gamerip-2018,2026-10-05,Track title is taken from KHInsider's soundtrack/gamerip album index. Popularity is an explicitly labelled proxy based on BeatHit game rank and track prominence.,"{""culture_category"":""video_game_music"",""video_game"":""Super Smash Bros. Ultimate"",""game_rank"":41,""game_association_kind"":""khinsider_game_soundtrack"",""khinsider_album_url"":""https://downloads.khinsider.com/game-soundtracks/album/super-smash-bros.-ultimate-expanded-vol.-04-the-legend-of-zelda-switch-gamerip-2018"",""khinsider_album_title"":""Super Smash Bros. Ultimate Vol. 04 - The Legend of Zelda (super-smash-bros.-ultimate-expanded-vol.-04-the-legend-of-zelda-switch-gamerip-2018)"",""khinsider_album_kind"":""official_or_gamerip"",""khinsider_album_match_score"":100.0,""relevance_score_100"":100.0,""popularity_score_100"":62.32628250740463,""score_100"":84.93051300296185,""popularity_basis"":""BeatHit master-list game rank plus track position proxy""}"
439,Bubbly Clouds,Unknown credited artist,[],Super Smash Bros. Ultimate Vol. 07 - Kirby (super-smash-bros.-ultimate-expanded-vol.-07-kirby-switch-gamerip-2018),,,"[""video game soundtrack""]","[""und""]",,,,Super Smash Bros. Ultimate,,,khinsider_track_prominence_proxy,62.32628250740463,score_0_100,,,,84.93051300296185,,,,https://downloads.khinsider.com/game-soundtracks/album/super-smash-bros.-ultimate-expanded-vol.-07-kirby-switch-gamerip-2018,2026-10-05,Track title is taken from KHInsider's soundtrack/gamerip album index. Popularity is an explicitly labelled proxy based on BeatHit game rank and track prominence.,"{""culture_category"":""video_game_music"",""video_game"":""Super Smash Bros. Ultimate"",""game_rank"":41,""game_association_kind"":""khinsider_game_soundtrack"",""khinsider_album_url"":""https://downloads.khinsider.com/game-soundtracks/album/super-smash-bros.-ultimate-expanded-vol.-07-kirby-switch-gamerip-2018"",""khinsider_album_title"":""Super Smash Bros. Ultimate Vol. 07 - Kirby (super-smash-bros.-ultimate-expanded-vol.-07-kirby-switch-gamerip-2018)"",""khinsider_album_kind"":""official_or_gamerip"",""khinsider_album_match_score"":100.0,""relevance_score_100"":100.0,""popularity_score_100"":62.32628250740463,""score_100"":84.93051300296185,""popularity_basis"":""BeatHit master-list game rank plus track position proxy""}"
440,Battle! (Wild Pokémon) - Pokémon Red  -  Pokémon Blue [Original],Unknown credited artist,[],Super Smash Bros. Ultimate Vol. 09 - Pokémon (super-smash-bros.-ultimate-expanded-vol.-09-pok-mon-switch-gamerip-2018),,,"[""video game soundtrack""]","[""und""]",,,,Super Smash Bros. Ultimate,,,khinsider_track_prominence_proxy,62.32628250740463,score_0_100,,,,84.93051300296185,,,,https://downloads.khinsider.com/game-soundtracks/album/super-smash-bros.-ultimate-expanded-vol.-09-pok-mon-switch-gamerip-2018,2026-10-05,Track title is taken from KHInsider's soundtrack/gamerip album index. Popularity is an explicitly labelled proxy based on BeatHit game rank and track prominence.,"{""culture_category"":""video_game_music"",""video_game"":""Super Smash Bros. Ultimate"",""game_rank"":41,""game_association_kind"":""khinsider_game_soundtrack"",""khinsider_album_url"":""https://downloads.khinsider.com/game-soundtracks/album/super-smash-bros.-ultimate-expanded-vol.-09-pok-mon-switch-gamerip-2018"",""khinsider_album_title"":""Super Smash Bros. Ultimate Vol. 09 - Pokémon (super-smash-bros.-ultimate-expanded-vol.-09-pok-mon-switch-gamerip-2018)"",""khinsider_album_kind"":""official_or_gamerip"",""khinsider_album_match_score"":100.0,""relevance_score_100"":100.0,""popularity_score_100"":62.32628250740463,""score_100"":84.93051300296185,""popularity_basis"":""BeatHit master-list game rank plus track position proxy""}"
441,Battle! (Trainer) - Pokémon Sun  Pokémon Moon,Unknown credited artist,[],Super Smash Bros. Ultimate Enhanced Original Soundtrack (super-smash-bros.-ultimate-enhanced-original-soundtrack),,,"[""video game soundtrack""]","[""und""]",,,,Super Smash Bros. Ultimate,,,khinsider_track_prominence_proxy,62.11628250740463,score_0_100,,,,84.84651300296186,,,,https://downloads.khinsider.com/game-soundtracks/album/super-smash-bros.-ultimate-enhanced-original-soundtrack,2026-10-05,Track title is taken from KHInsider's soundtrack/gamerip album index. Popularity is an explicitly labelled proxy based on BeatHit game rank and track prominence.,"{""culture_category"":""video_game_music"",""video_game"":""Super Smash Bros. Ultimate"",""game_rank"":41,""game_association_kind"":""khinsider_game_soundtrack"",""khinsider_album_url"":""https://downloads.khinsider.com/game-soundtracks/album/super-smash-bros.-ultimate-enhanced-original-soundtrack"",""khinsider_album_title"":""Super Smash Bros. Ultimate Enhanced Original Soundtrack (super-smash-bros.-ultimate-enhanced-original-soundtrack)"",""khinsider_album_kind"":""official_or_gamerip"",""khinsider_album_match_score"":100.0,""relevance_score_100"":100.0,""popularity_score_100"":62.11628250740463,""score_100"":84.84651300296186,""popularity_basis"":""BeatHit master-list game rank plus track position proxy""}"
442,Menu - Super Smash Bros. for Wii U,Unknown credited artist,[],Super Smash Bros. Ultimate Vol. 01 - Super Smash Bros. (super-smash-bros.-ultimate-expanded-vol.-01-super-smash-bros.-switch-gamerip-2018),,,"[""video game soundtrack""]","[""und""]",,,,Super Smash Bros. Ultimate,,,khinsider_track_prominence_proxy,62.11628250740463,score_0_100,,,,84.84651300296186,,,,https://downloads.khinsider.com/game-soundtracks/album/super-smash-bros.-ultimate-expanded-vol.-01-super-smash-bros.-switch-gamerip-2018,2026-10-05,Track title is taken from KHInsider's soundtrack/gamerip album index. Popularity is an explicitly labelled proxy based on BeatHit game rank and track prominence.,"{""culture_category"":""video_game_music"",""video_game"":""Super Smash Bros. Ultimate"",""game_rank"":41,""game_association_kind"":""khinsider_game_soundtrack"",""khinsider_album_url"":""https://downloads.khinsider.com/game-soundtracks/album/super-smash-bros.-ultimate-expanded-vol.-01-super-smash-bros.-switch-gamerip-2018"",""khinsider_album_title"":""Super Smash Bros. Ultimate Vol. 01 - Super Smash Bros. (super-smash-bros.-ultimate-expanded-vol.-01-super-smash-bros.-switch-gamerip-2018)"",""khinsider_album_kind"":""official_or_gamerip"",""khinsider_album_match_score"":100.0,""relevance_score_100"":100.0,""popularity_score_100"":62.11628250740463,""score_100"":84.84651300296186,""popularity_basis"":""BeatHit master-list game rank plus track position proxy""}"
443,Ground Theme  -  Underwater Theme - Super Mario 3D Land,Unknown credited artist,[],Super Smash Bros. Ultimate Vol. 02 - Super Mario (super-smash-bros.-ultimate-expanded-vol.-02-super-mario-switch-gamerip-2018),,,"[""video game soundtrack""]","[""und""]",,,,Super Smash Bros. Ultimate,,,khinsider_track_prominence_proxy,62.11628250740463,score_0_100,,,,84.84651300296186,,,,https://downloads.khinsider.com/game-soundtracks/album/super-smash-bros.-ultimate-expanded-vol.-02-super-mario-switch-gamerip-2018,2026-10-05,Track title is taken from KHInsider's soundtrack/gamerip album index. Popularity is an explicitly labelled proxy based on BeatHit game rank and track prominence.,"{""culture_category"":""video_game_music"",""video_game"":""Super Smash Bros. Ultimate"",""game_rank"":41,""game_association_kind"":""khinsider_game_soundtrack"",""khinsider_album_url"":""https://downloads.khinsider.com/game-soundtracks/album/super-smash-bros.-ultimate-expanded-vol.-02-super-mario-switch-gamerip-2018"",""khinsider_album_title"":""Super Smash Bros. Ultimate Vol. 02 - Super Mario (super-smash-bros.-ultimate-expanded-vol.-02-super-mario-switch-gamerip-2018)"",""khinsider_album_kind"":""official_or_gamerip"",""khinsider_album_match_score"":100.0,""relevance_score_100"":100.0,""popularity_score_100"":62.11628250740463,""score_100"":84.84651300296186,""popularity_basis"":""BeatHit master-list game rank plus track position proxy""}"
444,Snakey Chantey [Original],Unknown credited artist,[],Super Smash Bros. Ultimate Vol. 03 - Donkey Kong (super-smash-bros.-ultimate-expanded-vol.-03-donkey-kong-switch-gamerip-2018),,,"[""video game soundtrack""]","[""und""]",,,,Super Smash Bros. Ultimate,,,khinsider_track_prominence_proxy,62.11628250740463,score_0_100,,,,84.84651300296186,,,,https://downloads.khinsider.com/game-soundtracks/album/super-smash-bros.-ultimate-expanded-vol.-03-donkey-kong-switch-gamerip-2018,2026-10-05,Track title is taken from KHInsider's soundtrack/gamerip album index. Popularity is an explicitly labelled proxy based on BeatHit game rank and track prominence.,"{""culture_category"":""video_game_music"",""video_game"":""Super Smash Bros. Ultimate"",""game_rank"":41,""game_association_kind"":""khinsider_game_soundtrack"",""khinsider_album_url"":""https://downloads.khinsider.com/game-soundtracks/album/super-smash-bros.-ultimate-expanded-vol.-03-donkey-kong-switch-gamerip-2018"",""khinsider_album_title"":""Super Smash Bros. Ultimate Vol. 03 - Donkey Kong (super-smash-bros.-ultimate-expanded-vol.-03-donkey-kong-switch-gamerip-2018)"",""khinsider_album_kind"":""official_or_gamerip"",""khinsider_album_match_score"":100.0,""relevance_score_100"":100.0,""popularity_score_100"":62.11628250740463,""score_100"":84.84651300296186,""popularity_basis"":""BeatHit master-list game rank plus track position proxy""}"
445,The Legend of Zelda Victory Theme (Melee),Unknown credited artist,[],Super Smash Bros. Ultimate Vol. 04 - The Legend of Zelda (super-smash-bros.-ultimate-expanded-vol.-04-the-legend-of-zelda-switch-gamerip-2018),,,"[""video game soundtrack""]","[""und""]",,,,Super Smash Bros. Ultimate,,,khinsider_track_prominence_proxy,62.11628250740463,score_0_100,,,,84.84651300296186,,,,https://downloads.khinsider.com/game-soundtracks/album/super-smash-bros.-ultimate-expanded-vol.-04-the-legend-of-zelda-switch-gamerip-2018,2026-10-05,Track title is taken from KHInsider's soundtrack/gamerip album index. Popularity is an explicitly labelled proxy based on BeatHit game rank and track prominence.,"{""culture_category"":""video_game_music"",""video_game"":""Super Smash Bros. Ultimate"",""game_rank"":41,""game_association_kind"":""khinsider_game_soundtrack"",""khinsider_album_url"":""https://downloads.khinsider.com/game-soundtracks/album/super-smash-bros.-ultimate-expanded-vol.-04-the-legend-of-zelda-switch-gamerip-2018"",""khinsider_album_title"":""Super Smash Bros. Ultimate Vol. 04 - The Legend of Zelda (super-smash-bros.-ultimate-expanded-vol.-04-the-legend-of-zelda-switch-gamerip-2018)"",""khinsider_album_kind"":""official_or_gamerip"",""khinsider_album_match_score"":100.0,""relevance_score_100"":100.0,""popularity_score_100"":62.11628250740463,""score_100"":84.84651300296186,""popularity_basis"":""BeatHit master-list game rank plus track position proxy""}"
446,King Dedede's Theme [Original],Unknown credited artist,[],Super Smash Bros. Ultimate Vol. 07 - Kirby (super-smash-bros.-ultimate-expanded-vol.-07-kirby-switch-gamerip-2018),,,"[""video game soundtrack""]","[""und""]",,,,Super Smash Bros. Ultimate,,,khinsider_track_prominence_proxy,62.11628250740463,score_0_100,,,,84.84651300296186,,,,https://downloads.khinsider.com/game-soundtracks/album/super-smash-bros.-ultimate-expanded-vol.-07-kirby-switch-gamerip-2018,2026-10-05,Track title is taken from KHInsider's soundtrack/gamerip album index. Popularity is an explicitly labelled proxy based on BeatHit game rank and track prominence.,"{""culture_category"":""video_game_music"",""video_game"":""Super Smash Bros. Ultimate"",""game_rank"":41,""game_association_kind"":""khinsider_game_soundtrack"",""khinsider_album_url"":""https://downloads.khinsider.com/game-soundtracks/album/super-smash-bros.-ultimate-expanded-vol.-07-kirby-switch-gamerip-2018"",""khinsider_album_title"":""Super Smash Bros. Ultimate Vol. 07 - Kirby (super-smash-bros.-ultimate-expanded-vol.-07-kirby-switch-gamerip-2018)"",""khinsider_album_kind"":""official_or_gamerip"",""khinsider_album_match_score"":100.0,""relevance_score_100"":100.0,""popularity_score_100"":62.11628250740463,""score_100"":84.84651300296186,""popularity_basis"":""BeatHit master-list game rank plus track position proxy""}"
447,Battle! (Wild Pokémon - Pokémon Gold  -  Pokémon Silver [Original],Unknown credited artist,[],Super Smash Bros. Ultimate Vol. 09 - Pokémon (super-smash-bros.-ultimate-expanded-vol.-09-pok-mon-switch-gamerip-2018),,,"[""video game soundtrack""]","[""und""]",,,,Super Smash Bros. Ultimate,,,khinsider_track_prominence_proxy,62.11628250740463,score_0_100,,,,84.84651300296186,,,,https://downloads.khinsider.com/game-soundtracks/album/super-smash-bros.-ultimate-expanded-vol.-09-pok-mon-switch-gamerip-2018,2026-10-05,Track title is taken from KHInsider's soundtrack/gamerip album index. Popularity is an explicitly labelled proxy based on BeatHit game rank and track prominence.,"{""culture_category"":""video_game_music"",""video_game"":""Super Smash Bros. Ultimate"",""game_rank"":41,""game_association_kind"":""khinsider_game_soundtrack"",""khinsider_album_url"":""https://downloads.khinsider.com/game-soundtracks/album/super-smash-bros.-ultimate-expanded-vol.-09-pok-mon-switch-gamerip-2018"",""khinsider_album_title"":""Super Smash Bros. Ultimate Vol. 09 - Pokémon (super-smash-bros.-ultimate-expanded-vol.-09-pok-mon-switch-gamerip-2018)"",""khinsider_album_kind"":""official_or_gamerip"",""khinsider_album_match_score"":100.0,""relevance_score_100"":100.0,""popularity_score_100"":62.11628250740463,""score_100"":84.84651300296186,""popularity_basis"":""BeatHit master-list game rank plus track position proxy""}"
448,Battle! (Island Kahuna) [Pokémon Sun & Pokémon Moon],Unknown credited artist,[],Super Smash Bros. Ultimate Enhanced Original Soundtrack (super-smash-bros.-ultimate-enhanced-original-soundtrack),,,"[""video game soundtrack""]","[""und""]",,,,Super Smash Bros. Ultimate,,,khinsider_track_prominence_proxy,61.906282507404626,score_0_100,,,,84.76251300296185,,,,https://downloads.khinsider.com/game-soundtracks/album/super-smash-bros.-ultimate-enhanced-original-soundtrack,2026-10-05,Track title is taken from KHInsider's soundtrack/gamerip album index. Popularity is an explicitly labelled proxy based on BeatHit game rank and track prominence.,"{""culture_category"":""video_game_music"",""video_game"":""Super Smash Bros. Ultimate"",""game_rank"":41,""game_association_kind"":""khinsider_game_soundtrack"",""khinsider_album_url"":""https://downloads.khinsider.com/game-soundtracks/album/super-smash-bros.-ultimate-enhanced-original-soundtrack"",""khinsider_album_title"":""Super Smash Bros. Ultimate Enhanced Original Soundtrack (super-smash-bros.-ultimate-enhanced-original-soundtrack)"",""khinsider_album_kind"":""official_or_gamerip"",""khinsider_album_match_score"":100.0,""relevance_score_100"":100.0,""popularity_score_100"":61.906282507404626,""score_100"":84.76251300296185,""popularity_basis"":""BeatHit master-list game rank plus track position proxy""}"
449,Fighter Selection - Super Smash Bros.,Unknown credited artist,[],Super Smash Bros. Ultimate Vol. 01 - Super Smash Bros. (super-smash-bros.-ultimate-expanded-vol.-01-super-smash-bros.-switch-gamerip-2018),,,"[""video game soundtrack""]","[""und""]",,,,Super Smash Bros. Ultimate,,,khinsider_track_prominence_proxy,61.906282507404626,score_0_100,,,,84.76251300296185,,,,https://downloads.khinsider.com/game-soundtracks/album/super-smash-bros.-ultimate-expanded-vol.-01-super-smash-bros.-switch-gamerip-2018,2026-10-05,Track title is taken from KHInsider's soundtrack/gamerip album index. Popularity is an explicitly labelled proxy based on BeatHit game rank and track prominence.,"{""culture_category"":""video_game_music"",""video_game"":""Super Smash Bros. Ultimate"",""game_rank"":41,""game_association_kind"":""khinsider_game_soundtrack"",""khinsider_album_url"":""https://downloads.khinsider.com/game-soundtracks/album/super-smash-bros.-ultimate-expanded-vol.-01-super-smash-bros.-switch-gamerip-2018"",""khinsider_album_title"":""Super Smash Bros. Ultimate Vol. 01 - Super Smash Bros. (super-smash-bros.-ultimate-expanded-vol.-01-super-smash-bros.-switch-gamerip-2018)"",""khinsider_album_kind"":""official_or_gamerip"",""khinsider_album_match_score"":100.0,""relevance_score_100"":100.0,""popularity_score_100"":61.906282507404626,""score_100"":84.76251300296185,""popularity_basis"":""BeatHit master-list game rank plus track position proxy""}"
450,Athletic Theme - New Super Mario Bros. 2,Unknown credited artist,[],Super Smash Bros. Ultimate Vol. 02 - Super Mario (super-smash-bros.-ultimate-expanded-vol.-02-super-mario-switch-gamerip-2018),,,"[""video game soundtrack""]","[""und""]",,,,Super Smash Bros. Ultimate,,,khinsider_track_prominence_proxy,61.906282507404626,score_0_100,,,,84.76251300296185,,,,https://downloads.khinsider.com/game-soundtracks/album/super-smash-bros.-ultimate-expanded-vol.-02-super-mario-switch-gamerip-2018,2026-10-05,Track title is taken from KHInsider's soundtrack/gamerip album index. Popularity is an explicitly labelled proxy based on BeatHit game rank and track prominence.,"{""culture_category"":""video_game_music"",""video_game"":""Super Smash Bros. Ultimate"",""game_rank"":41,""game_association_kind"":""khinsider_game_soundtrack"",""khinsider_album_url"":""https://downloads.khinsider.com/game-soundtracks/album/super-smash-bros.-ultimate-expanded-vol.-02-super-mario-switch-gamerip-2018"",""khinsider_album_title"":""Super Smash Bros. Ultimate Vol. 02 - Super Mario (super-smash-bros.-ultimate-expanded-vol.-02-super-mario-switch-gamerip-2018)"",""khinsider_album_kind"":""official_or_gamerip"",""khinsider_album_match_score"":100.0,""relevance_score_100"":100.0,""popularity_score_100"":61.906282507404626,""score_100"":84.76251300296185,""popularity_basis"":""BeatHit master-list game rank plus track position proxy""}"
451,Stickerbush Symphony [Original],Unknown credited artist,[],Super Smash Bros. Ultimate Vol. 03 - Donkey Kong (super-smash-bros.-ultimate-expanded-vol.-03-donkey-kong-switch-gamerip-2018),,,"[""video game soundtrack""]","[""und""]",,,,Super Smash Bros. Ultimate,,,khinsider_track_prominence_proxy,61.906282507404626,score_0_100,,,,84.76251300296185,,,,https://downloads.khinsider.com/game-soundtracks/album/super-smash-bros.-ultimate-expanded-vol.-03-donkey-kong-switch-gamerip-2018,2026-10-05,Track title is taken from KHInsider's soundtrack/gamerip album index. Popularity is an explicitly labelled proxy based on BeatHit game rank and track prominence.,"{""culture_category"":""video_game_music"",""video_game"":""Super Smash Bros. Ultimate"",""game_rank"":41,""game_association_kind"":""khinsider_game_soundtrack"",""khinsider_album_url"":""https://downloads.khinsider.com/game-soundtracks/album/super-smash-bros.-ultimate-expanded-vol.-03-donkey-kong-switch-gamerip-2018"",""khinsider_album_title"":""Super Smash Bros. Ultimate Vol. 03 - Donkey Kong (super-smash-bros.-ultimate-expanded-vol.-03-donkey-kong-switch-gamerip-2018)"",""khinsider_album_kind"":""official_or_gamerip"",""khinsider_album_match_score"":100.0,""relevance_score_100"":100.0,""popularity_score_100"":61.906282507404626,""score_100"":84.76251300296185,""popularity_basis"":""BeatHit master-list game rank plus track position proxy""}"
452,The Legend of Zelda Victory Theme (Brawl),Unknown credited artist,[],Super Smash Bros. Ultimate Vol. 04 - The Legend of Zelda (super-smash-bros.-ultimate-expanded-vol.-04-the-legend-of-zelda-switch-gamerip-2018),,,"[""video game soundtrack""]","[""und""]",,,,Super Smash Bros. Ultimate,,,khinsider_track_prominence_proxy,61.906282507404626,score_0_100,,,,84.76251300296185,,,,https://downloads.khinsider.com/game-soundtracks/album/super-smash-bros.-ultimate-expanded-vol.-04-the-legend-of-zelda-switch-gamerip-2018,2026-10-05,Track title is taken from KHInsider's soundtrack/gamerip album index. Popularity is an explicitly labelled proxy based on BeatHit game rank and track prominence.,"{""culture_category"":""video_game_music"",""video_game"":""Super Smash Bros. Ultimate"",""game_rank"":41,""game_association_kind"":""khinsider_game_soundtrack"",""khinsider_album_url"":""https://downloads.khinsider.com/game-soundtracks/album/super-smash-bros.-ultimate-expanded-vol.-04-the-legend-of-zelda-switch-gamerip-2018"",""khinsider_album_title"":""Super Smash Bros. Ultimate Vol. 04 - The Legend of Zelda (super-smash-bros.-ultimate-expanded-vol.-04-the-legend-of-zelda-switch-gamerip-2018)"",""khinsider_album_kind"":""official_or_gamerip"",""khinsider_album_match_score"":100.0,""relevance_score_100"":100.0,""popularity_score_100"":61.906282507404626,""score_100"":84.76251300296185,""popularity_basis"":""BeatHit master-list game rank plus track position proxy""}"
453,Staff Credits - Kirby's Dream Land [Original],Unknown credited artist,[],Super Smash Bros. Ultimate Vol. 07 - Kirby (super-smash-bros.-ultimate-expanded-vol.-07-kirby-switch-gamerip-2018),,,"[""video game soundtrack""]","[""und""]",,,,Super Smash Bros. Ultimate,,,khinsider_track_prominence_proxy,61.906282507404626,score_0_100,,,,84.76251300296185,,,,https://downloads.khinsider.com/game-soundtracks/album/super-smash-bros.-ultimate-expanded-vol.-07-kirby-switch-gamerip-2018,2026-10-05,Track title is taken from KHInsider's soundtrack/gamerip album index. Popularity is an explicitly labelled proxy based on BeatHit game rank and track prominence.,"{""culture_category"":""video_game_music"",""video_game"":""Super Smash Bros. Ultimate"",""game_rank"":41,""game_association_kind"":""khinsider_game_soundtrack"",""khinsider_album_url"":""https://downloads.khinsider.com/game-soundtracks/album/super-smash-bros.-ultimate-expanded-vol.-07-kirby-switch-gamerip-2018"",""khinsider_album_title"":""Super Smash Bros. Ultimate Vol. 07 - Kirby (super-smash-bros.-ultimate-expanded-vol.-07-kirby-switch-gamerip-2018)"",""khinsider_album_kind"":""official_or_gamerip"",""khinsider_album_match_score"":100.0,""relevance_score_100"":100.0,""popularity_score_100"":61.906282507404626,""score_100"":84.76251300296185,""popularity_basis"":""BeatHit master-list game rank plus track position proxy""}"
454,Battle! (Gym Leader) - Pokémon Gold  -  Pokémon Silver [Original],Unknown credited artist,[],Super Smash Bros. Ultimate Vol. 09 - Pokémon (super-smash-bros.-ultimate-expanded-vol.-09-pok-mon-switch-gamerip-2018),,,"[""video game soundtrack""]","[""und""]",,,,Super Smash Bros. Ultimate,,,khinsider_track_prominence_proxy,61.906282507404626,score_0_100,,,,84.76251300296185,,,,https://downloads.khinsider.com/game-soundtracks/album/super-smash-bros.-ultimate-expanded-vol.-09-pok-mon-switch-gamerip-2018,2026-10-05,Track title is taken from KHInsider's soundtrack/gamerip album index. Popularity is an explicitly labelled proxy based on BeatHit game rank and track prominence.,"{""culture_category"":""video_game_music"",""video_game"":""Super Smash Bros. Ultimate"",""game_rank"":41,""game_association_kind"":""khinsider_game_soundtrack"",""khinsider_album_url"":""https://downloads.khinsider.com/game-soundtracks/album/super-smash-bros.-ultimate-expanded-vol.-09-pok-mon-switch-gamerip-2018"",""khinsider_album_title"":""Super Smash Bros. Ultimate Vol. 09 - Pokémon (super-smash-bros.-ultimate-expanded-vol.-09-pok-mon-switch-gamerip-2018)"",""khinsider_album_kind"":""official_or_gamerip"",""khinsider_album_match_score"":100.0,""relevance_score_100"":100.0,""popularity_score_100"":61.906282507404626,""score_100"":84.76251300296185,""popularity_basis"":""BeatHit master-list game rank plus track position proxy""}"
455,Battle! (Gladion) [Pokémon Sun & Pokémon Moon],Unknown credited artist,[],Super Smash Bros. Ultimate Enhanced Original Soundtrack (super-smash-bros.-ultimate-enhanced-original-soundtrack),,,"[""video game soundtrack""]","[""und""]",,,,Super Smash Bros. Ultimate,,,khinsider_track_prominence_proxy,61.696282507404625,score_0_100,,,,84.67851300296185,,,,https://downloads.khinsider.com/game-soundtracks/album/super-smash-bros.-ultimate-enhanced-original-soundtrack,2026-10-05,Track title is taken from KHInsider's soundtrack/gamerip album index. Popularity is an explicitly labelled proxy based on BeatHit game rank and track prominence.,"{""culture_category"":""video_game_music"",""video_game"":""Super Smash Bros. Ultimate"",""game_rank"":41,""game_association_kind"":""khinsider_game_soundtrack"",""khinsider_album_url"":""https://downloads.khinsider.com/game-soundtracks/album/super-smash-bros.-ultimate-enhanced-original-soundtrack"",""khinsider_album_title"":""Super Smash Bros. Ultimate Enhanced Original Soundtrack (super-smash-bros.-ultimate-enhanced-original-soundtrack)"",""khinsider_album_kind"":""official_or_gamerip"",""khinsider_album_match_score"":100.0,""relevance_score_100"":100.0,""popularity_score_100"":61.696282507404625,""score_100"":84.67851300296185,""popularity_basis"":""BeatHit master-list game rank plus track position proxy""}"
456,Results Screen - Super Smash Bros. for 3DS  -  Wii U,Unknown credited artist,[],Super Smash Bros. Ultimate Vol. 01 - Super Smash Bros. (super-smash-bros.-ultimate-expanded-vol.-01-super-smash-bros.-switch-gamerip-2018),,,"[""video game soundtrack""]","[""und""]",,,,Super Smash Bros. Ultimate,,,khinsider_track_prominence_proxy,61.696282507404625,score_0_100,,,,84.67851300296185,,,,https://downloads.khinsider.com/game-soundtracks/album/super-smash-bros.-ultimate-expanded-vol.-01-super-smash-bros.-switch-gamerip-2018,2026-10-05,Track title is taken from KHInsider's soundtrack/gamerip album index. Popularity is an explicitly labelled proxy based on BeatHit game rank and track prominence.,"{""culture_category"":""video_game_music"",""video_game"":""Super Smash Bros. Ultimate"",""game_rank"":41,""game_association_kind"":""khinsider_game_soundtrack"",""khinsider_album_url"":""https://downloads.khinsider.com/game-soundtracks/album/super-smash-bros.-ultimate-expanded-vol.-01-super-smash-bros.-switch-gamerip-2018"",""khinsider_album_title"":""Super Smash Bros. Ultimate Vol. 01 - Super Smash Bros. (super-smash-bros.-ultimate-expanded-vol.-01-super-smash-bros.-switch-gamerip-2018)"",""khinsider_album_kind"":""official_or_gamerip"",""khinsider_album_match_score"":100.0,""relevance_score_100"":100.0,""popularity_score_100"":61.696282507404625,""score_100"":84.67851300296185,""popularity_basis"":""BeatHit master-list game rank plus track position proxy""}"
457,Ground Theme - New Super Mario Bros. 2,Unknown credited artist,[],Super Smash Bros. Ultimate Vol. 02 - Super Mario (super-smash-bros.-ultimate-expanded-vol.-02-super-mario-switch-gamerip-2018),,,"[""video game soundtrack""]","[""und""]",,,,Super Smash Bros. Ultimate,,,khinsider_track_prominence_proxy,61.696282507404625,score_0_100,,,,84.67851300296185,,,,https://downloads.khinsider.com/game-soundtracks/album/super-smash-bros.-ultimate-expanded-vol.-02-super-mario-switch-gamerip-2018,2026-10-05,Track title is taken from KHInsider's soundtrack/gamerip album index. Popularity is an explicitly labelled proxy based on BeatHit game rank and track prominence.,"{""culture_category"":""video_game_music"",""video_game"":""Super Smash Bros. Ultimate"",""game_rank"":41,""game_association_kind"":""khinsider_game_soundtrack"",""khinsider_album_url"":""https://downloads.khinsider.com/game-soundtracks/album/super-smash-bros.-ultimate-expanded-vol.-02-super-mario-switch-gamerip-2018"",""khinsider_album_title"":""Super Smash Bros. Ultimate Vol. 02 - Super Mario (super-smash-bros.-ultimate-expanded-vol.-02-super-mario-switch-gamerip-2018)"",""khinsider_album_kind"":""official_or_gamerip"",""khinsider_album_match_score"":100.0,""relevance_score_100"":100.0,""popularity_score_100"":61.696282507404625,""score_100"":84.67851300296185,""popularity_basis"":""BeatHit master-list game rank plus track position proxy""}"
458,Crocodile Cacophony [Original],Unknown credited artist,[],Super Smash Bros. Ultimate Vol. 03 - Donkey Kong (super-smash-bros.-ultimate-expanded-vol.-03-donkey-kong-switch-gamerip-2018),,,"[""video game soundtrack""]","[""und""]",,,,Super Smash Bros. Ultimate,,,khinsider_track_prominence_proxy,61.696282507404625,score_0_100,,,,84.67851300296185,,,,https://downloads.khinsider.com/game-soundtracks/album/super-smash-bros.-ultimate-expanded-vol.-03-donkey-kong-switch-gamerip-2018,2026-10-05,Track title is taken from KHInsider's soundtrack/gamerip album index. Popularity is an explicitly labelled proxy based on BeatHit game rank and track prominence.,"{""culture_category"":""video_game_music"",""video_game"":""Super Smash Bros. Ultimate"",""game_rank"":41,""game_association_kind"":""khinsider_game_soundtrack"",""khinsider_album_url"":""https://downloads.khinsider.com/game-soundtracks/album/super-smash-bros.-ultimate-expanded-vol.-03-donkey-kong-switch-gamerip-2018"",""khinsider_album_title"":""Super Smash Bros. Ultimate Vol. 03 - Donkey Kong (super-smash-bros.-ultimate-expanded-vol.-03-donkey-kong-switch-gamerip-2018)"",""khinsider_album_kind"":""official_or_gamerip"",""khinsider_album_match_score"":100.0,""relevance_score_100"":100.0,""popularity_score_100"":61.696282507404625,""score_100"":84.67851300296185,""popularity_basis"":""BeatHit master-list game rank plus track position proxy""}"
459,The Legend of Zelda Victory Theme (Ultimate),Unknown credited artist,[],Super Smash Bros. Ultimate Vol. 04 - The Legend of Zelda (super-smash-bros.-ultimate-expanded-vol.-04-the-legend-of-zelda-switch-gamerip-2018),,,"[""video game soundtrack""]","[""und""]",,,,Super Smash Bros. Ultimate,,,khinsider_track_prominence_proxy,61.696282507404625,score_0_100,,,,84.67851300296185,,,,https://downloads.khinsider.com/game-soundtracks/album/super-smash-bros.-ultimate-expanded-vol.-04-the-legend-of-zelda-switch-gamerip-2018,2026-10-05,Track title is taken from KHInsider's soundtrack/gamerip album index. Popularity is an explicitly labelled proxy based on BeatHit game rank and track prominence.,"{""culture_category"":""video_game_music"",""video_game"":""Super Smash Bros. Ultimate"",""game_rank"":41,""game_association_kind"":""khinsider_game_soundtrack"",""khinsider_album_url"":""https://downloads.khinsider.com/game-soundtracks/album/super-smash-bros.-ultimate-expanded-vol.-04-the-legend-of-zelda-switch-gamerip-2018"",""khinsider_album_title"":""Super Smash Bros. Ultimate Vol. 04 - The Legend of Zelda (super-smash-bros.-ultimate-expanded-vol.-04-the-legend-of-zelda-switch-gamerip-2018)"",""khinsider_album_kind"":""official_or_gamerip"",""khinsider_album_match_score"":100.0,""relevance_score_100"":100.0,""popularity_score_100"":61.696282507404625,""score_100"":84.67851300296185,""popularity_basis"":""BeatHit master-list game rank plus track position proxy""}"
460,Staff Credits - Kirby Super Star [Original],Unknown credited artist,[],Super Smash Bros. Ultimate Vol. 07 - Kirby (super-smash-bros.-ultimate-expanded-vol.-07-kirby-switch-gamerip-2018),,,"[""video game soundtrack""]","[""und""]",,,,Super Smash Bros. Ultimate,,,khinsider_track_prominence_proxy,61.696282507404625,score_0_100,,,,84.67851300296185,,,,https://downloads.khinsider.com/game-soundtracks/album/super-smash-bros.-ultimate-expanded-vol.-07-kirby-switch-gamerip-2018,2026-10-05,Track title is taken from KHInsider's soundtrack/gamerip album index. Popularity is an explicitly labelled proxy based on BeatHit game rank and track prominence.,"{""culture_category"":""video_game_music"",""video_game"":""Super Smash Bros. Ultimate"",""game_rank"":41,""game_association_kind"":""khinsider_game_soundtrack"",""khinsider_album_url"":""https://downloads.khinsider.com/game-soundtracks/album/super-smash-bros.-ultimate-expanded-vol.-07-kirby-switch-gamerip-2018"",""khinsider_album_title"":""Super Smash Bros. Ultimate Vol. 07 - Kirby (super-smash-bros.-ultimate-expanded-vol.-07-kirby-switch-gamerip-2018)"",""khinsider_album_kind"":""official_or_gamerip"",""khinsider_album_match_score"":100.0,""relevance_score_100"":100.0,""popularity_score_100"":61.696282507404625,""score_100"":84.67851300296185,""popularity_basis"":""BeatHit master-list game rank plus track position proxy""}"
461,Battle! (Champion) - Pokémon Gold  -  Pokémon Silver [Original],Unknown credited artist,[],Super Smash Bros. Ultimate Vol. 09 - Pokémon (super-smash-bros.-ultimate-expanded-vol.-09-pok-mon-switch-gamerip-2018),,,"[""video game soundtrack""]","[""und""]",,,,Super Smash Bros. Ultimate,,,khinsider_track_prominence_proxy,61.696282507404625,score_0_100,,,,84.67851300296185,,,,https://downloads.khinsider.com/game-soundtracks/album/super-smash-bros.-ultimate-expanded-vol.-09-pok-mon-switch-gamerip-2018,2026-10-05,Track title is taken from KHInsider's soundtrack/gamerip album index. Popularity is an explicitly labelled proxy based on BeatHit game rank and track prominence.,"{""culture_category"":""video_game_music"",""video_game"":""Super Smash Bros. Ultimate"",""game_rank"":41,""game_association_kind"":""khinsider_game_soundtrack"",""khinsider_album_url"":""https://downloads.khinsider.com/game-soundtracks/album/super-smash-bros.-ultimate-expanded-vol.-09-pok-mon-switch-gamerip-2018"",""khinsider_album_title"":""Super Smash Bros. Ultimate Vol. 09 - Pokémon (super-smash-bros.-ultimate-expanded-vol.-09-pok-mon-switch-gamerip-2018)"",""khinsider_album_kind"":""official_or_gamerip"",""khinsider_album_match_score"":100.0,""relevance_score_100"":100.0,""popularity_score_100"":61.696282507404625,""score_100"":84.67851300296185,""popularity_basis"":""BeatHit master-list game rank plus track position proxy""}"
462,Battle! (Elite Four)  Battle! (SolgaleoLunala) [Pokémon Sun & Pokémon Moon],Unknown credited artist,[],Super Smash Bros. Ultimate Enhanced Original Soundtrack (super-smash-bros.-ultimate-enhanced-original-soundtrack),,,"[""video game soundtrack""]","[""und""]",,,,Super Smash Bros. Ultimate,,,khinsider_track_prominence_proxy,61.486282507404624,score_0_100,,,,84.59451300296185,,,,https://downloads.khinsider.com/game-soundtracks/album/super-smash-bros.-ultimate-enhanced-original-soundtrack,2026-10-05,Track title is taken from KHInsider's soundtrack/gamerip album index. Popularity is an explicitly labelled proxy based on BeatHit game rank and track prominence.,"{""culture_category"":""video_game_music"",""video_game"":""Super Smash Bros. Ultimate"",""game_rank"":41,""game_association_kind"":""khinsider_game_soundtrack"",""khinsider_album_url"":""https://downloads.khinsider.com/game-soundtracks/album/super-smash-bros.-ultimate-enhanced-original-soundtrack"",""khinsider_album_title"":""Super Smash Bros. Ultimate Enhanced Original Soundtrack (super-smash-bros.-ultimate-enhanced-original-soundtrack)"",""khinsider_album_kind"":""official_or_gamerip"",""khinsider_album_match_score"":100.0,""relevance_score_100"":100.0,""popularity_score_100"":61.486282507404624,""score_100"":84.59451300296185,""popularity_basis"":""BeatHit master-list game rank plus track position proxy""}"
463,Battlefield - Super Smash Bros. Melee,Unknown credited artist,[],Super Smash Bros. Ultimate Vol. 01 - Super Smash Bros. (super-smash-bros.-ultimate-expanded-vol.-01-super-smash-bros.-switch-gamerip-2018),,,"[""video game soundtrack""]","[""und""]",,,,Super Smash Bros. Ultimate,,,khinsider_track_prominence_proxy,61.486282507404624,score_0_100,,,,84.59451300296185,,,,https://downloads.khinsider.com/game-soundtracks/album/super-smash-bros.-ultimate-expanded-vol.-01-super-smash-bros.-switch-gamerip-2018,2026-10-05,Track title is taken from KHInsider's soundtrack/gamerip album index. Popularity is an explicitly labelled proxy based on BeatHit game rank and track prominence.,"{""culture_category"":""video_game_music"",""video_game"":""Super Smash Bros. Ultimate"",""game_rank"":41,""game_association_kind"":""khinsider_game_soundtrack"",""khinsider_album_url"":""https://downloads.khinsider.com/game-soundtracks/album/super-smash-bros.-ultimate-expanded-vol.-01-super-smash-bros.-switch-gamerip-2018"",""khinsider_album_title"":""Super Smash Bros. Ultimate Vol. 01 - Super Smash Bros. (super-smash-bros.-ultimate-expanded-vol.-01-super-smash-bros.-switch-gamerip-2018)"",""khinsider_album_kind"":""official_or_gamerip"",""khinsider_album_match_score"":100.0,""relevance_score_100"":100.0,""popularity_score_100"":61.486282507404624,""score_100"":84.59451300296185,""popularity_basis"":""BeatHit master-list game rank plus track position proxy""}"
464,Ground Theme - New Super Mario Bros. U,Unknown credited artist,[],Super Smash Bros. Ultimate Vol. 02 - Super Mario (super-smash-bros.-ultimate-expanded-vol.-02-super-mario-switch-gamerip-2018),,,"[""video game soundtrack""]","[""und""]",,,,Super Smash Bros. Ultimate,,,khinsider_track_prominence_proxy,61.486282507404624,score_0_100,,,,84.59451300296185,,,,https://downloads.khinsider.com/game-soundtracks/album/super-smash-bros.-ultimate-expanded-vol.-02-super-mario-switch-gamerip-2018,2026-10-05,Track title is taken from KHInsider's soundtrack/gamerip album index. Popularity is an explicitly labelled proxy based on BeatHit game rank and track prominence.,"{""culture_category"":""video_game_music"",""video_game"":""Super Smash Bros. Ultimate"",""game_rank"":41,""game_association_kind"":""khinsider_game_soundtrack"",""khinsider_album_url"":""https://downloads.khinsider.com/game-soundtracks/album/super-smash-bros.-ultimate-expanded-vol.-02-super-mario-switch-gamerip-2018"",""khinsider_album_title"":""Super Smash Bros. Ultimate Vol. 02 - Super Mario (super-smash-bros.-ultimate-expanded-vol.-02-super-mario-switch-gamerip-2018)"",""khinsider_album_kind"":""official_or_gamerip"",""khinsider_album_match_score"":100.0,""relevance_score_100"":100.0,""popularity_score_100"":61.486282507404624,""score_100"":84.59451300296185,""popularity_basis"":""BeatHit master-list game rank plus track position proxy""}"
465,DK Rap [Original],Unknown credited artist,[],Super Smash Bros. Ultimate Vol. 03 - Donkey Kong (super-smash-bros.-ultimate-expanded-vol.-03-donkey-kong-switch-gamerip-2018),,,"[""video game soundtrack""]","[""und""]",,,,Super Smash Bros. Ultimate,,,khinsider_track_prominence_proxy,61.486282507404624,score_0_100,,,,84.59451300296185,,,,https://downloads.khinsider.com/game-soundtracks/album/super-smash-bros.-ultimate-expanded-vol.-03-donkey-kong-switch-gamerip-2018,2026-10-05,Track title is taken from KHInsider's soundtrack/gamerip album index. Popularity is an explicitly labelled proxy based on BeatHit game rank and track prominence.,"{""culture_category"":""video_game_music"",""video_game"":""Super Smash Bros. Ultimate"",""game_rank"":41,""game_association_kind"":""khinsider_game_soundtrack"",""khinsider_album_url"":""https://downloads.khinsider.com/game-soundtracks/album/super-smash-bros.-ultimate-expanded-vol.-03-donkey-kong-switch-gamerip-2018"",""khinsider_album_title"":""Super Smash Bros. Ultimate Vol. 03 - Donkey Kong (super-smash-bros.-ultimate-expanded-vol.-03-donkey-kong-switch-gamerip-2018)"",""khinsider_album_kind"":""official_or_gamerip"",""khinsider_album_match_score"":100.0,""relevance_score_100"":100.0,""popularity_score_100"":61.486282507404624,""score_100"":84.59451300296185,""popularity_basis"":""BeatHit master-list game rank plus track position proxy""}"
466,Title Theme - The Legend of Zelda [Original],Unknown credited artist,[],Super Smash Bros. Ultimate Vol. 04 - The Legend of Zelda (super-smash-bros.-ultimate-expanded-vol.-04-the-legend-of-zelda-switch-gamerip-2018),,,"[""video game soundtrack""]","[""und""]",,,,Super Smash Bros. Ultimate,,,khinsider_track_prominence_proxy,61.486282507404624,score_0_100,,,,84.59451300296185,,,,https://downloads.khinsider.com/game-soundtracks/album/super-smash-bros.-ultimate-expanded-vol.-04-the-legend-of-zelda-switch-gamerip-2018,2026-10-05,Track title is taken from KHInsider's soundtrack/gamerip album index. Popularity is an explicitly labelled proxy based on BeatHit game rank and track prominence.,"{""culture_category"":""video_game_music"",""video_game"":""Super Smash Bros. Ultimate"",""game_rank"":41,""game_association_kind"":""khinsider_game_soundtrack"",""khinsider_album_url"":""https://downloads.khinsider.com/game-soundtracks/album/super-smash-bros.-ultimate-expanded-vol.-04-the-legend-of-zelda-switch-gamerip-2018"",""khinsider_album_title"":""Super Smash Bros. Ultimate Vol. 04 - The Legend of Zelda (super-smash-bros.-ultimate-expanded-vol.-04-the-legend-of-zelda-switch-gamerip-2018)"",""khinsider_album_kind"":""official_or_gamerip"",""khinsider_album_match_score"":100.0,""relevance_score_100"":100.0,""popularity_score_100"":61.486282507404624,""score_100"":84.59451300296185,""popularity_basis"":""BeatHit master-list game rank plus track position proxy""}"
467,Boss Theme - Kirby's Adventure [Original],Unknown credited artist,[],Super Smash Bros. Ultimate Vol. 07 - Kirby (super-smash-bros.-ultimate-expanded-vol.-07-kirby-switch-gamerip-2018),,,"[""video game soundtrack""]","[""und""]",,,,Super Smash Bros. Ultimate,,,khinsider_track_prominence_proxy,61.486282507404624,score_0_100,,,,84.59451300296185,,,,https://downloads.khinsider.com/game-soundtracks/album/super-smash-bros.-ultimate-expanded-vol.-07-kirby-switch-gamerip-2018,2026-10-05,Track title is taken from KHInsider's soundtrack/gamerip album index. Popularity is an explicitly labelled proxy based on BeatHit game rank and track prominence.,"{""culture_category"":""video_game_music"",""video_game"":""Super Smash Bros. Ultimate"",""game_rank"":41,""game_association_kind"":""khinsider_game_soundtrack"",""khinsider_album_url"":""https://downloads.khinsider.com/game-soundtracks/album/super-smash-bros.-ultimate-expanded-vol.-07-kirby-switch-gamerip-2018"",""khinsider_album_title"":""Super Smash Bros. Ultimate Vol. 07 - Kirby (super-smash-bros.-ultimate-expanded-vol.-07-kirby-switch-gamerip-2018)"",""khinsider_album_kind"":""official_or_gamerip"",""khinsider_album_match_score"":100.0,""relevance_score_100"":100.0,""popularity_score_100"":61.486282507404624,""score_100"":84.59451300296185,""popularity_basis"":""BeatHit master-list game rank plus track position proxy""}"
468,Battle! (Wild Pokémon) - Pokémon Ruby  -  Pokémon Sapphire [Original],Unknown credited artist,[],Super Smash Bros. Ultimate Vol. 09 - Pokémon (super-smash-bros.-ultimate-expanded-vol.-09-pok-mon-switch-gamerip-2018),,,"[""video game soundtrack""]","[""und""]",,,,Super Smash Bros. Ultimate,,,khinsider_track_prominence_proxy,61.486282507404624,score_0_100,,,,84.59451300296185,,,,https://downloads.khinsider.com/game-soundtracks/album/super-smash-bros.-ultimate-expanded-vol.-09-pok-mon-switch-gamerip-2018,2026-10-05,Track title is taken from KHInsider's soundtrack/gamerip album index. Popularity is an explicitly labelled proxy based on BeatHit game rank and track prominence.,"{""culture_category"":""video_game_music"",""video_game"":""Super Smash Bros. Ultimate"",""game_rank"":41,""game_association_kind"":""khinsider_game_soundtrack"",""khinsider_album_url"":""https://downloads.khinsider.com/game-soundtracks/album/super-smash-bros.-ultimate-expanded-vol.-09-pok-mon-switch-gamerip-2018"",""khinsider_album_title"":""Super Smash Bros. Ultimate Vol. 09 - Pokémon (super-smash-bros.-ultimate-expanded-vol.-09-pok-mon-switch-gamerip-2018)"",""khinsider_album_kind"":""official_or_gamerip"",""khinsider_album_match_score"":100.0,""relevance_score_100"":100.0,""popularity_score_100"":61.486282507404624,""score_100"":84.59451300296185,""popularity_basis"":""BeatHit master-list game rank plus track position proxy""}"
469,The Battle at the Summit! [Pokémon Sun & Pokémon Moon],Unknown credited artist,[],Super Smash Bros. Ultimate Enhanced Original Soundtrack (super-smash-bros.-ultimate-enhanced-original-soundtrack),,,"[""video game soundtrack""]","[""und""]",,,,Super Smash Bros. Ultimate,,,khinsider_track_prominence_proxy,61.27628250740462,score_0_100,,,,84.51051300296186,,,,https://downloads.khinsider.com/game-soundtracks/album/super-smash-bros.-ultimate-enhanced-original-soundtrack,2026-10-05,Track title is taken from KHInsider's soundtrack/gamerip album index. Popularity is an explicitly labelled proxy based on BeatHit game rank and track prominence.,"{""culture_category"":""video_game_music"",""video_game"":""Super Smash Bros. Ultimate"",""game_rank"":41,""game_association_kind"":""khinsider_game_soundtrack"",""khinsider_album_url"":""https://downloads.khinsider.com/game-soundtracks/album/super-smash-bros.-ultimate-enhanced-original-soundtrack"",""khinsider_album_title"":""Super Smash Bros. Ultimate Enhanced Original Soundtrack (super-smash-bros.-ultimate-enhanced-original-soundtrack)"",""khinsider_album_kind"":""official_or_gamerip"",""khinsider_album_match_score"":100.0,""relevance_score_100"":100.0,""popularity_score_100"":61.27628250740462,""score_100"":84.51051300296186,""popularity_basis"":""BeatHit master-list game rank plus track position proxy""}"
470,Battlefield - Super Smash Bros. Melee (for 3DS  -  Wii U),Unknown credited artist,[],Super Smash Bros. Ultimate Vol. 01 - Super Smash Bros. (super-smash-bros.-ultimate-expanded-vol.-01-super-smash-bros.-switch-gamerip-2018),,,"[""video game soundtrack""]","[""und""]",,,,Super Smash Bros. Ultimate,,,khinsider_track_prominence_proxy,61.27628250740462,score_0_100,,,,84.51051300296186,,,,https://downloads.khinsider.com/game-soundtracks/album/super-smash-bros.-ultimate-expanded-vol.-01-super-smash-bros.-switch-gamerip-2018,2026-10-05,Track title is taken from KHInsider's soundtrack/gamerip album index. Popularity is an explicitly labelled proxy based on BeatHit game rank and track prominence.,"{""culture_category"":""video_game_music"",""video_game"":""Super Smash Bros. Ultimate"",""game_rank"":41,""game_association_kind"":""khinsider_game_soundtrack"",""khinsider_album_url"":""https://downloads.khinsider.com/game-soundtracks/album/super-smash-bros.-ultimate-expanded-vol.-01-super-smash-bros.-switch-gamerip-2018"",""khinsider_album_title"":""Super Smash Bros. Ultimate Vol. 01 - Super Smash Bros. (super-smash-bros.-ultimate-expanded-vol.-01-super-smash-bros.-switch-gamerip-2018)"",""khinsider_album_kind"":""official_or_gamerip"",""khinsider_album_match_score"":100.0,""relevance_score_100"":100.0,""popularity_score_100"":61.27628250740462,""score_100"":84.51051300296186,""popularity_basis"":""BeatHit master-list game rank plus track position proxy""}"
471,Super Bell Hill,Unknown credited artist,[],Super Smash Bros. Ultimate Vol. 02 - Super Mario (super-smash-bros.-ultimate-expanded-vol.-02-super-mario-switch-gamerip-2018),,,"[""video game soundtrack""]","[""und""]",,,,Super Smash Bros. Ultimate,,,khinsider_track_prominence_proxy,61.27628250740462,score_0_100,,,,84.51051300296186,,,,https://downloads.khinsider.com/game-soundtracks/album/super-smash-bros.-ultimate-expanded-vol.-02-super-mario-switch-gamerip-2018,2026-10-05,Track title is taken from KHInsider's soundtrack/gamerip album index. Popularity is an explicitly labelled proxy based on BeatHit game rank and track prominence.,"{""culture_category"":""video_game_music"",""video_game"":""Super Smash Bros. Ultimate"",""game_rank"":41,""game_association_kind"":""khinsider_game_soundtrack"",""khinsider_album_url"":""https://downloads.khinsider.com/game-soundtracks/album/super-smash-bros.-ultimate-expanded-vol.-02-super-mario-switch-gamerip-2018"",""khinsider_album_title"":""Super Smash Bros. Ultimate Vol. 02 - Super Mario (super-smash-bros.-ultimate-expanded-vol.-02-super-mario-switch-gamerip-2018)"",""khinsider_album_kind"":""official_or_gamerip"",""khinsider_album_match_score"":100.0,""relevance_score_100"":100.0,""popularity_score_100"":61.27628250740462,""score_100"":84.51051300296186,""popularity_basis"":""BeatHit master-list game rank plus track position proxy""}"
472,Gear Getaway [Original],Unknown credited artist,[],Super Smash Bros. Ultimate Vol. 03 - Donkey Kong (super-smash-bros.-ultimate-expanded-vol.-03-donkey-kong-switch-gamerip-2018),,,"[""video game soundtrack""]","[""und""]",,,,Super Smash Bros. Ultimate,,,khinsider_track_prominence_proxy,61.27628250740462,score_0_100,,,,84.51051300296186,,,,https://downloads.khinsider.com/game-soundtracks/album/super-smash-bros.-ultimate-expanded-vol.-03-donkey-kong-switch-gamerip-2018,2026-10-05,Track title is taken from KHInsider's soundtrack/gamerip album index. Popularity is an explicitly labelled proxy based on BeatHit game rank and track prominence.,"{""culture_category"":""video_game_music"",""video_game"":""Super Smash Bros. Ultimate"",""game_rank"":41,""game_association_kind"":""khinsider_game_soundtrack"",""khinsider_album_url"":""https://downloads.khinsider.com/game-soundtracks/album/super-smash-bros.-ultimate-expanded-vol.-03-donkey-kong-switch-gamerip-2018"",""khinsider_album_title"":""Super Smash Bros. Ultimate Vol. 03 - Donkey Kong (super-smash-bros.-ultimate-expanded-vol.-03-donkey-kong-switch-gamerip-2018)"",""khinsider_album_kind"":""official_or_gamerip"",""khinsider_album_match_score"":100.0,""relevance_score_100"":100.0,""popularity_score_100"":61.27628250740462,""score_100"":84.51051300296186,""popularity_basis"":""BeatHit master-list game rank plus track position proxy""}"
473,Death Mountain [Original],Unknown credited artist,[],Super Smash Bros. Ultimate Vol. 04 - The Legend of Zelda (super-smash-bros.-ultimate-expanded-vol.-04-the-legend-of-zelda-switch-gamerip-2018),,,"[""video game soundtrack""]","[""und""]",,,,Super Smash Bros. Ultimate,,,khinsider_track_prominence_proxy,61.27628250740462,score_0_100,,,,84.51051300296186,,,,https://downloads.khinsider.com/game-soundtracks/album/super-smash-bros.-ultimate-expanded-vol.-04-the-legend-of-zelda-switch-gamerip-2018,2026-10-05,Track title is taken from KHInsider's soundtrack/gamerip album index. Popularity is an explicitly labelled proxy based on BeatHit game rank and track prominence.,"{""culture_category"":""video_game_music"",""video_game"":""Super Smash Bros. Ultimate"",""game_rank"":41,""game_association_kind"":""khinsider_game_soundtrack"",""khinsider_album_url"":""https://downloads.khinsider.com/game-soundtracks/album/super-smash-bros.-ultimate-expanded-vol.-04-the-legend-of-zelda-switch-gamerip-2018"",""khinsider_album_title"":""Super Smash Bros. Ultimate Vol. 04 - The Legend of Zelda (super-smash-bros.-ultimate-expanded-vol.-04-the-legend-of-zelda-switch-gamerip-2018)"",""khinsider_album_kind"":""official_or_gamerip"",""khinsider_album_match_score"":100.0,""relevance_score_100"":100.0,""popularity_score_100"":61.27628250740462,""score_100"":84.51051300296186,""popularity_basis"":""BeatHit master-list game rank plus track position proxy""}"
474,Boss Theme - Kirby Super Star [Original],Unknown credited artist,[],Super Smash Bros. Ultimate Vol. 07 - Kirby (super-smash-bros.-ultimate-expanded-vol.-07-kirby-switch-gamerip-2018),,,"[""video game soundtrack""]","[""und""]",,,,Super Smash Bros. Ultimate,,,khinsider_track_prominence_proxy,61.27628250740462,score_0_100,,,,84.51051300296186,,,,https://downloads.khinsider.com/game-soundtracks/album/super-smash-bros.-ultimate-expanded-vol.-07-kirby-switch-gamerip-2018,2026-10-05,Track title is taken from KHInsider's soundtrack/gamerip album index. Popularity is an explicitly labelled proxy based on BeatHit game rank and track prominence.,"{""culture_category"":""video_game_music"",""video_game"":""Super Smash Bros. Ultimate"",""game_rank"":41,""game_association_kind"":""khinsider_game_soundtrack"",""khinsider_album_url"":""https://downloads.khinsider.com/game-soundtracks/album/super-smash-bros.-ultimate-expanded-vol.-07-kirby-switch-gamerip-2018"",""khinsider_album_title"":""Super Smash Bros. Ultimate Vol. 07 - Kirby (super-smash-bros.-ultimate-expanded-vol.-07-kirby-switch-gamerip-2018)"",""khinsider_album_kind"":""official_or_gamerip"",""khinsider_album_match_score"":100.0,""relevance_score_100"":100.0,""popularity_score_100"":61.27628250740462,""score_100"":84.51051300296186,""popularity_basis"":""BeatHit master-list game rank plus track position proxy""}"
475,Victory Road - Pokémon Ruby  -  Pokémon Sapphire [Original],Unknown credited artist,[],Super Smash Bros. Ultimate Vol. 09 - Pokémon (super-smash-bros.-ultimate-expanded-vol.-09-pok-mon-switch-gamerip-2018),,,"[""video game soundtrack""]","[""und""]",,,,Super Smash Bros. Ultimate,,,khinsider_track_prominence_proxy,61.27628250740462,score_0_100,,,,84.51051300296186,,,,https://downloads.khinsider.com/game-soundtracks/album/super-smash-bros.-ultimate-expanded-vol.-09-pok-mon-switch-gamerip-2018,2026-10-05,Track title is taken from KHInsider's soundtrack/gamerip album index. Popularity is an explicitly labelled proxy based on BeatHit game rank and track prominence.,"{""culture_category"":""video_game_music"",""video_game"":""Super Smash Bros. Ultimate"",""game_rank"":41,""game_association_kind"":""khinsider_game_soundtrack"",""khinsider_album_url"":""https://downloads.khinsider.com/game-soundtracks/album/super-smash-bros.-ultimate-expanded-vol.-09-pok-mon-switch-gamerip-2018"",""khinsider_album_title"":""Super Smash Bros. Ultimate Vol. 09 - Pokémon (super-smash-bros.-ultimate-expanded-vol.-09-pok-mon-switch-gamerip-2018)"",""khinsider_album_kind"":""official_or_gamerip"",""khinsider_album_match_score"":100.0,""relevance_score_100"":100.0,""popularity_score_100"":61.27628250740462,""score_100"":84.51051300296186,""popularity_basis"":""BeatHit master-list game rank plus track position proxy""}"
476,Victory! [Pokémon],Unknown credited artist,[],Super Smash Bros. Ultimate Enhanced Original Soundtrack (super-smash-bros.-ultimate-enhanced-original-soundtrack),,,"[""video game soundtrack""]","[""und""]",,,,Super Smash Bros. Ultimate,,,khinsider_track_prominence_proxy,61.06628250740462,score_0_100,,,,84.42651300296185,,,,https://downloads.khinsider.com/game-soundtracks/album/super-smash-bros.-ultimate-enhanced-original-soundtrack,2026-10-05,Track title is taken from KHInsider's soundtrack/gamerip album index. Popularity is an explicitly labelled proxy based on BeatHit game rank and track prominence.,"{""culture_category"":""video_game_music"",""video_game"":""Super Smash Bros. Ultimate"",""game_rank"":41,""game_association_kind"":""khinsider_game_soundtrack"",""khinsider_album_url"":""https://downloads.khinsider.com/game-soundtracks/album/super-smash-bros.-ultimate-enhanced-original-soundtrack"",""khinsider_album_title"":""Super Smash Bros. Ultimate Enhanced Original Soundtrack (super-smash-bros.-ultimate-enhanced-original-soundtrack)"",""khinsider_album_kind"":""official_or_gamerip"",""khinsider_album_match_score"":100.0,""relevance_score_100"":100.0,""popularity_score_100"":61.06628250740462,""score_100"":84.42651300296185,""popularity_basis"":""BeatHit master-list game rank plus track position proxy""}"
477,Battlefield - Super Smash Bros. Brawl,Unknown credited artist,[],Super Smash Bros. Ultimate Vol. 01 - Super Smash Bros. (super-smash-bros.-ultimate-expanded-vol.-01-super-smash-bros.-switch-gamerip-2018),,,"[""video game soundtrack""]","[""und""]",,,,Super Smash Bros. Ultimate,,,khinsider_track_prominence_proxy,61.06628250740462,score_0_100,,,,84.42651300296185,,,,https://downloads.khinsider.com/game-soundtracks/album/super-smash-bros.-ultimate-expanded-vol.-01-super-smash-bros.-switch-gamerip-2018,2026-10-05,Track title is taken from KHInsider's soundtrack/gamerip album index. Popularity is an explicitly labelled proxy based on BeatHit game rank and track prominence.,"{""culture_category"":""video_game_music"",""video_game"":""Super Smash Bros. Ultimate"",""game_rank"":41,""game_association_kind"":""khinsider_game_soundtrack"",""khinsider_album_url"":""https://downloads.khinsider.com/game-soundtracks/album/super-smash-bros.-ultimate-expanded-vol.-01-super-smash-bros.-switch-gamerip-2018"",""khinsider_album_title"":""Super Smash Bros. Ultimate Vol. 01 - Super Smash Bros. (super-smash-bros.-ultimate-expanded-vol.-01-super-smash-bros.-switch-gamerip-2018)"",""khinsider_album_kind"":""official_or_gamerip"",""khinsider_album_match_score"":100.0,""relevance_score_100"":100.0,""popularity_score_100"":61.06628250740462,""score_100"":84.42651300296185,""popularity_basis"":""BeatHit master-list game rank plus track position proxy""}"
478,The Great Tower Showdown 2,Unknown credited artist,[],Super Smash Bros. Ultimate Vol. 02 - Super Mario (super-smash-bros.-ultimate-expanded-vol.-02-super-mario-switch-gamerip-2018),,,"[""video game soundtrack""]","[""und""]",,,,Super Smash Bros. Ultimate,,,khinsider_track_prominence_proxy,61.06628250740462,score_0_100,,,,84.42651300296185,,,,https://downloads.khinsider.com/game-soundtracks/album/super-smash-bros.-ultimate-expanded-vol.-02-super-mario-switch-gamerip-2018,2026-10-05,Track title is taken from KHInsider's soundtrack/gamerip album index. Popularity is an explicitly labelled proxy based on BeatHit game rank and track prominence.,"{""culture_category"":""video_game_music"",""video_game"":""Super Smash Bros. Ultimate"",""game_rank"":41,""game_association_kind"":""khinsider_game_soundtrack"",""khinsider_album_url"":""https://downloads.khinsider.com/game-soundtracks/album/super-smash-bros.-ultimate-expanded-vol.-02-super-mario-switch-gamerip-2018"",""khinsider_album_title"":""Super Smash Bros. Ultimate Vol. 02 - Super Mario (super-smash-bros.-ultimate-expanded-vol.-02-super-mario-switch-gamerip-2018)"",""khinsider_album_kind"":""official_or_gamerip"",""khinsider_album_match_score"":100.0,""relevance_score_100"":100.0,""popularity_score_100"":61.06628250740462,""score_100"":84.42651300296185,""popularity_basis"":""BeatHit master-list game rank plus track position proxy""}"
479,Temple Theme [Original],Unknown credited artist,[],Super Smash Bros. Ultimate Vol. 04 - The Legend of Zelda (super-smash-bros.-ultimate-expanded-vol.-04-the-legend-of-zelda-switch-gamerip-2018),,,"[""video game soundtrack""]","[""und""]",,,,Super Smash Bros. Ultimate,,,khinsider_track_prominence_proxy,61.06628250740462,score_0_100,,,,84.42651300296185,,,,https://downloads.khinsider.com/game-soundtracks/album/super-smash-bros.-ultimate-expanded-vol.-04-the-legend-of-zelda-switch-gamerip-2018,2026-10-05,Track title is taken from KHInsider's soundtrack/gamerip album index. Popularity is an explicitly labelled proxy based on BeatHit game rank and track prominence.,"{""culture_category"":""video_game_music"",""video_game"":""Super Smash Bros. Ultimate"",""game_rank"":41,""game_association_kind"":""khinsider_game_soundtrack"",""khinsider_album_url"":""https://downloads.khinsider.com/game-soundtracks/album/super-smash-bros.-ultimate-expanded-vol.-04-the-legend-of-zelda-switch-gamerip-2018"",""khinsider_album_title"":""Super Smash Bros. Ultimate Vol. 04 - The Legend of Zelda (super-smash-bros.-ultimate-expanded-vol.-04-the-legend-of-zelda-switch-gamerip-2018)"",""khinsider_album_kind"":""official_or_gamerip"",""khinsider_album_match_score"":100.0,""relevance_score_100"":100.0,""popularity_score_100"":61.06628250740462,""score_100"":84.42651300296185,""popularity_basis"":""BeatHit master-list game rank plus track position proxy""}"
480,Boss Theme - Kirby 64 - The Crystal Shards [Original],Unknown credited artist,[],Super Smash Bros. Ultimate Vol. 07 - Kirby (super-smash-bros.-ultimate-expanded-vol.-07-kirby-switch-gamerip-2018),,,"[""video game soundtrack""]","[""und""]",,,,Super Smash Bros. Ultimate,,,khinsider_track_prominence_proxy,61.06628250740462,score_0_100,,,,84.42651300296185,,,,https://downloads.khinsider.com/game-soundtracks/album/super-smash-bros.-ultimate-expanded-vol.-07-kirby-switch-gamerip-2018,2026-10-05,Track title is taken from KHInsider's soundtrack/gamerip album index. Popularity is an explicitly labelled proxy based on BeatHit game rank and track prominence.,"{""culture_category"":""video_game_music"",""video_game"":""Super Smash Bros. Ultimate"",""game_rank"":41,""game_association_kind"":""khinsider_game_soundtrack"",""khinsider_album_url"":""https://downloads.khinsider.com/game-soundtracks/album/super-smash-bros.-ultimate-expanded-vol.-07-kirby-switch-gamerip-2018"",""khinsider_album_title"":""Super Smash Bros. Ultimate Vol. 07 - Kirby (super-smash-bros.-ultimate-expanded-vol.-07-kirby-switch-gamerip-2018)"",""khinsider_album_kind"":""official_or_gamerip"",""khinsider_album_match_score"":100.0,""relevance_score_100"":100.0,""popularity_score_100"":61.06628250740462,""score_100"":84.42651300296185,""popularity_basis"":""BeatHit master-list game rank plus track position proxy""}"
481,Battle! (Wild Pokémon) - Pokémon Diamond  -  Pokémon Pearl [Original],Unknown credited artist,[],Super Smash Bros. Ultimate Vol. 09 - Pokémon (super-smash-bros.-ultimate-expanded-vol.-09-pok-mon-switch-gamerip-2018),,,"[""video game soundtrack""]","[""und""]",,,,Super Smash Bros. Ultimate,,,khinsider_track_prominence_proxy,61.06628250740462,score_0_100,,,,84.42651300296185,,,,https://downloads.khinsider.com/game-soundtracks/album/super-smash-bros.-ultimate-expanded-vol.-09-pok-mon-switch-gamerip-2018,2026-10-05,Track title is taken from KHInsider's soundtrack/gamerip album index. Popularity is an explicitly labelled proxy based on BeatHit game rank and track prominence.,"{""culture_category"":""video_game_music"",""video_game"":""Super Smash Bros. Ultimate"",""game_rank"":41,""game_association_kind"":""khinsider_game_soundtrack"",""khinsider_album_url"":""https://downloads.khinsider.com/game-soundtracks/album/super-smash-bros.-ultimate-expanded-vol.-09-pok-mon-switch-gamerip-2018"",""khinsider_album_title"":""Super Smash Bros. Ultimate Vol. 09 - Pokémon (super-smash-bros.-ultimate-expanded-vol.-09-pok-mon-switch-gamerip-2018)"",""khinsider_album_kind"":""official_or_gamerip"",""khinsider_album_match_score"":100.0,""relevance_score_100"":100.0,""popularity_score_100"":61.06628250740462,""score_100"":84.42651300296185,""popularity_basis"":""BeatHit master-list game rank plus track position proxy""}"
482,Big Blue [F-Zero],Unknown credited artist,[],Super Smash Bros. Ultimate Enhanced Original Soundtrack (super-smash-bros.-ultimate-enhanced-original-soundtrack),,,"[""video game soundtrack""]","[""und""]",,,,Super Smash Bros. Ultimate,,,khinsider_track_prominence_proxy,60.85628250740462,score_0_100,,,,84.34251300296185,,,,https://downloads.khinsider.com/game-soundtracks/album/super-smash-bros.-ultimate-enhanced-original-soundtrack,2026-10-05,Track title is taken from KHInsider's soundtrack/gamerip album index. Popularity is an explicitly labelled proxy based on BeatHit game rank and track prominence.,"{""culture_category"":""video_game_music"",""video_game"":""Super Smash Bros. Ultimate"",""game_rank"":41,""game_association_kind"":""khinsider_game_soundtrack"",""khinsider_album_url"":""https://downloads.khinsider.com/game-soundtracks/album/super-smash-bros.-ultimate-enhanced-original-soundtrack"",""khinsider_album_title"":""Super Smash Bros. Ultimate Enhanced Original Soundtrack (super-smash-bros.-ultimate-enhanced-original-soundtrack)"",""khinsider_album_kind"":""official_or_gamerip"",""khinsider_album_match_score"":100.0,""relevance_score_100"":100.0,""popularity_score_100"":60.85628250740462,""score_100"":84.34251300296185,""popularity_basis"":""BeatHit master-list game rank plus track position proxy""}"
483,Battlefield Ver. 2 - Super Smash Bros. Brawl,Unknown credited artist,[],Super Smash Bros. Ultimate Vol. 01 - Super Smash Bros. (super-smash-bros.-ultimate-expanded-vol.-01-super-smash-bros.-switch-gamerip-2018),,,"[""video game soundtrack""]","[""und""]",,,,Super Smash Bros. Ultimate,,,khinsider_track_prominence_proxy,60.85628250740462,score_0_100,,,,84.34251300296185,,,,https://downloads.khinsider.com/game-soundtracks/album/super-smash-bros.-ultimate-expanded-vol.-01-super-smash-bros.-switch-gamerip-2018,2026-10-05,Track title is taken from KHInsider's soundtrack/gamerip album index. Popularity is an explicitly labelled proxy based on BeatHit game rank and track prominence.,"{""culture_category"":""video_game_music"",""video_game"":""Super Smash Bros. Ultimate"",""game_rank"":41,""game_association_kind"":""khinsider_game_soundtrack"",""khinsider_album_url"":""https://downloads.khinsider.com/game-soundtracks/album/super-smash-bros.-ultimate-expanded-vol.-01-super-smash-bros.-switch-gamerip-2018"",""khinsider_album_title"":""Super Smash Bros. Ultimate Vol. 01 - Super Smash Bros. (super-smash-bros.-ultimate-expanded-vol.-01-super-smash-bros.-switch-gamerip-2018)"",""khinsider_album_kind"":""official_or_gamerip"",""khinsider_album_match_score"":100.0,""relevance_score_100"":100.0,""popularity_score_100"":60.85628250740462,""score_100"":84.34251300296185,""popularity_basis"":""BeatHit master-list game rank plus track position proxy""}"
484,Title Theme - Super Mario Maker,Unknown credited artist,[],Super Smash Bros. Ultimate Vol. 02 - Super Mario (super-smash-bros.-ultimate-expanded-vol.-02-super-mario-switch-gamerip-2018),,,"[""video game soundtrack""]","[""und""]",,,,Super Smash Bros. Ultimate,,,khinsider_track_prominence_proxy,60.85628250740462,score_0_100,,,,84.34251300296185,,,,https://downloads.khinsider.com/game-soundtracks/album/super-smash-bros.-ultimate-expanded-vol.-02-super-mario-switch-gamerip-2018,2026-10-05,Track title is taken from KHInsider's soundtrack/gamerip album index. Popularity is an explicitly labelled proxy based on BeatHit game rank and track prominence.,"{""culture_category"":""video_game_music"",""video_game"":""Super Smash Bros. Ultimate"",""game_rank"":41,""game_association_kind"":""khinsider_game_soundtrack"",""khinsider_album_url"":""https://downloads.khinsider.com/game-soundtracks/album/super-smash-bros.-ultimate-expanded-vol.-02-super-mario-switch-gamerip-2018"",""khinsider_album_title"":""Super Smash Bros. Ultimate Vol. 02 - Super Mario (super-smash-bros.-ultimate-expanded-vol.-02-super-mario-switch-gamerip-2018)"",""khinsider_album_kind"":""official_or_gamerip"",""khinsider_album_match_score"":100.0,""relevance_score_100"":100.0,""popularity_score_100"":60.85628250740462,""score_100"":84.34251300296185,""popularity_basis"":""BeatHit master-list game rank plus track position proxy""}"
485,Great Temple [Original],Unknown credited artist,[],Super Smash Bros. Ultimate Vol. 04 - The Legend of Zelda (super-smash-bros.-ultimate-expanded-vol.-04-the-legend-of-zelda-switch-gamerip-2018),,,"[""video game soundtrack""]","[""und""]",,,,Super Smash Bros. Ultimate,,,khinsider_track_prominence_proxy,60.85628250740462,score_0_100,,,,84.34251300296185,,,,https://downloads.khinsider.com/game-soundtracks/album/super-smash-bros.-ultimate-expanded-vol.-04-the-legend-of-zelda-switch-gamerip-2018,2026-10-05,Track title is taken from KHInsider's soundtrack/gamerip album index. Popularity is an explicitly labelled proxy based on BeatHit game rank and track prominence.,"{""culture_category"":""video_game_music"",""video_game"":""Super Smash Bros. Ultimate"",""game_rank"":41,""game_association_kind"":""khinsider_game_soundtrack"",""khinsider_album_url"":""https://downloads.khinsider.com/game-soundtracks/album/super-smash-bros.-ultimate-expanded-vol.-04-the-legend-of-zelda-switch-gamerip-2018"",""khinsider_album_title"":""Super Smash Bros. Ultimate Vol. 04 - The Legend of Zelda (super-smash-bros.-ultimate-expanded-vol.-04-the-legend-of-zelda-switch-gamerip-2018)"",""khinsider_album_kind"":""official_or_gamerip"",""khinsider_album_match_score"":100.0,""relevance_score_100"":100.0,""popularity_score_100"":60.85628250740462,""score_100"":84.34251300296185,""popularity_basis"":""BeatHit master-list game rank plus track position proxy""}"
486,Boss Theme - Kirby - Squeak Squad [Original],Unknown credited artist,[],Super Smash Bros. Ultimate Vol. 07 - Kirby (super-smash-bros.-ultimate-expanded-vol.-07-kirby-switch-gamerip-2018),,,"[""video game soundtrack""]","[""und""]",,,,Super Smash Bros. Ultimate,,,khinsider_track_prominence_proxy,60.85628250740462,score_0_100,,,,84.34251300296185,,,,https://downloads.khinsider.com/game-soundtracks/album/super-smash-bros.-ultimate-expanded-vol.-07-kirby-switch-gamerip-2018,2026-10-05,Track title is taken from KHInsider's soundtrack/gamerip album index. Popularity is an explicitly labelled proxy based on BeatHit game rank and track prominence.,"{""culture_category"":""video_game_music"",""video_game"":""Super Smash Bros. Ultimate"",""game_rank"":41,""game_association_kind"":""khinsider_game_soundtrack"",""khinsider_album_url"":""https://downloads.khinsider.com/game-soundtracks/album/super-smash-bros.-ultimate-expanded-vol.-07-kirby-switch-gamerip-2018"",""khinsider_album_title"":""Super Smash Bros. Ultimate Vol. 07 - Kirby (super-smash-bros.-ultimate-expanded-vol.-07-kirby-switch-gamerip-2018)"",""khinsider_album_kind"":""official_or_gamerip"",""khinsider_album_match_score"":100.0,""relevance_score_100"":100.0,""popularity_score_100"":60.85628250740462,""score_100"":84.34251300296185,""popularity_basis"":""BeatHit master-list game rank plus track position proxy""}"
487,Battle! (Team Galactic) [Original],Unknown credited artist,[],Super Smash Bros. Ultimate Vol. 09 - Pokémon (super-smash-bros.-ultimate-expanded-vol.-09-pok-mon-switch-gamerip-2018),,,"[""video game soundtrack""]","[""und""]",,,,Super Smash Bros. Ultimate,,,khinsider_track_prominence_proxy,60.85628250740462,score_0_100,,,,84.34251300296185,,,,https://downloads.khinsider.com/game-soundtracks/album/super-smash-bros.-ultimate-expanded-vol.-09-pok-mon-switch-gamerip-2018,2026-10-05,Track title is taken from KHInsider's soundtrack/gamerip album index. Popularity is an explicitly labelled proxy based on BeatHit game rank and track prominence.,"{""culture_category"":""video_game_music"",""video_game"":""Super Smash Bros. Ultimate"",""game_rank"":41,""game_association_kind"":""khinsider_game_soundtrack"",""khinsider_album_url"":""https://downloads.khinsider.com/game-soundtracks/album/super-smash-bros.-ultimate-expanded-vol.-09-pok-mon-switch-gamerip-2018"",""khinsider_album_title"":""Super Smash Bros. Ultimate Vol. 09 - Pokémon (super-smash-bros.-ultimate-expanded-vol.-09-pok-mon-switch-gamerip-2018)"",""khinsider_album_kind"":""official_or_gamerip"",""khinsider_album_match_score"":100.0,""relevance_score_100"":100.0,""popularity_score_100"":60.85628250740462,""score_100"":84.34251300296185,""popularity_basis"":""BeatHit master-list game rank plus track position proxy""}"
488,Sand Ocean [F-Zero],Unknown credited artist,[],Super Smash Bros. Ultimate Enhanced Original Soundtrack (super-smash-bros.-ultimate-enhanced-original-soundtrack),,,"[""video game soundtrack""]","[""und""]",,,,Super Smash Bros. Ultimate,,,khinsider_track_prominence_proxy,60.64628250740462,score_0_100,,,,84.25851300296185,,,,https://downloads.khinsider.com/game-soundtracks/album/super-smash-bros.-ultimate-enhanced-original-soundtrack,2026-10-05,Track title is taken from KHInsider's soundtrack/gamerip album index. Popularity is an explicitly labelled proxy based on BeatHit game rank and track prominence.,"{""culture_category"":""video_game_music"",""video_game"":""Super Smash Bros. Ultimate"",""game_rank"":41,""game_association_kind"":""khinsider_game_soundtrack"",""khinsider_album_url"":""https://downloads.khinsider.com/game-soundtracks/album/super-smash-bros.-ultimate-enhanced-original-soundtrack"",""khinsider_album_title"":""Super Smash Bros. Ultimate Enhanced Original Soundtrack (super-smash-bros.-ultimate-enhanced-original-soundtrack)"",""khinsider_album_kind"":""official_or_gamerip"",""khinsider_album_match_score"":100.0,""relevance_score_100"":100.0,""popularity_score_100"":60.64628250740462,""score_100"":84.25851300296185,""popularity_basis"":""BeatHit master-list game rank plus track position proxy""}"
489,Battlefield - Super Smash Bros. for 3DS  -  Wii U,Unknown credited artist,[],Super Smash Bros. Ultimate Vol. 01 - Super Smash Bros. (super-smash-bros.-ultimate-expanded-vol.-01-super-smash-bros.-switch-gamerip-2018),,,"[""video game soundtrack""]","[""und""]",,,,Super Smash Bros. Ultimate,,,khinsider_track_prominence_proxy,60.64628250740462,score_0_100,,,,84.25851300296185,,,,https://downloads.khinsider.com/game-soundtracks/album/super-smash-bros.-ultimate-expanded-vol.-01-super-smash-bros.-switch-gamerip-2018,2026-10-05,Track title is taken from KHInsider's soundtrack/gamerip album index. Popularity is an explicitly labelled proxy based on BeatHit game rank and track prominence.,"{""culture_category"":""video_game_music"",""video_game"":""Super Smash Bros. Ultimate"",""game_rank"":41,""game_association_kind"":""khinsider_game_soundtrack"",""khinsider_album_url"":""https://downloads.khinsider.com/game-soundtracks/album/super-smash-bros.-ultimate-expanded-vol.-01-super-smash-bros.-switch-gamerip-2018"",""khinsider_album_title"":""Super Smash Bros. Ultimate Vol. 01 - Super Smash Bros. (super-smash-bros.-ultimate-expanded-vol.-01-super-smash-bros.-switch-gamerip-2018)"",""khinsider_album_kind"":""official_or_gamerip"",""khinsider_album_match_score"":100.0,""relevance_score_100"":100.0,""popularity_score_100"":60.64628250740462,""score_100"":84.25851300296185,""popularity_basis"":""BeatHit master-list game rank plus track position proxy""}"
490,Fossil Falls,Unknown credited artist,[],Super Smash Bros. Ultimate Vol. 02 - Super Mario (super-smash-bros.-ultimate-expanded-vol.-02-super-mario-switch-gamerip-2018),,,"[""video game soundtrack""]","[""und""]",,,,Super Smash Bros. Ultimate,,,khinsider_track_prominence_proxy,60.64628250740462,score_0_100,,,,84.25851300296185,,,,https://downloads.khinsider.com/game-soundtracks/album/super-smash-bros.-ultimate-expanded-vol.-02-super-mario-switch-gamerip-2018,2026-10-05,Track title is taken from KHInsider's soundtrack/gamerip album index. Popularity is an explicitly labelled proxy based on BeatHit game rank and track prominence.,"{""culture_category"":""video_game_music"",""video_game"":""Super Smash Bros. Ultimate"",""game_rank"":41,""game_association_kind"":""khinsider_game_soundtrack"",""khinsider_album_url"":""https://downloads.khinsider.com/game-soundtracks/album/super-smash-bros.-ultimate-expanded-vol.-02-super-mario-switch-gamerip-2018"",""khinsider_album_title"":""Super Smash Bros. Ultimate Vol. 02 - Super Mario (super-smash-bros.-ultimate-expanded-vol.-02-super-mario-switch-gamerip-2018)"",""khinsider_album_kind"":""official_or_gamerip"",""khinsider_album_match_score"":100.0,""relevance_score_100"":100.0,""popularity_score_100"":60.64628250740462,""score_100"":84.25851300296185,""popularity_basis"":""BeatHit master-list game rank plus track position proxy""}"
491,Dark World [Original],Unknown credited artist,[],Super Smash Bros. Ultimate Vol. 04 - The Legend of Zelda (super-smash-bros.-ultimate-expanded-vol.-04-the-legend-of-zelda-switch-gamerip-2018),,,"[""video game soundtrack""]","[""und""]",,,,Super Smash Bros. Ultimate,,,khinsider_track_prominence_proxy,60.64628250740462,score_0_100,,,,84.25851300296185,,,,https://downloads.khinsider.com/game-soundtracks/album/super-smash-bros.-ultimate-expanded-vol.-04-the-legend-of-zelda-switch-gamerip-2018,2026-10-05,Track title is taken from KHInsider's soundtrack/gamerip album index. Popularity is an explicitly labelled proxy based on BeatHit game rank and track prominence.,"{""culture_category"":""video_game_music"",""video_game"":""Super Smash Bros. Ultimate"",""game_rank"":41,""game_association_kind"":""khinsider_game_soundtrack"",""khinsider_album_url"":""https://downloads.khinsider.com/game-soundtracks/album/super-smash-bros.-ultimate-expanded-vol.-04-the-legend-of-zelda-switch-gamerip-2018"",""khinsider_album_title"":""Super Smash Bros. Ultimate Vol. 04 - The Legend of Zelda (super-smash-bros.-ultimate-expanded-vol.-04-the-legend-of-zelda-switch-gamerip-2018)"",""khinsider_album_kind"":""official_or_gamerip"",""khinsider_album_match_score"":100.0,""relevance_score_100"":100.0,""popularity_score_100"":60.64628250740462,""score_100"":84.25851300296185,""popularity_basis"":""BeatHit master-list game rank plus track position proxy""}"
492,Ice Cream Island [Original],Unknown credited artist,[],Super Smash Bros. Ultimate Vol. 07 - Kirby (super-smash-bros.-ultimate-expanded-vol.-07-kirby-switch-gamerip-2018),,,"[""video game soundtrack""]","[""und""]",,,,Super Smash Bros. Ultimate,,,khinsider_track_prominence_proxy,60.64628250740462,score_0_100,,,,84.25851300296185,,,,https://downloads.khinsider.com/game-soundtracks/album/super-smash-bros.-ultimate-expanded-vol.-07-kirby-switch-gamerip-2018,2026-10-05,Track title is taken from KHInsider's soundtrack/gamerip album index. Popularity is an explicitly labelled proxy based on BeatHit game rank and track prominence.,"{""culture_category"":""video_game_music"",""video_game"":""Super Smash Bros. Ultimate"",""game_rank"":41,""game_association_kind"":""khinsider_game_soundtrack"",""khinsider_album_url"":""https://downloads.khinsider.com/game-soundtracks/album/super-smash-bros.-ultimate-expanded-vol.-07-kirby-switch-gamerip-2018"",""khinsider_album_title"":""Super Smash Bros. Ultimate Vol. 07 - Kirby (super-smash-bros.-ultimate-expanded-vol.-07-kirby-switch-gamerip-2018)"",""khinsider_album_kind"":""official_or_gamerip"",""khinsider_album_match_score"":100.0,""relevance_score_100"":100.0,""popularity_score_100"":60.64628250740462,""score_100"":84.25851300296185,""popularity_basis"":""BeatHit master-list game rank plus track position proxy""}"
493,Route 209 - Pokémon Diamond  -  Pokémon Pearl [Original],Unknown credited artist,[],Super Smash Bros. Ultimate Vol. 09 - Pokémon (super-smash-bros.-ultimate-expanded-vol.-09-pok-mon-switch-gamerip-2018),,,"[""video game soundtrack""]","[""und""]",,,,Super Smash Bros. Ultimate,,,khinsider_track_prominence_proxy,60.64628250740462,score_0_100,,,,84.25851300296185,,,,https://downloads.khinsider.com/game-soundtracks/album/super-smash-bros.-ultimate-expanded-vol.-09-pok-mon-switch-gamerip-2018,2026-10-05,Track title is taken from KHInsider's soundtrack/gamerip album index. Popularity is an explicitly labelled proxy based on BeatHit game rank and track prominence.,"{""culture_category"":""video_game_music"",""video_game"":""Super Smash Bros. Ultimate"",""game_rank"":41,""game_association_kind"":""khinsider_game_soundtrack"",""khinsider_album_url"":""https://downloads.khinsider.com/game-soundtracks/album/super-smash-bros.-ultimate-expanded-vol.-09-pok-mon-switch-gamerip-2018"",""khinsider_album_title"":""Super Smash Bros. Ultimate Vol. 09 - Pokémon (super-smash-bros.-ultimate-expanded-vol.-09-pok-mon-switch-gamerip-2018)"",""khinsider_album_kind"":""official_or_gamerip"",""khinsider_album_match_score"":100.0,""relevance_score_100"":100.0,""popularity_score_100"":60.64628250740462,""score_100"":84.25851300296185,""popularity_basis"":""BeatHit master-list game rank plus track position proxy""}"
494,F-ZERO Medley,Unknown credited artist,[],Super Smash Bros. Ultimate Enhanced Original Soundtrack (super-smash-bros.-ultimate-enhanced-original-soundtrack),,,"[""video game soundtrack""]","[""und""]",,,,Super Smash Bros. Ultimate,,,khinsider_track_prominence_proxy,60.43628250740463,score_0_100,,,,84.17451300296185,,,,https://downloads.khinsider.com/game-soundtracks/album/super-smash-bros.-ultimate-enhanced-original-soundtrack,2026-10-05,Track title is taken from KHInsider's soundtrack/gamerip album index. Popularity is an explicitly labelled proxy based on BeatHit game rank and track prominence.,"{""culture_category"":""video_game_music"",""video_game"":""Super Smash Bros. Ultimate"",""game_rank"":41,""game_association_kind"":""khinsider_game_soundtrack"",""khinsider_album_url"":""https://downloads.khinsider.com/game-soundtracks/album/super-smash-bros.-ultimate-enhanced-original-soundtrack"",""khinsider_album_title"":""Super Smash Bros. Ultimate Enhanced Original Soundtrack (super-smash-bros.-ultimate-enhanced-original-soundtrack)"",""khinsider_album_kind"":""official_or_gamerip"",""khinsider_album_match_score"":100.0,""relevance_score_100"":100.0,""popularity_score_100"":60.43628250740463,""score_100"":84.17451300296185,""popularity_basis"":""BeatHit master-list game rank plus track position proxy""}"
495,Final Destination - Super Smash Bros.,Unknown credited artist,[],Super Smash Bros. Ultimate Vol. 01 - Super Smash Bros. (super-smash-bros.-ultimate-expanded-vol.-01-super-smash-bros.-switch-gamerip-2018),,,"[""video game soundtrack""]","[""und""]",,,,Super Smash Bros. Ultimate,,,khinsider_track_prominence_proxy,60.43628250740463,score_0_100,,,,84.17451300296185,,,,https://downloads.khinsider.com/game-soundtracks/album/super-smash-bros.-ultimate-expanded-vol.-01-super-smash-bros.-switch-gamerip-2018,2026-10-05,Track title is taken from KHInsider's soundtrack/gamerip album index. Popularity is an explicitly labelled proxy based on BeatHit game rank and track prominence.,"{""culture_category"":""video_game_music"",""video_game"":""Super Smash Bros. Ultimate"",""game_rank"":41,""game_association_kind"":""khinsider_game_soundtrack"",""khinsider_album_url"":""https://downloads.khinsider.com/game-soundtracks/album/super-smash-bros.-ultimate-expanded-vol.-01-super-smash-bros.-switch-gamerip-2018"",""khinsider_album_title"":""Super Smash Bros. Ultimate Vol. 01 - Super Smash Bros. (super-smash-bros.-ultimate-expanded-vol.-01-super-smash-bros.-switch-gamerip-2018)"",""khinsider_album_kind"":""official_or_gamerip"",""khinsider_album_match_score"":100.0,""relevance_score_100"":100.0,""popularity_score_100"":60.43628250740463,""score_100"":84.17451300296185,""popularity_basis"":""BeatHit master-list game rank plus track position proxy""}"
496,New Donk City,Unknown credited artist,[],Super Smash Bros. Ultimate Vol. 02 - Super Mario (super-smash-bros.-ultimate-expanded-vol.-02-super-mario-switch-gamerip-2018),,,"[""video game soundtrack""]","[""und""]",,,,Super Smash Bros. Ultimate,,,khinsider_track_prominence_proxy,60.43628250740463,score_0_100,,,,84.17451300296185,,,,https://downloads.khinsider.com/game-soundtracks/album/super-smash-bros.-ultimate-expanded-vol.-02-super-mario-switch-gamerip-2018,2026-10-05,Track title is taken from KHInsider's soundtrack/gamerip album index. Popularity is an explicitly labelled proxy based on BeatHit game rank and track prominence.,"{""culture_category"":""video_game_music"",""video_game"":""Super Smash Bros. Ultimate"",""game_rank"":41,""game_association_kind"":""khinsider_game_soundtrack"",""khinsider_album_url"":""https://downloads.khinsider.com/game-soundtracks/album/super-smash-bros.-ultimate-expanded-vol.-02-super-mario-switch-gamerip-2018"",""khinsider_album_title"":""Super Smash Bros. Ultimate Vol. 02 - Super Mario (super-smash-bros.-ultimate-expanded-vol.-02-super-mario-switch-gamerip-2018)"",""khinsider_album_kind"":""official_or_gamerip"",""khinsider_album_match_score"":100.0,""relevance_score_100"":100.0,""popularity_score_100"":60.43628250740463,""score_100"":84.17451300296185,""popularity_basis"":""BeatHit master-list game rank plus track position proxy""}"
497,Hidden Mountain & Forest [Original],Unknown credited artist,[],Super Smash Bros. Ultimate Vol. 04 - The Legend of Zelda (super-smash-bros.-ultimate-expanded-vol.-04-the-legend-of-zelda-switch-gamerip-2018),,,"[""video game soundtrack""]","[""und""]",,,,Super Smash Bros. Ultimate,,,khinsider_track_prominence_proxy,60.43628250740463,score_0_100,,,,84.17451300296185,,,,https://downloads.khinsider.com/game-soundtracks/album/super-smash-bros.-ultimate-expanded-vol.-04-the-legend-of-zelda-switch-gamerip-2018,2026-10-05,Track title is taken from KHInsider's soundtrack/gamerip album index. Popularity is an explicitly labelled proxy based on BeatHit game rank and track prominence.,"{""culture_category"":""video_game_music"",""video_game"":""Super Smash Bros. Ultimate"",""game_rank"":41,""game_association_kind"":""khinsider_game_soundtrack"",""khinsider_album_url"":""https://downloads.khinsider.com/game-soundtracks/album/super-smash-bros.-ultimate-expanded-vol.-04-the-legend-of-zelda-switch-gamerip-2018"",""khinsider_album_title"":""Super Smash Bros. Ultimate Vol. 04 - The Legend of Zelda (super-smash-bros.-ultimate-expanded-vol.-04-the-legend-of-zelda-switch-gamerip-2018)"",""khinsider_album_kind"":""official_or_gamerip"",""khinsider_album_match_score"":100.0,""relevance_score_100"":100.0,""popularity_score_100"":60.43628250740463,""score_100"":84.17451300296185,""popularity_basis"":""BeatHit master-list game rank plus track position proxy""}"
498,Butter Building [Original],Unknown credited artist,[],Super Smash Bros. Ultimate Vol. 07 - Kirby (super-smash-bros.-ultimate-expanded-vol.-07-kirby-switch-gamerip-2018),,,"[""video game soundtrack""]","[""und""]",,,,Super Smash Bros. Ultimate,,,khinsider_track_prominence_proxy,60.43628250740463,score_0_100,,,,84.17451300296185,,,,https://downloads.khinsider.com/game-soundtracks/album/super-smash-bros.-ultimate-expanded-vol.-07-kirby-switch-gamerip-2018,2026-10-05,Track title is taken from KHInsider's soundtrack/gamerip album index. Popularity is an explicitly labelled proxy based on BeatHit game rank and track prominence.,"{""culture_category"":""video_game_music"",""video_game"":""Super Smash Bros. Ultimate"",""game_rank"":41,""game_association_kind"":""khinsider_game_soundtrack"",""khinsider_album_url"":""https://downloads.khinsider.com/game-soundtracks/album/super-smash-bros.-ultimate-expanded-vol.-07-kirby-switch-gamerip-2018"",""khinsider_album_title"":""Super Smash Bros. Ultimate Vol. 07 - Kirby (super-smash-bros.-ultimate-expanded-vol.-07-kirby-switch-gamerip-2018)"",""khinsider_album_kind"":""official_or_gamerip"",""khinsider_album_match_score"":100.0,""relevance_score_100"":100.0,""popularity_score_100"":60.43628250740463,""score_100"":84.17451300296185,""popularity_basis"":""BeatHit master-list game rank plus track position proxy""}"
499,Battle! (Dialga - Palkia) [Original],Unknown credited artist,[],Super Smash Bros. Ultimate Vol. 09 - Pokémon (super-smash-bros.-ultimate-expanded-vol.-09-pok-mon-switch-gamerip-2018),,,"[""video game soundtrack""]","[""und""]",,,,Super Smash Bros. Ultimate,,,khinsider_track_prominence_proxy,60.43628250740463,score_0_100,,,,84.17451300296185,,,,https://downloads.khinsider.com/game-soundtracks/album/super-smash-bros.-ultimate-expanded-vol.-09-pok-mon-switch-gamerip-2018,2026-10-05,Track title is taken from KHInsider's soundtrack/gamerip album index. Popularity is an explicitly labelled proxy based on BeatHit game rank and track prominence.,"{""culture_category"":""video_game_music"",""video_game"":""Super Smash Bros. Ultimate"",""game_rank"":41,""game_association_kind"":""khinsider_game_soundtrack"",""khinsider_album_url"":""https://downloads.khinsider.com/game-soundtracks/album/super-smash-bros.-ultimate-expanded-vol.-09-pok-mon-switch-gamerip-2018"",""khinsider_album_title"":""Super Smash Bros. Ultimate Vol. 09 - Pokémon (super-smash-bros.-ultimate-expanded-vol.-09-pok-mon-switch-gamerip-2018)"",""khinsider_album_kind"":""official_or_gamerip"",""khinsider_album_match_score"":100.0,""relevance_score_100"":100.0,""popularity_score_100"":60.43628250740463,""score_100"":84.17451300296185,""popularity_basis"":""BeatHit master-list game rank plus track position proxy""}"
500,Magicant [EarthBound Beginnings],Unknown credited artist,[],Super Smash Bros. Ultimate Enhanced Original Soundtrack (super-smash-bros.-ultimate-enhanced-original-soundtrack),,,"[""video game soundtrack""]","[""und""]",,,,Super Smash Bros. Ultimate,,,khinsider_track_prominence_proxy,60.22628250740462,score_0_100,,,,84.09051300296184,,,,https://downloads.khinsider.com/game-soundtracks/album/super-smash-bros.-ultimate-enhanced-original-soundtrack,2026-10-05,Track title is taken from KHInsider's soundtrack/gamerip album index. Popularity is an explicitly labelled proxy based on BeatHit game rank and track prominence.,"{""culture_category"":""video_game_music"",""video_game"":""Super Smash Bros. Ultimate"",""game_rank"":41,""game_association_kind"":""khinsider_game_soundtrack"",""khinsider_album_url"":""https://downloads.khinsider.com/game-soundtracks/album/super-smash-bros.-ultimate-enhanced-original-soundtrack"",""khinsider_album_title"":""Super Smash Bros. Ultimate Enhanced Original Soundtrack (super-smash-bros.-ultimate-enhanced-original-soundtrack)"",""khinsider_album_kind"":""official_or_gamerip"",""khinsider_album_match_score"":100.0,""relevance_score_100"":100.0,""popularity_score_100"":60.22628250740462,""score_100"":84.09051300296184,""popularity_basis"":""BeatHit master-list game rank plus track position proxy""}"
501,Final Destination - Super Smash Bros. Melee,Unknown credited artist,[],Super Smash Bros. Ultimate Vol. 01 - Super Smash Bros. (super-smash-bros.-ultimate-expanded-vol.-01-super-smash-bros.-switch-gamerip-2018),,,"[""video game soundtrack""]","[""und""]",,,,Super Smash Bros. Ultimate,,,khinsider_track_prominence_proxy,60.22628250740462,score_0_100,,,,84.09051300296184,,,,https://downloads.khinsider.com/game-soundtracks/album/super-smash-bros.-ultimate-expanded-vol.-01-super-smash-bros.-switch-gamerip-2018,2026-10-05,Track title is taken from KHInsider's soundtrack/gamerip album index. Popularity is an explicitly labelled proxy based on BeatHit game rank and track prominence.,"{""culture_category"":""video_game_music"",""video_game"":""Super Smash Bros. Ultimate"",""game_rank"":41,""game_association_kind"":""khinsider_game_soundtrack"",""khinsider_album_url"":""https://downloads.khinsider.com/game-soundtracks/album/super-smash-bros.-ultimate-expanded-vol.-01-super-smash-bros.-switch-gamerip-2018"",""khinsider_album_title"":""Super Smash Bros. Ultimate Vol. 01 - Super Smash Bros. (super-smash-bros.-ultimate-expanded-vol.-01-super-smash-bros.-switch-gamerip-2018)"",""khinsider_album_kind"":""official_or_gamerip"",""khinsider_album_match_score"":100.0,""relevance_score_100"":100.0,""popularity_score_100"":60.22628250740462,""score_100"":84.09051300296184,""popularity_basis"":""BeatHit master-list game rank plus track position proxy""}"
502,"Jump Up, Super Star!",Unknown credited artist,[],Super Smash Bros. Ultimate Vol. 02 - Super Mario (super-smash-bros.-ultimate-expanded-vol.-02-super-mario-switch-gamerip-2018),,,"[""video game soundtrack""]","[""und""]",,,,Super Smash Bros. Ultimate,,,khinsider_track_prominence_proxy,60.22628250740462,score_0_100,,,,84.09051300296184,,,,https://downloads.khinsider.com/game-soundtracks/album/super-smash-bros.-ultimate-expanded-vol.-02-super-mario-switch-gamerip-2018,2026-10-05,Track title is taken from KHInsider's soundtrack/gamerip album index. Popularity is an explicitly labelled proxy based on BeatHit game rank and track prominence.,"{""culture_category"":""video_game_music"",""video_game"":""Super Smash Bros. Ultimate"",""game_rank"":41,""game_association_kind"":""khinsider_game_soundtrack"",""khinsider_album_url"":""https://downloads.khinsider.com/game-soundtracks/album/super-smash-bros.-ultimate-expanded-vol.-02-super-mario-switch-gamerip-2018"",""khinsider_album_title"":""Super Smash Bros. Ultimate Vol. 02 - Super Mario (super-smash-bros.-ultimate-expanded-vol.-02-super-mario-switch-gamerip-2018)"",""khinsider_album_kind"":""official_or_gamerip"",""khinsider_album_match_score"":100.0,""relevance_score_100"":100.0,""popularity_score_100"":60.22628250740462,""score_100"":84.09051300296184,""popularity_basis"":""BeatHit master-list game rank plus track position proxy""}"
503,Tal Tal Heights [Original],Unknown credited artist,[],Super Smash Bros. Ultimate Vol. 04 - The Legend of Zelda (super-smash-bros.-ultimate-expanded-vol.-04-the-legend-of-zelda-switch-gamerip-2018),,,"[""video game soundtrack""]","[""und""]",,,,Super Smash Bros. Ultimate,,,khinsider_track_prominence_proxy,60.22628250740462,score_0_100,,,,84.09051300296184,,,,https://downloads.khinsider.com/game-soundtracks/album/super-smash-bros.-ultimate-expanded-vol.-04-the-legend-of-zelda-switch-gamerip-2018,2026-10-05,Track title is taken from KHInsider's soundtrack/gamerip album index. Popularity is an explicitly labelled proxy based on BeatHit game rank and track prominence.,"{""culture_category"":""video_game_music"",""video_game"":""Super Smash Bros. Ultimate"",""game_rank"":41,""game_association_kind"":""khinsider_game_soundtrack"",""khinsider_album_url"":""https://downloads.khinsider.com/game-soundtracks/album/super-smash-bros.-ultimate-expanded-vol.-04-the-legend-of-zelda-switch-gamerip-2018"",""khinsider_album_title"":""Super Smash Bros. Ultimate Vol. 04 - The Legend of Zelda (super-smash-bros.-ultimate-expanded-vol.-04-the-legend-of-zelda-switch-gamerip-2018)"",""khinsider_album_kind"":""official_or_gamerip"",""khinsider_album_match_score"":100.0,""relevance_score_100"":100.0,""popularity_score_100"":60.22628250740462,""score_100"":84.09051300296184,""popularity_basis"":""BeatHit master-list game rank plus track position proxy""}"
504,Gourmet Race [Original],Unknown credited artist,[],Super Smash Bros. Ultimate Vol. 07 - Kirby (super-smash-bros.-ultimate-expanded-vol.-07-kirby-switch-gamerip-2018),,,"[""video game soundtrack""]","[""und""]",,,,Super Smash Bros. Ultimate,,,khinsider_track_prominence_proxy,60.22628250740462,score_0_100,,,,84.09051300296184,,,,https://downloads.khinsider.com/game-soundtracks/album/super-smash-bros.-ultimate-expanded-vol.-07-kirby-switch-gamerip-2018,2026-10-05,Track title is taken from KHInsider's soundtrack/gamerip album index. Popularity is an explicitly labelled proxy based on BeatHit game rank and track prominence.,"{""culture_category"":""video_game_music"",""video_game"":""Super Smash Bros. Ultimate"",""game_rank"":41,""game_association_kind"":""khinsider_game_soundtrack"",""khinsider_album_url"":""https://downloads.khinsider.com/game-soundtracks/album/super-smash-bros.-ultimate-expanded-vol.-07-kirby-switch-gamerip-2018"",""khinsider_album_title"":""Super Smash Bros. Ultimate Vol. 07 - Kirby (super-smash-bros.-ultimate-expanded-vol.-07-kirby-switch-gamerip-2018)"",""khinsider_album_kind"":""official_or_gamerip"",""khinsider_album_match_score"":100.0,""relevance_score_100"":100.0,""popularity_score_100"":60.22628250740462,""score_100"":84.09051300296184,""popularity_basis"":""BeatHit master-list game rank plus track position proxy""}"
505,Spear Pillar [Original],Unknown credited artist,[],Super Smash Bros. Ultimate Vol. 09 - Pokémon (super-smash-bros.-ultimate-expanded-vol.-09-pok-mon-switch-gamerip-2018),,,"[""video game soundtrack""]","[""und""]",,,,Super Smash Bros. Ultimate,,,khinsider_track_prominence_proxy,60.22628250740462,score_0_100,,,,84.09051300296184,,,,https://downloads.khinsider.com/game-soundtracks/album/super-smash-bros.-ultimate-expanded-vol.-09-pok-mon-switch-gamerip-2018,2026-10-05,Track title is taken from KHInsider's soundtrack/gamerip album index. Popularity is an explicitly labelled proxy based on BeatHit game rank and track prominence.,"{""culture_category"":""video_game_music"",""video_game"":""Super Smash Bros. Ultimate"",""game_rank"":41,""game_association_kind"":""khinsider_game_soundtrack"",""khinsider_album_url"":""https://downloads.khinsider.com/game-soundtracks/album/super-smash-bros.-ultimate-expanded-vol.-09-pok-mon-switch-gamerip-2018"",""khinsider_album_title"":""Super Smash Bros. Ultimate Vol. 09 - Pokémon (super-smash-bros.-ultimate-expanded-vol.-09-pok-mon-switch-gamerip-2018)"",""khinsider_album_kind"":""official_or_gamerip"",""khinsider_album_match_score"":100.0,""relevance_score_100"":100.0,""popularity_score_100"":60.22628250740462,""score_100"":84.09051300296184,""popularity_basis"":""BeatHit master-list game rank plus track position proxy""}"
506,Fourside [EarthBound],Unknown credited artist,[],Super Smash Bros. Ultimate Enhanced Original Soundtrack (super-smash-bros.-ultimate-enhanced-original-soundtrack),,,"[""video game soundtrack""]","[""und""]",,,,Super Smash Bros. Ultimate,,,khinsider_track_prominence_proxy,60.016282507404625,score_0_100,,,,84.00651300296185,,,,https://downloads.khinsider.com/game-soundtracks/album/super-smash-bros.-ultimate-enhanced-original-soundtrack,2026-10-05,Track title is taken from KHInsider's soundtrack/gamerip album index. Popularity is an explicitly labelled proxy based on BeatHit game rank and track prominence.,"{""culture_category"":""video_game_music"",""video_game"":""Super Smash Bros. Ultimate"",""game_rank"":41,""game_association_kind"":""khinsider_game_soundtrack"",""khinsider_album_url"":""https://downloads.khinsider.com/game-soundtracks/album/super-smash-bros.-ultimate-enhanced-original-soundtrack"",""khinsider_album_title"":""Super Smash Bros. Ultimate Enhanced Original Soundtrack (super-smash-bros.-ultimate-enhanced-original-soundtrack)"",""khinsider_album_kind"":""official_or_gamerip"",""khinsider_album_match_score"":100.0,""relevance_score_100"":100.0,""popularity_score_100"":60.016282507404625,""score_100"":84.00651300296185,""popularity_basis"":""BeatHit master-list game rank plus track position proxy""}"
507,Giga Bowser,Unknown credited artist,[],Super Smash Bros. Ultimate Vol. 01 - Super Smash Bros. (super-smash-bros.-ultimate-expanded-vol.-01-super-smash-bros.-switch-gamerip-2018),,,"[""video game soundtrack""]","[""und""]",,,,Super Smash Bros. Ultimate,,,khinsider_track_prominence_proxy,60.016282507404625,score_0_100,,,,84.00651300296185,,,,https://downloads.khinsider.com/game-soundtracks/album/super-smash-bros.-ultimate-expanded-vol.-01-super-smash-bros.-switch-gamerip-2018,2026-10-05,Track title is taken from KHInsider's soundtrack/gamerip album index. Popularity is an explicitly labelled proxy based on BeatHit game rank and track prominence.,"{""culture_category"":""video_game_music"",""video_game"":""Super Smash Bros. Ultimate"",""game_rank"":41,""game_association_kind"":""khinsider_game_soundtrack"",""khinsider_album_url"":""https://downloads.khinsider.com/game-soundtracks/album/super-smash-bros.-ultimate-expanded-vol.-01-super-smash-bros.-switch-gamerip-2018"",""khinsider_album_title"":""Super Smash Bros. Ultimate Vol. 01 - Super Smash Bros. (super-smash-bros.-ultimate-expanded-vol.-01-super-smash-bros.-switch-gamerip-2018)"",""khinsider_album_kind"":""official_or_gamerip"",""khinsider_album_match_score"":100.0,""relevance_score_100"":100.0,""popularity_score_100"":60.016282507404625,""score_100"":84.00651300296185,""popularity_basis"":""BeatHit master-list game rank plus track position proxy""}"
508,Steam Gardens,Unknown credited artist,[],Super Smash Bros. Ultimate Vol. 02 - Super Mario (super-smash-bros.-ultimate-expanded-vol.-02-super-mario-switch-gamerip-2018),,,"[""video game soundtrack""]","[""und""]",,,,Super Smash Bros. Ultimate,,,khinsider_track_prominence_proxy,60.016282507404625,score_0_100,,,,84.00651300296185,,,,https://downloads.khinsider.com/game-soundtracks/album/super-smash-bros.-ultimate-expanded-vol.-02-super-mario-switch-gamerip-2018,2026-10-05,Track title is taken from KHInsider's soundtrack/gamerip album index. Popularity is an explicitly labelled proxy based on BeatHit game rank and track prominence.,"{""culture_category"":""video_game_music"",""video_game"":""Super Smash Bros. Ultimate"",""game_rank"":41,""game_association_kind"":""khinsider_game_soundtrack"",""khinsider_album_url"":""https://downloads.khinsider.com/game-soundtracks/album/super-smash-bros.-ultimate-expanded-vol.-02-super-mario-switch-gamerip-2018"",""khinsider_album_title"":""Super Smash Bros. Ultimate Vol. 02 - Super Mario (super-smash-bros.-ultimate-expanded-vol.-02-super-mario-switch-gamerip-2018)"",""khinsider_album_kind"":""official_or_gamerip"",""khinsider_album_match_score"":100.0,""relevance_score_100"":100.0,""popularity_score_100"":60.016282507404625,""score_100"":84.00651300296185,""popularity_basis"":""BeatHit master-list game rank plus track position proxy""}"
509,Zelda's Lullaby [Original],Unknown credited artist,[],Super Smash Bros. Ultimate Vol. 04 - The Legend of Zelda (super-smash-bros.-ultimate-expanded-vol.-04-the-legend-of-zelda-switch-gamerip-2018),,,"[""video game soundtrack""]","[""und""]",,,,Super Smash Bros. Ultimate,,,khinsider_track_prominence_proxy,60.016282507404625,score_0_100,,,,84.00651300296185,,,,https://downloads.khinsider.com/game-soundtracks/album/super-smash-bros.-ultimate-expanded-vol.-04-the-legend-of-zelda-switch-gamerip-2018,2026-10-05,Track title is taken from KHInsider's soundtrack/gamerip album index. Popularity is an explicitly labelled proxy based on BeatHit game rank and track prominence.,"{""culture_category"":""video_game_music"",""video_game"":""Super Smash Bros. Ultimate"",""game_rank"":41,""game_association_kind"":""khinsider_game_soundtrack"",""khinsider_album_url"":""https://downloads.khinsider.com/game-soundtracks/album/super-smash-bros.-ultimate-expanded-vol.-04-the-legend-of-zelda-switch-gamerip-2018"",""khinsider_album_title"":""Super Smash Bros. Ultimate Vol. 04 - The Legend of Zelda (super-smash-bros.-ultimate-expanded-vol.-04-the-legend-of-zelda-switch-gamerip-2018)"",""khinsider_album_kind"":""official_or_gamerip"",""khinsider_album_match_score"":100.0,""relevance_score_100"":100.0,""popularity_score_100"":60.016282507404625,""score_100"":84.00651300296185,""popularity_basis"":""BeatHit master-list game rank plus track position proxy""}"
510,The Great Cave Offensive [Original],Unknown credited artist,[],Super Smash Bros. Ultimate Vol. 07 - Kirby (super-smash-bros.-ultimate-expanded-vol.-07-kirby-switch-gamerip-2018),,,"[""video game soundtrack""]","[""und""]",,,,Super Smash Bros. Ultimate,,,khinsider_track_prominence_proxy,60.016282507404625,score_0_100,,,,84.00651300296185,,,,https://downloads.khinsider.com/game-soundtracks/album/super-smash-bros.-ultimate-expanded-vol.-07-kirby-switch-gamerip-2018,2026-10-05,Track title is taken from KHInsider's soundtrack/gamerip album index. Popularity is an explicitly labelled proxy based on BeatHit game rank and track prominence.,"{""culture_category"":""video_game_music"",""video_game"":""Super Smash Bros. Ultimate"",""game_rank"":41,""game_association_kind"":""khinsider_game_soundtrack"",""khinsider_album_url"":""https://downloads.khinsider.com/game-soundtracks/album/super-smash-bros.-ultimate-expanded-vol.-07-kirby-switch-gamerip-2018"",""khinsider_album_title"":""Super Smash Bros. Ultimate Vol. 07 - Kirby (super-smash-bros.-ultimate-expanded-vol.-07-kirby-switch-gamerip-2018)"",""khinsider_album_kind"":""official_or_gamerip"",""khinsider_album_match_score"":100.0,""relevance_score_100"":100.0,""popularity_score_100"":60.016282507404625,""score_100"":84.00651300296185,""popularity_basis"":""BeatHit master-list game rank plus track position proxy""}"
511,Battle! (Champion) [Original],Unknown credited artist,[],Super Smash Bros. Ultimate Vol. 09 - Pokémon (super-smash-bros.-ultimate-expanded-vol.-09-pok-mon-switch-gamerip-2018),,,"[""video game soundtrack""]","[""und""]",,,,Super Smash Bros. Ultimate,,,khinsider_track_prominence_proxy,60.016282507404625,score_0_100,,,,84.00651300296185,,,,https://downloads.khinsider.com/game-soundtracks/album/super-smash-bros.-ultimate-expanded-vol.-09-pok-mon-switch-gamerip-2018,2026-10-05,Track title is taken from KHInsider's soundtrack/gamerip album index. Popularity is an explicitly labelled proxy based on BeatHit game rank and track prominence.,"{""culture_category"":""video_game_music"",""video_game"":""Super Smash Bros. Ultimate"",""game_rank"":41,""game_association_kind"":""khinsider_game_soundtrack"",""khinsider_album_url"":""https://downloads.khinsider.com/game-soundtracks/album/super-smash-bros.-ultimate-expanded-vol.-09-pok-mon-switch-gamerip-2018"",""khinsider_album_title"":""Super Smash Bros. Ultimate Vol. 09 - Pokémon (super-smash-bros.-ultimate-expanded-vol.-09-pok-mon-switch-gamerip-2018)"",""khinsider_album_kind"":""official_or_gamerip"",""khinsider_album_match_score"":100.0,""relevance_score_100"":100.0,""popularity_score_100"":60.016282507404625,""score_100"":84.00651300296185,""popularity_basis"":""BeatHit master-list game rank plus track position proxy""}"
512,Victory! [Earthbound],Unknown credited artist,[],Super Smash Bros. Ultimate Enhanced Original Soundtrack (super-smash-bros.-ultimate-enhanced-original-soundtrack),,,"[""video game soundtrack""]","[""und""]",,,,Super Smash Bros. Ultimate,,,khinsider_track_prominence_proxy,59.806282507404624,score_0_100,,,,83.92251300296185,,,,https://downloads.khinsider.com/game-soundtracks/album/super-smash-bros.-ultimate-enhanced-original-soundtrack,2026-10-05,Track title is taken from KHInsider's soundtrack/gamerip album index. Popularity is an explicitly labelled proxy based on BeatHit game rank and track prominence.,"{""culture_category"":""video_game_music"",""video_game"":""Super Smash Bros. Ultimate"",""game_rank"":41,""game_association_kind"":""khinsider_game_soundtrack"",""khinsider_album_url"":""https://downloads.khinsider.com/game-soundtracks/album/super-smash-bros.-ultimate-enhanced-original-soundtrack"",""khinsider_album_title"":""Super Smash Bros. Ultimate Enhanced Original Soundtrack (super-smash-bros.-ultimate-enhanced-original-soundtrack)"",""khinsider_album_kind"":""official_or_gamerip"",""khinsider_album_match_score"":100.0,""relevance_score_100"":100.0,""popularity_score_100"":59.806282507404624,""score_100"":83.92251300296185,""popularity_basis"":""BeatHit master-list game rank plus track position proxy""}"
513,Final Destination - Super Smash Bros. Brawl,Unknown credited artist,[],Super Smash Bros. Ultimate Vol. 01 - Super Smash Bros. (super-smash-bros.-ultimate-expanded-vol.-01-super-smash-bros.-switch-gamerip-2018),,,"[""video game soundtrack""]","[""und""]",,,,Super Smash Bros. Ultimate,,,khinsider_track_prominence_proxy,59.806282507404624,score_0_100,,,,83.92251300296185,,,,https://downloads.khinsider.com/game-soundtracks/album/super-smash-bros.-ultimate-expanded-vol.-01-super-smash-bros.-switch-gamerip-2018,2026-10-05,Track title is taken from KHInsider's soundtrack/gamerip album index. Popularity is an explicitly labelled proxy based on BeatHit game rank and track prominence.,"{""culture_category"":""video_game_music"",""video_game"":""Super Smash Bros. Ultimate"",""game_rank"":41,""game_association_kind"":""khinsider_game_soundtrack"",""khinsider_album_url"":""https://downloads.khinsider.com/game-soundtracks/album/super-smash-bros.-ultimate-expanded-vol.-01-super-smash-bros.-switch-gamerip-2018"",""khinsider_album_title"":""Super Smash Bros. Ultimate Vol. 01 - Super Smash Bros. (super-smash-bros.-ultimate-expanded-vol.-01-super-smash-bros.-switch-gamerip-2018)"",""khinsider_album_kind"":""official_or_gamerip"",""khinsider_album_match_score"":100.0,""relevance_score_100"":100.0,""popularity_score_100"":59.806282507404624,""score_100"":83.92251300296185,""popularity_basis"":""BeatHit master-list game rank plus track position proxy""}"
514,Underground Moon Caverns,Unknown credited artist,[],Super Smash Bros. Ultimate Vol. 02 - Super Mario (super-smash-bros.-ultimate-expanded-vol.-02-super-mario-switch-gamerip-2018),,,"[""video game soundtrack""]","[""und""]",,,,Super Smash Bros. Ultimate,,,khinsider_track_prominence_proxy,59.806282507404624,score_0_100,,,,83.92251300296185,,,,https://downloads.khinsider.com/game-soundtracks/album/super-smash-bros.-ultimate-expanded-vol.-02-super-mario-switch-gamerip-2018,2026-10-05,Track title is taken from KHInsider's soundtrack/gamerip album index. Popularity is an explicitly labelled proxy based on BeatHit game rank and track prominence.,"{""culture_category"":""video_game_music"",""video_game"":""Super Smash Bros. Ultimate"",""game_rank"":41,""game_association_kind"":""khinsider_game_soundtrack"",""khinsider_album_url"":""https://downloads.khinsider.com/game-soundtracks/album/super-smash-bros.-ultimate-expanded-vol.-02-super-mario-switch-gamerip-2018"",""khinsider_album_title"":""Super Smash Bros. Ultimate Vol. 02 - Super Mario (super-smash-bros.-ultimate-expanded-vol.-02-super-mario-switch-gamerip-2018)"",""khinsider_album_kind"":""official_or_gamerip"",""khinsider_album_match_score"":100.0,""relevance_score_100"":100.0,""popularity_score_100"":59.806282507404624,""score_100"":83.92251300296185,""popularity_basis"":""BeatHit master-list game rank plus track position proxy""}"
515,Sun's Song [Original],Unknown credited artist,[],Super Smash Bros. Ultimate Vol. 04 - The Legend of Zelda (super-smash-bros.-ultimate-expanded-vol.-04-the-legend-of-zelda-switch-gamerip-2018),,,"[""video game soundtrack""]","[""und""]",,,,Super Smash Bros. Ultimate,,,khinsider_track_prominence_proxy,59.806282507404624,score_0_100,,,,83.92251300296185,,,,https://downloads.khinsider.com/game-soundtracks/album/super-smash-bros.-ultimate-expanded-vol.-04-the-legend-of-zelda-switch-gamerip-2018,2026-10-05,Track title is taken from KHInsider's soundtrack/gamerip album index. Popularity is an explicitly labelled proxy based on BeatHit game rank and track prominence.,"{""culture_category"":""video_game_music"",""video_game"":""Super Smash Bros. Ultimate"",""game_rank"":41,""game_association_kind"":""khinsider_game_soundtrack"",""khinsider_album_url"":""https://downloads.khinsider.com/game-soundtracks/album/super-smash-bros.-ultimate-expanded-vol.-04-the-legend-of-zelda-switch-gamerip-2018"",""khinsider_album_title"":""Super Smash Bros. Ultimate Vol. 04 - The Legend of Zelda (super-smash-bros.-ultimate-expanded-vol.-04-the-legend-of-zelda-switch-gamerip-2018)"",""khinsider_album_kind"":""official_or_gamerip"",""khinsider_album_match_score"":100.0,""relevance_score_100"":100.0,""popularity_score_100"":59.806282507404624,""score_100"":83.92251300296185,""popularity_basis"":""BeatHit master-list game rank plus track position proxy""}"
516,Meta Knight's Revenge [Original],Unknown credited artist,[],Super Smash Bros. Ultimate Vol. 07 - Kirby (super-smash-bros.-ultimate-expanded-vol.-07-kirby-switch-gamerip-2018),,,"[""video game soundtrack""]","[""und""]",,,,Super Smash Bros. Ultimate,,,khinsider_track_prominence_proxy,59.806282507404624,score_0_100,,,,83.92251300296185,,,,https://downloads.khinsider.com/game-soundtracks/album/super-smash-bros.-ultimate-expanded-vol.-07-kirby-switch-gamerip-2018,2026-10-05,Track title is taken from KHInsider's soundtrack/gamerip album index. Popularity is an explicitly labelled proxy based on BeatHit game rank and track prominence.,"{""culture_category"":""video_game_music"",""video_game"":""Super Smash Bros. Ultimate"",""game_rank"":41,""game_association_kind"":""khinsider_game_soundtrack"",""khinsider_album_url"":""https://downloads.khinsider.com/game-soundtracks/album/super-smash-bros.-ultimate-expanded-vol.-07-kirby-switch-gamerip-2018"",""khinsider_album_title"":""Super Smash Bros. Ultimate Vol. 07 - Kirby (super-smash-bros.-ultimate-expanded-vol.-07-kirby-switch-gamerip-2018)"",""khinsider_album_kind"":""official_or_gamerip"",""khinsider_album_match_score"":100.0,""relevance_score_100"":100.0,""popularity_score_100"":59.806282507404624,""score_100"":83.92251300296185,""popularity_basis"":""BeatHit master-list game rank plus track position proxy""}"
517,Champion Cynthia [Original],Unknown credited artist,[],Super Smash Bros. Ultimate Vol. 09 - Pokémon (super-smash-bros.-ultimate-expanded-vol.-09-pok-mon-switch-gamerip-2018),,,"[""video game soundtrack""]","[""und""]",,,,Super Smash Bros. Ultimate,,,khinsider_track_prominence_proxy,59.806282507404624,score_0_100,,,,83.92251300296185,,,,https://downloads.khinsider.com/game-soundtracks/album/super-smash-bros.-ultimate-expanded-vol.-09-pok-mon-switch-gamerip-2018,2026-10-05,Track title is taken from KHInsider's soundtrack/gamerip album index. Popularity is an explicitly labelled proxy based on BeatHit game rank and track prominence.,"{""culture_category"":""video_game_music"",""video_game"":""Super Smash Bros. Ultimate"",""game_rank"":41,""game_association_kind"":""khinsider_game_soundtrack"",""khinsider_album_url"":""https://downloads.khinsider.com/game-soundtracks/album/super-smash-bros.-ultimate-expanded-vol.-09-pok-mon-switch-gamerip-2018"",""khinsider_album_title"":""Super Smash Bros. Ultimate Vol. 09 - Pokémon (super-smash-bros.-ultimate-expanded-vol.-09-pok-mon-switch-gamerip-2018)"",""khinsider_album_kind"":""official_or_gamerip"",""khinsider_album_match_score"":100.0,""relevance_score_100"":100.0,""popularity_score_100"":59.806282507404624,""score_100"":83.92251300296185,""popularity_basis"":""BeatHit master-list game rank plus track position proxy""}"
518,Fire Emblem Theme (Heroic Origins) [Fire Emblem Shadow Dragon and the Blade of Light],Unknown credited artist,[],Super Smash Bros. Ultimate Enhanced Original Soundtrack (super-smash-bros.-ultimate-enhanced-original-soundtrack),,,"[""video game soundtrack""]","[""und""]",,,,Super Smash Bros. Ultimate,,,khinsider_track_prominence_proxy,59.596282507404624,score_0_100,,,,83.83851300296185,,,,https://downloads.khinsider.com/game-soundtracks/album/super-smash-bros.-ultimate-enhanced-original-soundtrack,2026-10-05,Track title is taken from KHInsider's soundtrack/gamerip album index. Popularity is an explicitly labelled proxy based on BeatHit game rank and track prominence.,"{""culture_category"":""video_game_music"",""video_game"":""Super Smash Bros. Ultimate"",""game_rank"":41,""game_association_kind"":""khinsider_game_soundtrack"",""khinsider_album_url"":""https://downloads.khinsider.com/game-soundtracks/album/super-smash-bros.-ultimate-enhanced-original-soundtrack"",""khinsider_album_title"":""Super Smash Bros. Ultimate Enhanced Original Soundtrack (super-smash-bros.-ultimate-enhanced-original-soundtrack)"",""khinsider_album_kind"":""official_or_gamerip"",""khinsider_album_match_score"":100.0,""relevance_score_100"":100.0,""popularity_score_100"":59.596282507404624,""score_100"":83.83851300296185,""popularity_basis"":""BeatHit master-list game rank plus track position proxy""}"
519,Final Destination - Super Smash Bros. for 3DS  -  Wii U,Unknown credited artist,[],Super Smash Bros. Ultimate Vol. 01 - Super Smash Bros. (super-smash-bros.-ultimate-expanded-vol.-01-super-smash-bros.-switch-gamerip-2018),,,"[""video game soundtrack""]","[""und""]",,,,Super Smash Bros. Ultimate,,,khinsider_track_prominence_proxy,59.596282507404624,score_0_100,,,,83.83851300296185,,,,https://downloads.khinsider.com/game-soundtracks/album/super-smash-bros.-ultimate-expanded-vol.-01-super-smash-bros.-switch-gamerip-2018,2026-10-05,Track title is taken from KHInsider's soundtrack/gamerip album index. Popularity is an explicitly labelled proxy based on BeatHit game rank and track prominence.,"{""culture_category"":""video_game_music"",""video_game"":""Super Smash Bros. Ultimate"",""game_rank"":41,""game_association_kind"":""khinsider_game_soundtrack"",""khinsider_album_url"":""https://downloads.khinsider.com/game-soundtracks/album/super-smash-bros.-ultimate-expanded-vol.-01-super-smash-bros.-switch-gamerip-2018"",""khinsider_album_title"":""Super Smash Bros. Ultimate Vol. 01 - Super Smash Bros. (super-smash-bros.-ultimate-expanded-vol.-01-super-smash-bros.-switch-gamerip-2018)"",""khinsider_album_kind"":""official_or_gamerip"",""khinsider_album_match_score"":100.0,""relevance_score_100"":100.0,""popularity_score_100"":59.596282507404624,""score_100"":83.83851300296185,""popularity_basis"":""BeatHit master-list game rank plus track position proxy""}"
520,Break Free (Lead The Way),Unknown credited artist,[],Super Smash Bros. Ultimate Vol. 02 - Super Mario (super-smash-bros.-ultimate-expanded-vol.-02-super-mario-switch-gamerip-2018),,,"[""video game soundtrack""]","[""und""]",,,,Super Smash Bros. Ultimate,,,khinsider_track_prominence_proxy,59.596282507404624,score_0_100,,,,83.83851300296185,,,,https://downloads.khinsider.com/game-soundtracks/album/super-smash-bros.-ultimate-expanded-vol.-02-super-mario-switch-gamerip-2018,2026-10-05,Track title is taken from KHInsider's soundtrack/gamerip album index. Popularity is an explicitly labelled proxy based on BeatHit game rank and track prominence.,"{""culture_category"":""video_game_music"",""video_game"":""Super Smash Bros. Ultimate"",""game_rank"":41,""game_association_kind"":""khinsider_game_soundtrack"",""khinsider_album_url"":""https://downloads.khinsider.com/game-soundtracks/album/super-smash-bros.-ultimate-expanded-vol.-02-super-mario-switch-gamerip-2018"",""khinsider_album_title"":""Super Smash Bros. Ultimate Vol. 02 - Super Mario (super-smash-bros.-ultimate-expanded-vol.-02-super-mario-switch-gamerip-2018)"",""khinsider_album_kind"":""official_or_gamerip"",""khinsider_album_match_score"":100.0,""relevance_score_100"":100.0,""popularity_score_100"":59.596282507404624,""score_100"":83.83851300296185,""popularity_basis"":""BeatHit master-list game rank plus track position proxy""}"
521,Minuet of Forest [Original],Unknown credited artist,[],Super Smash Bros. Ultimate Vol. 04 - The Legend of Zelda (super-smash-bros.-ultimate-expanded-vol.-04-the-legend-of-zelda-switch-gamerip-2018),,,"[""video game soundtrack""]","[""und""]",,,,Super Smash Bros. Ultimate,,,khinsider_track_prominence_proxy,59.596282507404624,score_0_100,,,,83.83851300296185,,,,https://downloads.khinsider.com/game-soundtracks/album/super-smash-bros.-ultimate-expanded-vol.-04-the-legend-of-zelda-switch-gamerip-2018,2026-10-05,Track title is taken from KHInsider's soundtrack/gamerip album index. Popularity is an explicitly labelled proxy based on BeatHit game rank and track prominence.,"{""culture_category"":""video_game_music"",""video_game"":""Super Smash Bros. Ultimate"",""game_rank"":41,""game_association_kind"":""khinsider_game_soundtrack"",""khinsider_album_url"":""https://downloads.khinsider.com/game-soundtracks/album/super-smash-bros.-ultimate-expanded-vol.-04-the-legend-of-zelda-switch-gamerip-2018"",""khinsider_album_title"":""Super Smash Bros. Ultimate Vol. 04 - The Legend of Zelda (super-smash-bros.-ultimate-expanded-vol.-04-the-legend-of-zelda-switch-gamerip-2018)"",""khinsider_album_kind"":""official_or_gamerip"",""khinsider_album_match_score"":100.0,""relevance_score_100"":100.0,""popularity_score_100"":59.596282507404624,""score_100"":83.83851300296185,""popularity_basis"":""BeatHit master-list game rank plus track position proxy""}"
522,Vs. Marx [Original],Unknown credited artist,[],Super Smash Bros. Ultimate Vol. 07 - Kirby (super-smash-bros.-ultimate-expanded-vol.-07-kirby-switch-gamerip-2018),,,"[""video game soundtrack""]","[""und""]",,,,Super Smash Bros. Ultimate,,,khinsider_track_prominence_proxy,59.596282507404624,score_0_100,,,,83.83851300296185,,,,https://downloads.khinsider.com/game-soundtracks/album/super-smash-bros.-ultimate-expanded-vol.-07-kirby-switch-gamerip-2018,2026-10-05,Track title is taken from KHInsider's soundtrack/gamerip album index. Popularity is an explicitly labelled proxy based on BeatHit game rank and track prominence.,"{""culture_category"":""video_game_music"",""video_game"":""Super Smash Bros. Ultimate"",""game_rank"":41,""game_association_kind"":""khinsider_game_soundtrack"",""khinsider_album_url"":""https://downloads.khinsider.com/game-soundtracks/album/super-smash-bros.-ultimate-expanded-vol.-07-kirby-switch-gamerip-2018"",""khinsider_album_title"":""Super Smash Bros. Ultimate Vol. 07 - Kirby (super-smash-bros.-ultimate-expanded-vol.-07-kirby-switch-gamerip-2018)"",""khinsider_album_kind"":""official_or_gamerip"",""khinsider_album_match_score"":100.0,""relevance_score_100"":100.0,""popularity_score_100"":59.596282507404624,""score_100"":83.83851300296185,""popularity_basis"":""BeatHit master-list game rank plus track position proxy""}"
523,Route 10 - Pokémon Black  -  Pokémon White [Original],Unknown credited artist,[],Super Smash Bros. Ultimate Vol. 09 - Pokémon (super-smash-bros.-ultimate-expanded-vol.-09-pok-mon-switch-gamerip-2018),,,"[""video game soundtrack""]","[""und""]",,,,Super Smash Bros. Ultimate,,,khinsider_track_prominence_proxy,59.596282507404624,score_0_100,,,,83.83851300296185,,,,https://downloads.khinsider.com/game-soundtracks/album/super-smash-bros.-ultimate-expanded-vol.-09-pok-mon-switch-gamerip-2018,2026-10-05,Track title is taken from KHInsider's soundtrack/gamerip album index. Popularity is an explicitly labelled proxy based on BeatHit game rank and track prominence.,"{""culture_category"":""video_game_music"",""video_game"":""Super Smash Bros. Ultimate"",""game_rank"":41,""game_association_kind"":""khinsider_game_soundtrack"",""khinsider_album_url"":""https://downloads.khinsider.com/game-soundtracks/album/super-smash-bros.-ultimate-expanded-vol.-09-pok-mon-switch-gamerip-2018"",""khinsider_album_title"":""Super Smash Bros. Ultimate Vol. 09 - Pokémon (super-smash-bros.-ultimate-expanded-vol.-09-pok-mon-switch-gamerip-2018)"",""khinsider_album_kind"":""official_or_gamerip"",""khinsider_album_match_score"":100.0,""relevance_score_100"":100.0,""popularity_score_100"":59.596282507404624,""score_100"":83.83851300296185,""popularity_basis"":""BeatHit master-list game rank plus track position proxy""}"
524,Under This Banner [Fire Emblem Mystery of the Emblem],Unknown credited artist,[],Super Smash Bros. Ultimate Enhanced Original Soundtrack (super-smash-bros.-ultimate-enhanced-original-soundtrack),,,"[""video game soundtrack""]","[""und""]",,,,Super Smash Bros. Ultimate,,,khinsider_track_prominence_proxy,59.38628250740462,score_0_100,,,,83.75451300296186,,,,https://downloads.khinsider.com/game-soundtracks/album/super-smash-bros.-ultimate-enhanced-original-soundtrack,2026-10-05,Track title is taken from KHInsider's soundtrack/gamerip album index. Popularity is an explicitly labelled proxy based on BeatHit game rank and track prominence.,"{""culture_category"":""video_game_music"",""video_game"":""Super Smash Bros. Ultimate"",""game_rank"":41,""game_association_kind"":""khinsider_game_soundtrack"",""khinsider_album_url"":""https://downloads.khinsider.com/game-soundtracks/album/super-smash-bros.-ultimate-enhanced-original-soundtrack"",""khinsider_album_title"":""Super Smash Bros. Ultimate Enhanced Original Soundtrack (super-smash-bros.-ultimate-enhanced-original-soundtrack)"",""khinsider_album_kind"":""official_or_gamerip"",""khinsider_album_match_score"":100.0,""relevance_score_100"":100.0,""popularity_score_100"":59.38628250740462,""score_100"":83.75451300296186,""popularity_basis"":""BeatHit master-list game rank plus track position proxy""}"
525,Final Destination Ver. 2,Unknown credited artist,[],Super Smash Bros. Ultimate Vol. 01 - Super Smash Bros. (super-smash-bros.-ultimate-expanded-vol.-01-super-smash-bros.-switch-gamerip-2018),,,"[""video game soundtrack""]","[""und""]",,,,Super Smash Bros. Ultimate,,,khinsider_track_prominence_proxy,59.38628250740462,score_0_100,,,,83.75451300296186,,,,https://downloads.khinsider.com/game-soundtracks/album/super-smash-bros.-ultimate-expanded-vol.-01-super-smash-bros.-switch-gamerip-2018,2026-10-05,Track title is taken from KHInsider's soundtrack/gamerip album index. Popularity is an explicitly labelled proxy based on BeatHit game rank and track prominence.,"{""culture_category"":""video_game_music"",""video_game"":""Super Smash Bros. Ultimate"",""game_rank"":41,""game_association_kind"":""khinsider_game_soundtrack"",""khinsider_album_url"":""https://downloads.khinsider.com/game-soundtracks/album/super-smash-bros.-ultimate-expanded-vol.-01-super-smash-bros.-switch-gamerip-2018"",""khinsider_album_title"":""Super Smash Bros. Ultimate Vol. 01 - Super Smash Bros. (super-smash-bros.-ultimate-expanded-vol.-01-super-smash-bros.-switch-gamerip-2018)"",""khinsider_album_kind"":""official_or_gamerip"",""khinsider_album_match_score"":100.0,""relevance_score_100"":100.0,""popularity_score_100"":59.38628250740462,""score_100"":83.75451300296186,""popularity_basis"":""BeatHit master-list game rank plus track position proxy""}"
526,Gritzy Desert,Unknown credited artist,[],Super Smash Bros. Ultimate Vol. 02 - Super Mario (super-smash-bros.-ultimate-expanded-vol.-02-super-mario-switch-gamerip-2018),,,"[""video game soundtrack""]","[""und""]",,,,Super Smash Bros. Ultimate,,,khinsider_track_prominence_proxy,59.38628250740462,score_0_100,,,,83.75451300296186,,,,https://downloads.khinsider.com/game-soundtracks/album/super-smash-bros.-ultimate-expanded-vol.-02-super-mario-switch-gamerip-2018,2026-10-05,Track title is taken from KHInsider's soundtrack/gamerip album index. Popularity is an explicitly labelled proxy based on BeatHit game rank and track prominence.,"{""culture_category"":""video_game_music"",""video_game"":""Super Smash Bros. Ultimate"",""game_rank"":41,""game_association_kind"":""khinsider_game_soundtrack"",""khinsider_album_url"":""https://downloads.khinsider.com/game-soundtracks/album/super-smash-bros.-ultimate-expanded-vol.-02-super-mario-switch-gamerip-2018"",""khinsider_album_title"":""Super Smash Bros. Ultimate Vol. 02 - Super Mario (super-smash-bros.-ultimate-expanded-vol.-02-super-mario-switch-gamerip-2018)"",""khinsider_album_kind"":""official_or_gamerip"",""khinsider_album_match_score"":100.0,""relevance_score_100"":100.0,""popularity_score_100"":59.38628250740462,""score_100"":83.75451300296186,""popularity_basis"":""BeatHit master-list game rank plus track position proxy""}"
527,Bolero of Fire [Original],Unknown credited artist,[],Super Smash Bros. Ultimate Vol. 04 - The Legend of Zelda (super-smash-bros.-ultimate-expanded-vol.-04-the-legend-of-zelda-switch-gamerip-2018),,,"[""video game soundtrack""]","[""und""]",,,,Super Smash Bros. Ultimate,,,khinsider_track_prominence_proxy,59.38628250740462,score_0_100,,,,83.75451300296186,,,,https://downloads.khinsider.com/game-soundtracks/album/super-smash-bros.-ultimate-expanded-vol.-04-the-legend-of-zelda-switch-gamerip-2018,2026-10-05,Track title is taken from KHInsider's soundtrack/gamerip album index. Popularity is an explicitly labelled proxy based on BeatHit game rank and track prominence.,"{""culture_category"":""video_game_music"",""video_game"":""Super Smash Bros. Ultimate"",""game_rank"":41,""game_association_kind"":""khinsider_game_soundtrack"",""khinsider_album_url"":""https://downloads.khinsider.com/game-soundtracks/album/super-smash-bros.-ultimate-expanded-vol.-04-the-legend-of-zelda-switch-gamerip-2018"",""khinsider_album_title"":""Super Smash Bros. Ultimate Vol. 04 - The Legend of Zelda (super-smash-bros.-ultimate-expanded-vol.-04-the-legend-of-zelda-switch-gamerip-2018)"",""khinsider_album_kind"":""official_or_gamerip"",""khinsider_album_match_score"":100.0,""relevance_score_100"":100.0,""popularity_score_100"":59.38628250740462,""score_100"":83.75451300296186,""popularity_basis"":""BeatHit master-list game rank plus track position proxy""}"
528,02 Battle [Original],Unknown credited artist,[],Super Smash Bros. Ultimate Vol. 07 - Kirby (super-smash-bros.-ultimate-expanded-vol.-07-kirby-switch-gamerip-2018),,,"[""video game soundtrack""]","[""und""]",,,,Super Smash Bros. Ultimate,,,khinsider_track_prominence_proxy,59.38628250740462,score_0_100,,,,83.75451300296186,,,,https://downloads.khinsider.com/game-soundtracks/album/super-smash-bros.-ultimate-expanded-vol.-07-kirby-switch-gamerip-2018,2026-10-05,Track title is taken from KHInsider's soundtrack/gamerip album index. Popularity is an explicitly labelled proxy based on BeatHit game rank and track prominence.,"{""culture_category"":""video_game_music"",""video_game"":""Super Smash Bros. Ultimate"",""game_rank"":41,""game_association_kind"":""khinsider_game_soundtrack"",""khinsider_album_url"":""https://downloads.khinsider.com/game-soundtracks/album/super-smash-bros.-ultimate-expanded-vol.-07-kirby-switch-gamerip-2018"",""khinsider_album_title"":""Super Smash Bros. Ultimate Vol. 07 - Kirby (super-smash-bros.-ultimate-expanded-vol.-07-kirby-switch-gamerip-2018)"",""khinsider_album_kind"":""official_or_gamerip"",""khinsider_album_match_score"":100.0,""relevance_score_100"":100.0,""popularity_score_100"":59.38628250740462,""score_100"":83.75451300296186,""popularity_basis"":""BeatHit master-list game rank plus track position proxy""}"
529,N's Castle [Original],Unknown credited artist,[],Super Smash Bros. Ultimate Vol. 09 - Pokémon (super-smash-bros.-ultimate-expanded-vol.-09-pok-mon-switch-gamerip-2018),,,"[""video game soundtrack""]","[""und""]",,,,Super Smash Bros. Ultimate,,,khinsider_track_prominence_proxy,59.38628250740462,score_0_100,,,,83.75451300296186,,,,https://downloads.khinsider.com/game-soundtracks/album/super-smash-bros.-ultimate-expanded-vol.-09-pok-mon-switch-gamerip-2018,2026-10-05,Track title is taken from KHInsider's soundtrack/gamerip album index. Popularity is an explicitly labelled proxy based on BeatHit game rank and track prominence.,"{""culture_category"":""video_game_music"",""video_game"":""Super Smash Bros. Ultimate"",""game_rank"":41,""game_association_kind"":""khinsider_game_soundtrack"",""khinsider_album_url"":""https://downloads.khinsider.com/game-soundtracks/album/super-smash-bros.-ultimate-expanded-vol.-09-pok-mon-switch-gamerip-2018"",""khinsider_album_title"":""Super Smash Bros. Ultimate Vol. 09 - Pokémon (super-smash-bros.-ultimate-expanded-vol.-09-pok-mon-switch-gamerip-2018)"",""khinsider_album_kind"":""official_or_gamerip"",""khinsider_album_match_score"":100.0,""relevance_score_100"":100.0,""popularity_score_100"":59.38628250740462,""score_100"":83.75451300296186,""popularity_basis"":""BeatHit master-list game rank plus track position proxy""}"
530,Advance [Fire Emblem Mystery of the Emblem],Unknown credited artist,[],Super Smash Bros. Ultimate Enhanced Original Soundtrack (super-smash-bros.-ultimate-enhanced-original-soundtrack),,,"[""video game soundtrack""]","[""und""]",,,,Super Smash Bros. Ultimate,,,khinsider_track_prominence_proxy,59.17628250740462,score_0_100,,,,83.67051300296185,,,,https://downloads.khinsider.com/game-soundtracks/album/super-smash-bros.-ultimate-enhanced-original-soundtrack,2026-10-05,Track title is taken from KHInsider's soundtrack/gamerip album index. Popularity is an explicitly labelled proxy based on BeatHit game rank and track prominence.,"{""culture_category"":""video_game_music"",""video_game"":""Super Smash Bros. Ultimate"",""game_rank"":41,""game_association_kind"":""khinsider_game_soundtrack"",""khinsider_album_url"":""https://downloads.khinsider.com/game-soundtracks/album/super-smash-bros.-ultimate-enhanced-original-soundtrack"",""khinsider_album_title"":""Super Smash Bros. Ultimate Enhanced Original Soundtrack (super-smash-bros.-ultimate-enhanced-original-soundtrack)"",""khinsider_album_kind"":""official_or_gamerip"",""khinsider_album_match_score"":100.0,""relevance_score_100"":100.0,""popularity_score_100"":59.17628250740462,""score_100"":83.67051300296185,""popularity_basis"":""BeatHit master-list game rank plus track position proxy""}"
531,Multi-Man Smash,Unknown credited artist,[],Super Smash Bros. Ultimate Vol. 01 - Super Smash Bros. (super-smash-bros.-ultimate-expanded-vol.-01-super-smash-bros.-switch-gamerip-2018),,,"[""video game soundtrack""]","[""und""]",,,,Super Smash Bros. Ultimate,,,khinsider_track_prominence_proxy,59.17628250740462,score_0_100,,,,83.67051300296185,,,,https://downloads.khinsider.com/game-soundtracks/album/super-smash-bros.-ultimate-expanded-vol.-01-super-smash-bros.-switch-gamerip-2018,2026-10-05,Track title is taken from KHInsider's soundtrack/gamerip album index. Popularity is an explicitly labelled proxy based on BeatHit game rank and track prominence.,"{""culture_category"":""video_game_music"",""video_game"":""Super Smash Bros. Ultimate"",""game_rank"":41,""game_association_kind"":""khinsider_game_soundtrack"",""khinsider_album_url"":""https://downloads.khinsider.com/game-soundtracks/album/super-smash-bros.-ultimate-expanded-vol.-01-super-smash-bros.-switch-gamerip-2018"",""khinsider_album_title"":""Super Smash Bros. Ultimate Vol. 01 - Super Smash Bros. (super-smash-bros.-ultimate-expanded-vol.-01-super-smash-bros.-switch-gamerip-2018)"",""khinsider_album_kind"":""official_or_gamerip"",""khinsider_album_match_score"":100.0,""relevance_score_100"":100.0,""popularity_score_100"":59.17628250740462,""score_100"":83.67051300296185,""popularity_basis"":""BeatHit master-list game rank plus track position proxy""}"
532,Tough Guy Alert!,Unknown credited artist,[],Super Smash Bros. Ultimate Vol. 02 - Super Mario (super-smash-bros.-ultimate-expanded-vol.-02-super-mario-switch-gamerip-2018),,,"[""video game soundtrack""]","[""und""]",,,,Super Smash Bros. Ultimate,,,khinsider_track_prominence_proxy,59.17628250740462,score_0_100,,,,83.67051300296185,,,,https://downloads.khinsider.com/game-soundtracks/album/super-smash-bros.-ultimate-expanded-vol.-02-super-mario-switch-gamerip-2018,2026-10-05,Track title is taken from KHInsider's soundtrack/gamerip album index. Popularity is an explicitly labelled proxy based on BeatHit game rank and track prominence.,"{""culture_category"":""video_game_music"",""video_game"":""Super Smash Bros. Ultimate"",""game_rank"":41,""game_association_kind"":""khinsider_game_soundtrack"",""khinsider_album_url"":""https://downloads.khinsider.com/game-soundtracks/album/super-smash-bros.-ultimate-expanded-vol.-02-super-mario-switch-gamerip-2018"",""khinsider_album_title"":""Super Smash Bros. Ultimate Vol. 02 - Super Mario (super-smash-bros.-ultimate-expanded-vol.-02-super-mario-switch-gamerip-2018)"",""khinsider_album_kind"":""official_or_gamerip"",""khinsider_album_match_score"":100.0,""relevance_score_100"":100.0,""popularity_score_100"":59.17628250740462,""score_100"":83.67051300296185,""popularity_basis"":""BeatHit master-list game rank plus track position proxy""}"
533,Saria's Theme [Original],Unknown credited artist,[],Super Smash Bros. Ultimate Vol. 04 - The Legend of Zelda (super-smash-bros.-ultimate-expanded-vol.-04-the-legend-of-zelda-switch-gamerip-2018),,,"[""video game soundtrack""]","[""und""]",,,,Super Smash Bros. Ultimate,,,khinsider_track_prominence_proxy,59.17628250740462,score_0_100,,,,83.67051300296185,,,,https://downloads.khinsider.com/game-soundtracks/album/super-smash-bros.-ultimate-expanded-vol.-04-the-legend-of-zelda-switch-gamerip-2018,2026-10-05,Track title is taken from KHInsider's soundtrack/gamerip album index. Popularity is an explicitly labelled proxy based on BeatHit game rank and track prominence.,"{""culture_category"":""video_game_music"",""video_game"":""Super Smash Bros. Ultimate"",""game_rank"":41,""game_association_kind"":""khinsider_game_soundtrack"",""khinsider_album_url"":""https://downloads.khinsider.com/game-soundtracks/album/super-smash-bros.-ultimate-expanded-vol.-04-the-legend-of-zelda-switch-gamerip-2018"",""khinsider_album_title"":""Super Smash Bros. Ultimate Vol. 04 - The Legend of Zelda (super-smash-bros.-ultimate-expanded-vol.-04-the-legend-of-zelda-switch-gamerip-2018)"",""khinsider_album_kind"":""official_or_gamerip"",""khinsider_album_match_score"":100.0,""relevance_score_100"":100.0,""popularity_score_100"":59.17628250740462,""score_100"":83.67051300296185,""popularity_basis"":""BeatHit master-list game rank plus track position proxy""}"
534,Checker Knights,Unknown credited artist,[],Super Smash Bros. Ultimate Vol. 07 - Kirby (super-smash-bros.-ultimate-expanded-vol.-07-kirby-switch-gamerip-2018),,,"[""video game soundtrack""]","[""und""]",,,,Super Smash Bros. Ultimate,,,khinsider_track_prominence_proxy,59.17628250740462,score_0_100,,,,83.67051300296185,,,,https://downloads.khinsider.com/game-soundtracks/album/super-smash-bros.-ultimate-expanded-vol.-07-kirby-switch-gamerip-2018,2026-10-05,Track title is taken from KHInsider's soundtrack/gamerip album index. Popularity is an explicitly labelled proxy based on BeatHit game rank and track prominence.,"{""culture_category"":""video_game_music"",""video_game"":""Super Smash Bros. Ultimate"",""game_rank"":41,""game_association_kind"":""khinsider_game_soundtrack"",""khinsider_album_url"":""https://downloads.khinsider.com/game-soundtracks/album/super-smash-bros.-ultimate-expanded-vol.-07-kirby-switch-gamerip-2018"",""khinsider_album_title"":""Super Smash Bros. Ultimate Vol. 07 - Kirby (super-smash-bros.-ultimate-expanded-vol.-07-kirby-switch-gamerip-2018)"",""khinsider_album_kind"":""official_or_gamerip"",""khinsider_album_match_score"":100.0,""relevance_score_100"":100.0,""popularity_score_100"":59.17628250740462,""score_100"":83.67051300296185,""popularity_basis"":""BeatHit master-list game rank plus track position proxy""}"
535,Battle! (Reshiram  -  Zekrom) [Original],Unknown credited artist,[],Super Smash Bros. Ultimate Vol. 09 - Pokémon (super-smash-bros.-ultimate-expanded-vol.-09-pok-mon-switch-gamerip-2018),,,"[""video game soundtrack""]","[""und""]",,,,Super Smash Bros. Ultimate,,,khinsider_track_prominence_proxy,59.17628250740462,score_0_100,,,,83.67051300296185,,,,https://downloads.khinsider.com/game-soundtracks/album/super-smash-bros.-ultimate-expanded-vol.-09-pok-mon-switch-gamerip-2018,2026-10-05,Track title is taken from KHInsider's soundtrack/gamerip album index. Popularity is an explicitly labelled proxy based on BeatHit game rank and track prominence.,"{""culture_category"":""video_game_music"",""video_game"":""Super Smash Bros. Ultimate"",""game_rank"":41,""game_association_kind"":""khinsider_game_soundtrack"",""khinsider_album_url"":""https://downloads.khinsider.com/game-soundtracks/album/super-smash-bros.-ultimate-expanded-vol.-09-pok-mon-switch-gamerip-2018"",""khinsider_album_title"":""Super Smash Bros. Ultimate Vol. 09 - Pokémon (super-smash-bros.-ultimate-expanded-vol.-09-pok-mon-switch-gamerip-2018)"",""khinsider_album_kind"":""official_or_gamerip"",""khinsider_album_match_score"":100.0,""relevance_score_100"":100.0,""popularity_score_100"":59.17628250740462,""score_100"":83.67051300296185,""popularity_basis"":""BeatHit master-list game rank plus track position proxy""}"
536,Edge of Adversity [Fire Emblem Geneaology of the Holy War],Unknown credited artist,[],Super Smash Bros. Ultimate Enhanced Original Soundtrack (super-smash-bros.-ultimate-enhanced-original-soundtrack),,,"[""video game soundtrack""]","[""und""]",,,,Super Smash Bros. Ultimate,,,khinsider_track_prominence_proxy,58.96628250740463,score_0_100,,,,83.58651300296185,,,,https://downloads.khinsider.com/game-soundtracks/album/super-smash-bros.-ultimate-enhanced-original-soundtrack,2026-10-05,Track title is taken from KHInsider's soundtrack/gamerip album index. Popularity is an explicitly labelled proxy based on BeatHit game rank and track prominence.,"{""culture_category"":""video_game_music"",""video_game"":""Super Smash Bros. Ultimate"",""game_rank"":41,""game_association_kind"":""khinsider_game_soundtrack"",""khinsider_album_url"":""https://downloads.khinsider.com/game-soundtracks/album/super-smash-bros.-ultimate-enhanced-original-soundtrack"",""khinsider_album_title"":""Super Smash Bros. Ultimate Enhanced Original Soundtrack (super-smash-bros.-ultimate-enhanced-original-soundtrack)"",""khinsider_album_kind"":""official_or_gamerip"",""khinsider_album_match_score"":100.0,""relevance_score_100"":100.0,""popularity_score_100"":58.96628250740463,""score_100"":83.58651300296185,""popularity_basis"":""BeatHit master-list game rank plus track position proxy""}"
537,Multi-Man Melee,Unknown credited artist,[],Super Smash Bros. Ultimate Vol. 01 - Super Smash Bros. (super-smash-bros.-ultimate-expanded-vol.-01-super-smash-bros.-switch-gamerip-2018),,,"[""video game soundtrack""]","[""und""]",,,,Super Smash Bros. Ultimate,,,khinsider_track_prominence_proxy,58.96628250740463,score_0_100,,,,83.58651300296185,,,,https://downloads.khinsider.com/game-soundtracks/album/super-smash-bros.-ultimate-expanded-vol.-01-super-smash-bros.-switch-gamerip-2018,2026-10-05,Track title is taken from KHInsider's soundtrack/gamerip album index. Popularity is an explicitly labelled proxy based on BeatHit game rank and track prominence.,"{""culture_category"":""video_game_music"",""video_game"":""Super Smash Bros. Ultimate"",""game_rank"":41,""game_association_kind"":""khinsider_game_soundtrack"",""khinsider_album_url"":""https://downloads.khinsider.com/game-soundtracks/album/super-smash-bros.-ultimate-expanded-vol.-01-super-smash-bros.-switch-gamerip-2018"",""khinsider_album_title"":""Super Smash Bros. Ultimate Vol. 01 - Super Smash Bros. (super-smash-bros.-ultimate-expanded-vol.-01-super-smash-bros.-switch-gamerip-2018)"",""khinsider_album_kind"":""official_or_gamerip"",""khinsider_album_match_score"":100.0,""relevance_score_100"":100.0,""popularity_score_100"":58.96628250740463,""score_100"":83.58651300296185,""popularity_basis"":""BeatHit master-list game rank plus track position proxy""}"
538,The Grand Finale,Unknown credited artist,[],Super Smash Bros. Ultimate Vol. 02 - Super Mario (super-smash-bros.-ultimate-expanded-vol.-02-super-mario-switch-gamerip-2018),,,"[""video game soundtrack""]","[""und""]",,,,Super Smash Bros. Ultimate,,,khinsider_track_prominence_proxy,58.96628250740463,score_0_100,,,,83.58651300296185,,,,https://downloads.khinsider.com/game-soundtracks/album/super-smash-bros.-ultimate-expanded-vol.-02-super-mario-switch-gamerip-2018,2026-10-05,Track title is taken from KHInsider's soundtrack/gamerip album index. Popularity is an explicitly labelled proxy based on BeatHit game rank and track prominence.,"{""culture_category"":""video_game_music"",""video_game"":""Super Smash Bros. Ultimate"",""game_rank"":41,""game_association_kind"":""khinsider_game_soundtrack"",""khinsider_album_url"":""https://downloads.khinsider.com/game-soundtracks/album/super-smash-bros.-ultimate-expanded-vol.-02-super-mario-switch-gamerip-2018"",""khinsider_album_title"":""Super Smash Bros. Ultimate Vol. 02 - Super Mario (super-smash-bros.-ultimate-expanded-vol.-02-super-mario-switch-gamerip-2018)"",""khinsider_album_kind"":""official_or_gamerip"",""khinsider_album_match_score"":100.0,""relevance_score_100"":100.0,""popularity_score_100"":58.96628250740463,""score_100"":83.58651300296185,""popularity_basis"":""BeatHit master-list game rank plus track position proxy""}"
539,Saria's Song [Original],Unknown credited artist,[],Super Smash Bros. Ultimate Vol. 04 - The Legend of Zelda (super-smash-bros.-ultimate-expanded-vol.-04-the-legend-of-zelda-switch-gamerip-2018),,,"[""video game soundtrack""]","[""und""]",,,,Super Smash Bros. Ultimate,,,khinsider_track_prominence_proxy,58.96628250740463,score_0_100,,,,83.58651300296185,,,,https://downloads.khinsider.com/game-soundtracks/album/super-smash-bros.-ultimate-expanded-vol.-04-the-legend-of-zelda-switch-gamerip-2018,2026-10-05,Track title is taken from KHInsider's soundtrack/gamerip album index. Popularity is an explicitly labelled proxy based on BeatHit game rank and track prominence.,"{""culture_category"":""video_game_music"",""video_game"":""Super Smash Bros. Ultimate"",""game_rank"":41,""game_association_kind"":""khinsider_game_soundtrack"",""khinsider_album_url"":""https://downloads.khinsider.com/game-soundtracks/album/super-smash-bros.-ultimate-expanded-vol.-04-the-legend-of-zelda-switch-gamerip-2018"",""khinsider_album_title"":""Super Smash Bros. Ultimate Vol. 04 - The Legend of Zelda (super-smash-bros.-ultimate-expanded-vol.-04-the-legend-of-zelda-switch-gamerip-2018)"",""khinsider_album_kind"":""official_or_gamerip"",""khinsider_album_match_score"":100.0,""relevance_score_100"":100.0,""popularity_score_100"":58.96628250740463,""score_100"":83.58651300296185,""popularity_basis"":""BeatHit master-list game rank plus track position proxy""}"
540,City Trial [Original],Unknown credited artist,[],Super Smash Bros. Ultimate Vol. 07 - Kirby (super-smash-bros.-ultimate-expanded-vol.-07-kirby-switch-gamerip-2018),,,"[""video game soundtrack""]","[""und""]",,,,Super Smash Bros. Ultimate,,,khinsider_track_prominence_proxy,58.96628250740463,score_0_100,,,,83.58651300296185,,,,https://downloads.khinsider.com/game-soundtracks/album/super-smash-bros.-ultimate-expanded-vol.-07-kirby-switch-gamerip-2018,2026-10-05,Track title is taken from KHInsider's soundtrack/gamerip album index. Popularity is an explicitly labelled proxy based on BeatHit game rank and track prominence.,"{""culture_category"":""video_game_music"",""video_game"":""Super Smash Bros. Ultimate"",""game_rank"":41,""game_association_kind"":""khinsider_game_soundtrack"",""khinsider_album_url"":""https://downloads.khinsider.com/game-soundtracks/album/super-smash-bros.-ultimate-expanded-vol.-07-kirby-switch-gamerip-2018"",""khinsider_album_title"":""Super Smash Bros. Ultimate Vol. 07 - Kirby (super-smash-bros.-ultimate-expanded-vol.-07-kirby-switch-gamerip-2018)"",""khinsider_album_kind"":""official_or_gamerip"",""khinsider_album_match_score"":100.0,""relevance_score_100"":100.0,""popularity_score_100"":58.96628250740463,""score_100"":83.58651300296185,""popularity_basis"":""BeatHit master-list game rank plus track position proxy""}"
541,Route 23 - Pokémon Black 2  -  Pokémon White 2 [Original],Unknown credited artist,[],Super Smash Bros. Ultimate Vol. 09 - Pokémon (super-smash-bros.-ultimate-expanded-vol.-09-pok-mon-switch-gamerip-2018),,,"[""video game soundtrack""]","[""und""]",,,,Super Smash Bros. Ultimate,,,khinsider_track_prominence_proxy,58.96628250740463,score_0_100,,,,83.58651300296185,,,,https://downloads.khinsider.com/game-soundtracks/album/super-smash-bros.-ultimate-expanded-vol.-09-pok-mon-switch-gamerip-2018,2026-10-05,Track title is taken from KHInsider's soundtrack/gamerip album index. Popularity is an explicitly labelled proxy based on BeatHit game rank and track prominence.,"{""culture_category"":""video_game_music"",""video_game"":""Super Smash Bros. Ultimate"",""game_rank"":41,""game_association_kind"":""khinsider_game_soundtrack"",""khinsider_album_url"":""https://downloads.khinsider.com/game-soundtracks/album/super-smash-bros.-ultimate-expanded-vol.-09-pok-mon-switch-gamerip-2018"",""khinsider_album_title"":""Super Smash Bros. Ultimate Vol. 09 - Pokémon (super-smash-bros.-ultimate-expanded-vol.-09-pok-mon-switch-gamerip-2018)"",""khinsider_album_kind"":""official_or_gamerip"",""khinsider_album_match_score"":100.0,""relevance_score_100"":100.0,""popularity_score_100"":58.96628250740463,""score_100"":83.58651300296185,""popularity_basis"":""BeatHit master-list game rank plus track position proxy""}"
542,Beyond Distant Skies - Roy's Departure [Fire Emblem The Binding Blade],Unknown credited artist,[],Super Smash Bros. Ultimate Enhanced Original Soundtrack (super-smash-bros.-ultimate-enhanced-original-soundtrack),,,"[""video game soundtrack""]","[""und""]",,,,Super Smash Bros. Ultimate,,,khinsider_track_prominence_proxy,58.75628250740462,score_0_100,,,,83.50251300296185,,,,https://downloads.khinsider.com/game-soundtracks/album/super-smash-bros.-ultimate-enhanced-original-soundtrack,2026-10-05,Track title is taken from KHInsider's soundtrack/gamerip album index. Popularity is an explicitly labelled proxy based on BeatHit game rank and track prominence.,"{""culture_category"":""video_game_music"",""video_game"":""Super Smash Bros. Ultimate"",""game_rank"":41,""game_association_kind"":""khinsider_game_soundtrack"",""khinsider_album_url"":""https://downloads.khinsider.com/game-soundtracks/album/super-smash-bros.-ultimate-enhanced-original-soundtrack"",""khinsider_album_title"":""Super Smash Bros. Ultimate Enhanced Original Soundtrack (super-smash-bros.-ultimate-enhanced-original-soundtrack)"",""khinsider_album_kind"":""official_or_gamerip"",""khinsider_album_match_score"":100.0,""relevance_score_100"":100.0,""popularity_score_100"":58.75628250740462,""score_100"":83.50251300296185,""popularity_basis"":""BeatHit master-list game rank plus track position proxy""}"
543,Multi-Man Melee 2,Unknown credited artist,[],Super Smash Bros. Ultimate Vol. 01 - Super Smash Bros. (super-smash-bros.-ultimate-expanded-vol.-01-super-smash-bros.-switch-gamerip-2018),,,"[""video game soundtrack""]","[""und""]",,,,Super Smash Bros. Ultimate,,,khinsider_track_prominence_proxy,58.75628250740462,score_0_100,,,,83.50251300296185,,,,https://downloads.khinsider.com/game-soundtracks/album/super-smash-bros.-ultimate-expanded-vol.-01-super-smash-bros.-switch-gamerip-2018,2026-10-05,Track title is taken from KHInsider's soundtrack/gamerip album index. Popularity is an explicitly labelled proxy based on BeatHit game rank and track prominence.,"{""culture_category"":""video_game_music"",""video_game"":""Super Smash Bros. Ultimate"",""game_rank"":41,""game_association_kind"":""khinsider_game_soundtrack"",""khinsider_album_url"":""https://downloads.khinsider.com/game-soundtracks/album/super-smash-bros.-ultimate-expanded-vol.-01-super-smash-bros.-switch-gamerip-2018"",""khinsider_album_title"":""Super Smash Bros. Ultimate Vol. 01 - Super Smash Bros. (super-smash-bros.-ultimate-expanded-vol.-01-super-smash-bros.-switch-gamerip-2018)"",""khinsider_album_kind"":""official_or_gamerip"",""khinsider_album_match_score"":100.0,""relevance_score_100"":100.0,""popularity_score_100"":58.75628250740462,""score_100"":83.50251300296185,""popularity_basis"":""BeatHit master-list game rank plus track position proxy""}"
544,Paper Mario Medley,Unknown credited artist,[],Super Smash Bros. Ultimate Vol. 02 - Super Mario (super-smash-bros.-ultimate-expanded-vol.-02-super-mario-switch-gamerip-2018),,,"[""video game soundtrack""]","[""und""]",,,,Super Smash Bros. Ultimate,,,khinsider_track_prominence_proxy,58.75628250740462,score_0_100,,,,83.50251300296185,,,,https://downloads.khinsider.com/game-soundtracks/album/super-smash-bros.-ultimate-expanded-vol.-02-super-mario-switch-gamerip-2018,2026-10-05,Track title is taken from KHInsider's soundtrack/gamerip album index. Popularity is an explicitly labelled proxy based on BeatHit game rank and track prominence.,"{""culture_category"":""video_game_music"",""video_game"":""Super Smash Bros. Ultimate"",""game_rank"":41,""game_association_kind"":""khinsider_game_soundtrack"",""khinsider_album_url"":""https://downloads.khinsider.com/game-soundtracks/album/super-smash-bros.-ultimate-expanded-vol.-02-super-mario-switch-gamerip-2018"",""khinsider_album_title"":""Super Smash Bros. Ultimate Vol. 02 - Super Mario (super-smash-bros.-ultimate-expanded-vol.-02-super-mario-switch-gamerip-2018)"",""khinsider_album_kind"":""official_or_gamerip"",""khinsider_album_match_score"":100.0,""relevance_score_100"":100.0,""popularity_score_100"":58.75628250740462,""score_100"":83.50251300296185,""popularity_basis"":""BeatHit master-list game rank plus track position proxy""}"
545,Middle Boss Battle [Original],Unknown credited artist,[],Super Smash Bros. Ultimate Vol. 04 - The Legend of Zelda (super-smash-bros.-ultimate-expanded-vol.-04-the-legend-of-zelda-switch-gamerip-2018),,,"[""video game soundtrack""]","[""und""]",,,,Super Smash Bros. Ultimate,,,khinsider_track_prominence_proxy,58.75628250740462,score_0_100,,,,83.50251300296185,,,,https://downloads.khinsider.com/game-soundtracks/album/super-smash-bros.-ultimate-expanded-vol.-04-the-legend-of-zelda-switch-gamerip-2018,2026-10-05,Track title is taken from KHInsider's soundtrack/gamerip album index. Popularity is an explicitly labelled proxy based on BeatHit game rank and track prominence.,"{""culture_category"":""video_game_music"",""video_game"":""Super Smash Bros. Ultimate"",""game_rank"":41,""game_association_kind"":""khinsider_game_soundtrack"",""khinsider_album_url"":""https://downloads.khinsider.com/game-soundtracks/album/super-smash-bros.-ultimate-expanded-vol.-04-the-legend-of-zelda-switch-gamerip-2018"",""khinsider_album_title"":""Super Smash Bros. Ultimate Vol. 04 - The Legend of Zelda (super-smash-bros.-ultimate-expanded-vol.-04-the-legend-of-zelda-switch-gamerip-2018)"",""khinsider_album_kind"":""official_or_gamerip"",""khinsider_album_match_score"":100.0,""relevance_score_100"":100.0,""popularity_score_100"":58.75628250740462,""score_100"":83.50251300296185,""popularity_basis"":""BeatHit master-list game rank plus track position proxy""}"
546,The Legendary Air Ride Machine [Original],Unknown credited artist,[],Super Smash Bros. Ultimate Vol. 07 - Kirby (super-smash-bros.-ultimate-expanded-vol.-07-kirby-switch-gamerip-2018),,,"[""video game soundtrack""]","[""und""]",,,,Super Smash Bros. Ultimate,,,khinsider_track_prominence_proxy,58.75628250740462,score_0_100,,,,83.50251300296185,,,,https://downloads.khinsider.com/game-soundtracks/album/super-smash-bros.-ultimate-expanded-vol.-07-kirby-switch-gamerip-2018,2026-10-05,Track title is taken from KHInsider's soundtrack/gamerip album index. Popularity is an explicitly labelled proxy based on BeatHit game rank and track prominence.,"{""culture_category"":""video_game_music"",""video_game"":""Super Smash Bros. Ultimate"",""game_rank"":41,""game_association_kind"":""khinsider_game_soundtrack"",""khinsider_album_url"":""https://downloads.khinsider.com/game-soundtracks/album/super-smash-bros.-ultimate-expanded-vol.-07-kirby-switch-gamerip-2018"",""khinsider_album_title"":""Super Smash Bros. Ultimate Vol. 07 - Kirby (super-smash-bros.-ultimate-expanded-vol.-07-kirby-switch-gamerip-2018)"",""khinsider_album_kind"":""official_or_gamerip"",""khinsider_album_match_score"":100.0,""relevance_score_100"":100.0,""popularity_score_100"":58.75628250740462,""score_100"":83.50251300296185,""popularity_basis"":""BeatHit master-list game rank plus track position proxy""}"
547,Battle! (Trainer Battle) - Pokémon X  -  Pokémon Y [Original],Unknown credited artist,[],Super Smash Bros. Ultimate Vol. 09 - Pokémon (super-smash-bros.-ultimate-expanded-vol.-09-pok-mon-switch-gamerip-2018),,,"[""video game soundtrack""]","[""und""]",,,,Super Smash Bros. Ultimate,,,khinsider_track_prominence_proxy,58.75628250740462,score_0_100,,,,83.50251300296185,,,,https://downloads.khinsider.com/game-soundtracks/album/super-smash-bros.-ultimate-expanded-vol.-09-pok-mon-switch-gamerip-2018,2026-10-05,Track title is taken from KHInsider's soundtrack/gamerip album index. Popularity is an explicitly labelled proxy based on BeatHit game rank and track prominence.,"{""culture_category"":""video_game_music"",""video_game"":""Super Smash Bros. Ultimate"",""game_rank"":41,""game_association_kind"":""khinsider_game_soundtrack"",""khinsider_album_url"":""https://downloads.khinsider.com/game-soundtracks/album/super-smash-bros.-ultimate-expanded-vol.-09-pok-mon-switch-gamerip-2018"",""khinsider_album_title"":""Super Smash Bros. Ultimate Vol. 09 - Pokémon (super-smash-bros.-ultimate-expanded-vol.-09-pok-mon-switch-gamerip-2018)"",""khinsider_album_kind"":""official_or_gamerip"",""khinsider_album_match_score"":100.0,""relevance_score_100"":100.0,""popularity_score_100"":58.75628250740462,""score_100"":83.50251300296185,""popularity_basis"":""BeatHit master-list game rank plus track position proxy""}"
548,Victory! [Fire Emblem],Unknown credited artist,[],Super Smash Bros. Ultimate Enhanced Original Soundtrack (super-smash-bros.-ultimate-enhanced-original-soundtrack),,,"[""video game soundtrack""]","[""und""]",,,,Super Smash Bros. Ultimate,,,khinsider_track_prominence_proxy,58.54628250740463,score_0_100,,,,83.41851300296184,,,,https://downloads.khinsider.com/game-soundtracks/album/super-smash-bros.-ultimate-enhanced-original-soundtrack,2026-10-05,Track title is taken from KHInsider's soundtrack/gamerip album index. Popularity is an explicitly labelled proxy based on BeatHit game rank and track prominence.,"{""culture_category"":""video_game_music"",""video_game"":""Super Smash Bros. Ultimate"",""game_rank"":41,""game_association_kind"":""khinsider_game_soundtrack"",""khinsider_album_url"":""https://downloads.khinsider.com/game-soundtracks/album/super-smash-bros.-ultimate-enhanced-original-soundtrack"",""khinsider_album_title"":""Super Smash Bros. Ultimate Enhanced Original Soundtrack (super-smash-bros.-ultimate-enhanced-original-soundtrack)"",""khinsider_album_kind"":""official_or_gamerip"",""khinsider_album_match_score"":100.0,""relevance_score_100"":100.0,""popularity_score_100"":58.54628250740463,""score_100"":83.41851300296184,""popularity_basis"":""BeatHit master-list game rank plus track position proxy""}"
549,Cruel Smash,Unknown credited artist,[],Super Smash Bros. Ultimate Vol. 01 - Super Smash Bros. (super-smash-bros.-ultimate-expanded-vol.-01-super-smash-bros.-switch-gamerip-2018),,,"[""video game soundtrack""]","[""und""]",,,,Super Smash Bros. Ultimate,,,khinsider_track_prominence_proxy,58.54628250740463,score_0_100,,,,83.41851300296184,,,,https://downloads.khinsider.com/game-soundtracks/album/super-smash-bros.-ultimate-expanded-vol.-01-super-smash-bros.-switch-gamerip-2018,2026-10-05,Track title is taken from KHInsider's soundtrack/gamerip album index. Popularity is an explicitly labelled proxy based on BeatHit game rank and track prominence.,"{""culture_category"":""video_game_music"",""video_game"":""Super Smash Bros. Ultimate"",""game_rank"":41,""game_association_kind"":""khinsider_game_soundtrack"",""khinsider_album_url"":""https://downloads.khinsider.com/game-soundtracks/album/super-smash-bros.-ultimate-expanded-vol.-01-super-smash-bros.-switch-gamerip-2018"",""khinsider_album_title"":""Super Smash Bros. Ultimate Vol. 01 - Super Smash Bros. (super-smash-bros.-ultimate-expanded-vol.-01-super-smash-bros.-switch-gamerip-2018)"",""khinsider_album_kind"":""official_or_gamerip"",""khinsider_album_match_score"":100.0,""relevance_score_100"":100.0,""popularity_score_100"":58.54628250740463,""score_100"":83.41851300296184,""popularity_basis"":""BeatHit master-list game rank plus track position proxy""}"
550,"Try, Try Again",Unknown credited artist,[],Super Smash Bros. Ultimate Vol. 02 - Super Mario (super-smash-bros.-ultimate-expanded-vol.-02-super-mario-switch-gamerip-2018),,,"[""video game soundtrack""]","[""und""]",,,,Super Smash Bros. Ultimate,,,khinsider_track_prominence_proxy,58.54628250740463,score_0_100,,,,83.41851300296184,,,,https://downloads.khinsider.com/game-soundtracks/album/super-smash-bros.-ultimate-expanded-vol.-02-super-mario-switch-gamerip-2018,2026-10-05,Track title is taken from KHInsider's soundtrack/gamerip album index. Popularity is an explicitly labelled proxy based on BeatHit game rank and track prominence.,"{""culture_category"":""video_game_music"",""video_game"":""Super Smash Bros. Ultimate"",""game_rank"":41,""game_association_kind"":""khinsider_game_soundtrack"",""khinsider_album_url"":""https://downloads.khinsider.com/game-soundtracks/album/super-smash-bros.-ultimate-expanded-vol.-02-super-mario-switch-gamerip-2018"",""khinsider_album_title"":""Super Smash Bros. Ultimate Vol. 02 - Super Mario (super-smash-bros.-ultimate-expanded-vol.-02-super-mario-switch-gamerip-2018)"",""khinsider_album_kind"":""official_or_gamerip"",""khinsider_album_match_score"":100.0,""relevance_score_100"":100.0,""popularity_score_100"":58.54628250740463,""score_100"":83.41851300296184,""popularity_basis"":""BeatHit master-list game rank plus track position proxy""}"
551,Song of Storms [Original],Unknown credited artist,[],Super Smash Bros. Ultimate Vol. 04 - The Legend of Zelda (super-smash-bros.-ultimate-expanded-vol.-04-the-legend-of-zelda-switch-gamerip-2018),,,"[""video game soundtrack""]","[""und""]",,,,Super Smash Bros. Ultimate,,,khinsider_track_prominence_proxy,58.54628250740463,score_0_100,,,,83.41851300296184,,,,https://downloads.khinsider.com/game-soundtracks/album/super-smash-bros.-ultimate-expanded-vol.-04-the-legend-of-zelda-switch-gamerip-2018,2026-10-05,Track title is taken from KHInsider's soundtrack/gamerip album index. Popularity is an explicitly labelled proxy based on BeatHit game rank and track prominence.,"{""culture_category"":""video_game_music"",""video_game"":""Super Smash Bros. Ultimate"",""game_rank"":41,""game_association_kind"":""khinsider_game_soundtrack"",""khinsider_album_url"":""https://downloads.khinsider.com/game-soundtracks/album/super-smash-bros.-ultimate-expanded-vol.-04-the-legend-of-zelda-switch-gamerip-2018"",""khinsider_album_title"":""Super Smash Bros. Ultimate Vol. 04 - The Legend of Zelda (super-smash-bros.-ultimate-expanded-vol.-04-the-legend-of-zelda-switch-gamerip-2018)"",""khinsider_album_kind"":""official_or_gamerip"",""khinsider_album_match_score"":100.0,""relevance_score_100"":100.0,""popularity_score_100"":58.54628250740463,""score_100"":83.41851300296184,""popularity_basis"":""BeatHit master-list game rank plus track position proxy""}"
552,Forest - Nature Area [Original],Unknown credited artist,[],Super Smash Bros. Ultimate Vol. 07 - Kirby (super-smash-bros.-ultimate-expanded-vol.-07-kirby-switch-gamerip-2018),,,"[""video game soundtrack""]","[""und""]",,,,Super Smash Bros. Ultimate,,,khinsider_track_prominence_proxy,58.54628250740463,score_0_100,,,,83.41851300296184,,,,https://downloads.khinsider.com/game-soundtracks/album/super-smash-bros.-ultimate-expanded-vol.-07-kirby-switch-gamerip-2018,2026-10-05,Track title is taken from KHInsider's soundtrack/gamerip album index. Popularity is an explicitly labelled proxy based on BeatHit game rank and track prominence.,"{""culture_category"":""video_game_music"",""video_game"":""Super Smash Bros. Ultimate"",""game_rank"":41,""game_association_kind"":""khinsider_game_soundtrack"",""khinsider_album_url"":""https://downloads.khinsider.com/game-soundtracks/album/super-smash-bros.-ultimate-expanded-vol.-07-kirby-switch-gamerip-2018"",""khinsider_album_title"":""Super Smash Bros. Ultimate Vol. 07 - Kirby (super-smash-bros.-ultimate-expanded-vol.-07-kirby-switch-gamerip-2018)"",""khinsider_album_kind"":""official_or_gamerip"",""khinsider_album_match_score"":100.0,""relevance_score_100"":100.0,""popularity_score_100"":58.54628250740463,""score_100"":83.41851300296184,""popularity_basis"":""BeatHit master-list game rank plus track position proxy""}"
553,Battle! (Team Flare) [Original],Unknown credited artist,[],Super Smash Bros. Ultimate Vol. 09 - Pokémon (super-smash-bros.-ultimate-expanded-vol.-09-pok-mon-switch-gamerip-2018),,,"[""video game soundtrack""]","[""und""]",,,,Super Smash Bros. Ultimate,,,khinsider_track_prominence_proxy,58.54628250740463,score_0_100,,,,83.41851300296184,,,,https://downloads.khinsider.com/game-soundtracks/album/super-smash-bros.-ultimate-expanded-vol.-09-pok-mon-switch-gamerip-2018,2026-10-05,Track title is taken from KHInsider's soundtrack/gamerip album index. Popularity is an explicitly labelled proxy based on BeatHit game rank and track prominence.,"{""culture_category"":""video_game_music"",""video_game"":""Super Smash Bros. Ultimate"",""game_rank"":41,""game_association_kind"":""khinsider_game_soundtrack"",""khinsider_album_url"":""https://downloads.khinsider.com/game-soundtracks/album/super-smash-bros.-ultimate-expanded-vol.-09-pok-mon-switch-gamerip-2018"",""khinsider_album_title"":""Super Smash Bros. Ultimate Vol. 09 - Pokémon (super-smash-bros.-ultimate-expanded-vol.-09-pok-mon-switch-gamerip-2018)"",""khinsider_album_kind"":""official_or_gamerip"",""khinsider_album_match_score"":100.0,""relevance_score_100"":100.0,""popularity_score_100"":58.54628250740463,""score_100"":83.41851300296184,""popularity_basis"":""BeatHit master-list game rank plus track position proxy""}"
554,Prelude (Ablaze) [Fire Emblem Awakening],Unknown credited artist,[],Super Smash Bros. Ultimate Enhanced Original Soundtrack (super-smash-bros.-ultimate-enhanced-original-soundtrack),,,"[""video game soundtrack""]","[""und""]",,,,Super Smash Bros. Ultimate,,,khinsider_track_prominence_proxy,58.33628250740462,score_0_100,,,,83.33451300296184,,,,https://downloads.khinsider.com/game-soundtracks/album/super-smash-bros.-ultimate-enhanced-original-soundtrack,2026-10-05,Track title is taken from KHInsider's soundtrack/gamerip album index. Popularity is an explicitly labelled proxy based on BeatHit game rank and track prominence.,"{""culture_category"":""video_game_music"",""video_game"":""Super Smash Bros. Ultimate"",""game_rank"":41,""game_association_kind"":""khinsider_game_soundtrack"",""khinsider_album_url"":""https://downloads.khinsider.com/game-soundtracks/album/super-smash-bros.-ultimate-enhanced-original-soundtrack"",""khinsider_album_title"":""Super Smash Bros. Ultimate Enhanced Original Soundtrack (super-smash-bros.-ultimate-enhanced-original-soundtrack)"",""khinsider_album_kind"":""official_or_gamerip"",""khinsider_album_match_score"":100.0,""relevance_score_100"":100.0,""popularity_score_100"":58.33628250740462,""score_100"":83.33451300296184,""popularity_basis"":""BeatHit master-list game rank plus track position proxy""}"
555,Credits - Super Smash Bros.,Unknown credited artist,[],Super Smash Bros. Ultimate Vol. 01 - Super Smash Bros. (super-smash-bros.-ultimate-expanded-vol.-01-super-smash-bros.-switch-gamerip-2018),,,"[""video game soundtrack""]","[""und""]",,,,Super Smash Bros. Ultimate,,,khinsider_track_prominence_proxy,58.33628250740462,score_0_100,,,,83.33451300296184,,,,https://downloads.khinsider.com/game-soundtracks/album/super-smash-bros.-ultimate-expanded-vol.-01-super-smash-bros.-switch-gamerip-2018,2026-10-05,Track title is taken from KHInsider's soundtrack/gamerip album index. Popularity is an explicitly labelled proxy based on BeatHit game rank and track prominence.,"{""culture_category"":""video_game_music"",""video_game"":""Super Smash Bros. Ultimate"",""game_rank"":41,""game_association_kind"":""khinsider_game_soundtrack"",""khinsider_album_url"":""https://downloads.khinsider.com/game-soundtracks/album/super-smash-bros.-ultimate-expanded-vol.-01-super-smash-bros.-switch-gamerip-2018"",""khinsider_album_title"":""Super Smash Bros. Ultimate Vol. 01 - Super Smash Bros. (super-smash-bros.-ultimate-expanded-vol.-01-super-smash-bros.-switch-gamerip-2018)"",""khinsider_album_kind"":""official_or_gamerip"",""khinsider_album_match_score"":100.0,""relevance_score_100"":100.0,""popularity_score_100"":58.33628250740462,""score_100"":83.33451300296184,""popularity_basis"":""BeatHit master-list game rank plus track position proxy""}"
556,Time's Running Out!,Unknown credited artist,[],Super Smash Bros. Ultimate Vol. 02 - Super Mario (super-smash-bros.-ultimate-expanded-vol.-02-super-mario-switch-gamerip-2018),,,"[""video game soundtrack""]","[""und""]",,,,Super Smash Bros. Ultimate,,,khinsider_track_prominence_proxy,58.33628250740462,score_0_100,,,,83.33451300296184,,,,https://downloads.khinsider.com/game-soundtracks/album/super-smash-bros.-ultimate-expanded-vol.-02-super-mario-switch-gamerip-2018,2026-10-05,Track title is taken from KHInsider's soundtrack/gamerip album index. Popularity is an explicitly labelled proxy based on BeatHit game rank and track prominence.,"{""culture_category"":""video_game_music"",""video_game"":""Super Smash Bros. Ultimate"",""game_rank"":41,""game_association_kind"":""khinsider_game_soundtrack"",""khinsider_album_url"":""https://downloads.khinsider.com/game-soundtracks/album/super-smash-bros.-ultimate-expanded-vol.-02-super-mario-switch-gamerip-2018"",""khinsider_album_title"":""Super Smash Bros. Ultimate Vol. 02 - Super Mario (super-smash-bros.-ultimate-expanded-vol.-02-super-mario-switch-gamerip-2018)"",""khinsider_album_kind"":""official_or_gamerip"",""khinsider_album_match_score"":100.0,""relevance_score_100"":100.0,""popularity_score_100"":58.33628250740462,""score_100"":83.33451300296184,""popularity_basis"":""BeatHit master-list game rank plus track position proxy""}"
557,The Great Sea [Original],Unknown credited artist,[],Super Smash Bros. Ultimate Vol. 04 - The Legend of Zelda (super-smash-bros.-ultimate-expanded-vol.-04-the-legend-of-zelda-switch-gamerip-2018),,,"[""video game soundtrack""]","[""und""]",,,,Super Smash Bros. Ultimate,,,khinsider_track_prominence_proxy,58.33628250740462,score_0_100,,,,83.33451300296184,,,,https://downloads.khinsider.com/game-soundtracks/album/super-smash-bros.-ultimate-expanded-vol.-04-the-legend-of-zelda-switch-gamerip-2018,2026-10-05,Track title is taken from KHInsider's soundtrack/gamerip album index. Popularity is an explicitly labelled proxy based on BeatHit game rank and track prominence.,"{""culture_category"":""video_game_music"",""video_game"":""Super Smash Bros. Ultimate"",""game_rank"":41,""game_association_kind"":""khinsider_game_soundtrack"",""khinsider_album_url"":""https://downloads.khinsider.com/game-soundtracks/album/super-smash-bros.-ultimate-expanded-vol.-04-the-legend-of-zelda-switch-gamerip-2018"",""khinsider_album_title"":""Super Smash Bros. Ultimate Vol. 04 - The Legend of Zelda (super-smash-bros.-ultimate-expanded-vol.-04-the-legend-of-zelda-switch-gamerip-2018)"",""khinsider_album_kind"":""official_or_gamerip"",""khinsider_album_match_score"":100.0,""relevance_score_100"":100.0,""popularity_score_100"":58.33628250740462,""score_100"":83.33451300296184,""popularity_basis"":""BeatHit master-list game rank plus track position proxy""}"
558,Squeak Squad Theme [Original],Unknown credited artist,[],Super Smash Bros. Ultimate Vol. 07 - Kirby (super-smash-bros.-ultimate-expanded-vol.-07-kirby-switch-gamerip-2018),,,"[""video game soundtrack""]","[""und""]",,,,Super Smash Bros. Ultimate,,,khinsider_track_prominence_proxy,58.33628250740462,score_0_100,,,,83.33451300296184,,,,https://downloads.khinsider.com/game-soundtracks/album/super-smash-bros.-ultimate-expanded-vol.-07-kirby-switch-gamerip-2018,2026-10-05,Track title is taken from KHInsider's soundtrack/gamerip album index. Popularity is an explicitly labelled proxy based on BeatHit game rank and track prominence.,"{""culture_category"":""video_game_music"",""video_game"":""Super Smash Bros. Ultimate"",""game_rank"":41,""game_association_kind"":""khinsider_game_soundtrack"",""khinsider_album_url"":""https://downloads.khinsider.com/game-soundtracks/album/super-smash-bros.-ultimate-expanded-vol.-07-kirby-switch-gamerip-2018"",""khinsider_album_title"":""Super Smash Bros. Ultimate Vol. 07 - Kirby (super-smash-bros.-ultimate-expanded-vol.-07-kirby-switch-gamerip-2018)"",""khinsider_album_kind"":""official_or_gamerip"",""khinsider_album_match_score"":100.0,""relevance_score_100"":100.0,""popularity_score_100"":58.33628250740462,""score_100"":83.33451300296184,""popularity_basis"":""BeatHit master-list game rank plus track position proxy""}"
559,Battle! (Steven) [Original],Unknown credited artist,[],Super Smash Bros. Ultimate Vol. 09 - Pokémon (super-smash-bros.-ultimate-expanded-vol.-09-pok-mon-switch-gamerip-2018),,,"[""video game soundtrack""]","[""und""]",,,,Super Smash Bros. Ultimate,,,khinsider_track_prominence_proxy,58.33628250740462,score_0_100,,,,83.33451300296184,,,,https://downloads.khinsider.com/game-soundtracks/album/super-smash-bros.-ultimate-expanded-vol.-09-pok-mon-switch-gamerip-2018,2026-10-05,Track title is taken from KHInsider's soundtrack/gamerip album index. Popularity is an explicitly labelled proxy based on BeatHit game rank and track prominence.,"{""culture_category"":""video_game_music"",""video_game"":""Super Smash Bros. Ultimate"",""game_rank"":41,""game_association_kind"":""khinsider_game_soundtrack"",""khinsider_album_url"":""https://downloads.khinsider.com/game-soundtracks/album/super-smash-bros.-ultimate-expanded-vol.-09-pok-mon-switch-gamerip-2018"",""khinsider_album_title"":""Super Smash Bros. Ultimate Vol. 09 - Pokémon (super-smash-bros.-ultimate-expanded-vol.-09-pok-mon-switch-gamerip-2018)"",""khinsider_album_kind"":""official_or_gamerip"",""khinsider_album_match_score"":100.0,""relevance_score_100"":100.0,""popularity_score_100"":58.33628250740462,""score_100"":83.33451300296184,""popularity_basis"":""BeatHit master-list game rank plus track position proxy""}"
560,Destiny (Ablaze) [Fire Emblem Awakening],Unknown credited artist,[],Super Smash Bros. Ultimate Enhanced Original Soundtrack (super-smash-bros.-ultimate-enhanced-original-soundtrack),,,"[""video game soundtrack""]","[""und""]",,,,Super Smash Bros. Ultimate,,,khinsider_track_prominence_proxy,58.126282507404625,score_0_100,,,,83.25051300296185,,,,https://downloads.khinsider.com/game-soundtracks/album/super-smash-bros.-ultimate-enhanced-original-soundtrack,2026-10-05,Track title is taken from KHInsider's soundtrack/gamerip album index. Popularity is an explicitly labelled proxy based on BeatHit game rank and track prominence.,"{""culture_category"":""video_game_music"",""video_game"":""Super Smash Bros. Ultimate"",""game_rank"":41,""game_association_kind"":""khinsider_game_soundtrack"",""khinsider_album_url"":""https://downloads.khinsider.com/game-soundtracks/album/super-smash-bros.-ultimate-enhanced-original-soundtrack"",""khinsider_album_title"":""Super Smash Bros. Ultimate Enhanced Original Soundtrack (super-smash-bros.-ultimate-enhanced-original-soundtrack)"",""khinsider_album_kind"":""official_or_gamerip"",""khinsider_album_match_score"":100.0,""relevance_score_100"":100.0,""popularity_score_100"":58.126282507404625,""score_100"":83.25051300296185,""popularity_basis"":""BeatHit master-list game rank plus track position proxy""}"
561,Credits - Super Smash Bros. (Brawl),Unknown credited artist,[],Super Smash Bros. Ultimate Vol. 01 - Super Smash Bros. (super-smash-bros.-ultimate-expanded-vol.-01-super-smash-bros.-switch-gamerip-2018),,,"[""video game soundtrack""]","[""und""]",,,,Super Smash Bros. Ultimate,,,khinsider_track_prominence_proxy,58.126282507404625,score_0_100,,,,83.25051300296185,,,,https://downloads.khinsider.com/game-soundtracks/album/super-smash-bros.-ultimate-expanded-vol.-01-super-smash-bros.-switch-gamerip-2018,2026-10-05,Track title is taken from KHInsider's soundtrack/gamerip album index. Popularity is an explicitly labelled proxy based on BeatHit game rank and track prominence.,"{""culture_category"":""video_game_music"",""video_game"":""Super Smash Bros. Ultimate"",""game_rank"":41,""game_association_kind"":""khinsider_game_soundtrack"",""khinsider_album_url"":""https://downloads.khinsider.com/game-soundtracks/album/super-smash-bros.-ultimate-expanded-vol.-01-super-smash-bros.-switch-gamerip-2018"",""khinsider_album_title"":""Super Smash Bros. Ultimate Vol. 01 - Super Smash Bros. (super-smash-bros.-ultimate-expanded-vol.-01-super-smash-bros.-switch-gamerip-2018)"",""khinsider_album_kind"":""official_or_gamerip"",""khinsider_album_match_score"":100.0,""relevance_score_100"":100.0,""popularity_score_100"":58.126282507404625,""score_100"":83.25051300296185,""popularity_basis"":""BeatHit master-list game rank plus track position proxy""}"
562,Mixed-Up Scramble,Unknown credited artist,[],Super Smash Bros. Ultimate Vol. 02 - Super Mario (super-smash-bros.-ultimate-expanded-vol.-02-super-mario-switch-gamerip-2018),,,"[""video game soundtrack""]","[""und""]",,,,Super Smash Bros. Ultimate,,,khinsider_track_prominence_proxy,58.126282507404625,score_0_100,,,,83.25051300296185,,,,https://downloads.khinsider.com/game-soundtracks/album/super-smash-bros.-ultimate-expanded-vol.-02-super-mario-switch-gamerip-2018,2026-10-05,Track title is taken from KHInsider's soundtrack/gamerip album index. Popularity is an explicitly labelled proxy based on BeatHit game rank and track prominence.,"{""culture_category"":""video_game_music"",""video_game"":""Super Smash Bros. Ultimate"",""game_rank"":41,""game_association_kind"":""khinsider_game_soundtrack"",""khinsider_album_url"":""https://downloads.khinsider.com/game-soundtracks/album/super-smash-bros.-ultimate-expanded-vol.-02-super-mario-switch-gamerip-2018"",""khinsider_album_title"":""Super Smash Bros. Ultimate Vol. 02 - Super Mario (super-smash-bros.-ultimate-expanded-vol.-02-super-mario-switch-gamerip-2018)"",""khinsider_album_kind"":""official_or_gamerip"",""khinsider_album_match_score"":100.0,""relevance_score_100"":100.0,""popularity_score_100"":58.126282507404625,""score_100"":83.25051300296185,""popularity_basis"":""BeatHit master-list game rank plus track position proxy""}"
563,Menu Select [Original],Unknown credited artist,[],Super Smash Bros. Ultimate Vol. 04 - The Legend of Zelda (super-smash-bros.-ultimate-expanded-vol.-04-the-legend-of-zelda-switch-gamerip-2018),,,"[""video game soundtrack""]","[""und""]",,,,Super Smash Bros. Ultimate,,,khinsider_track_prominence_proxy,58.126282507404625,score_0_100,,,,83.25051300296185,,,,https://downloads.khinsider.com/game-soundtracks/album/super-smash-bros.-ultimate-expanded-vol.-04-the-legend-of-zelda-switch-gamerip-2018,2026-10-05,Track title is taken from KHInsider's soundtrack/gamerip album index. Popularity is an explicitly labelled proxy based on BeatHit game rank and track prominence.,"{""culture_category"":""video_game_music"",""video_game"":""Super Smash Bros. Ultimate"",""game_rank"":41,""game_association_kind"":""khinsider_game_soundtrack"",""khinsider_album_url"":""https://downloads.khinsider.com/game-soundtracks/album/super-smash-bros.-ultimate-expanded-vol.-04-the-legend-of-zelda-switch-gamerip-2018"",""khinsider_album_title"":""Super Smash Bros. Ultimate Vol. 04 - The Legend of Zelda (super-smash-bros.-ultimate-expanded-vol.-04-the-legend-of-zelda-switch-gamerip-2018)"",""khinsider_album_kind"":""official_or_gamerip"",""khinsider_album_match_score"":100.0,""relevance_score_100"":100.0,""popularity_score_100"":58.126282507404625,""score_100"":83.25051300296185,""popularity_basis"":""BeatHit master-list game rank plus track position proxy""}"
564,Battle! (Lorekeeper Zinnia) [Original],Unknown credited artist,[],Super Smash Bros. Ultimate Vol. 09 - Pokémon (super-smash-bros.-ultimate-expanded-vol.-09-pok-mon-switch-gamerip-2018),,,"[""video game soundtrack""]","[""und""]",,,,Super Smash Bros. Ultimate,,,khinsider_track_prominence_proxy,58.126282507404625,score_0_100,,,,83.25051300296185,,,,https://downloads.khinsider.com/game-soundtracks/album/super-smash-bros.-ultimate-expanded-vol.-09-pok-mon-switch-gamerip-2018,2026-10-05,Track title is taken from KHInsider's soundtrack/gamerip album index. Popularity is an explicitly labelled proxy based on BeatHit game rank and track prominence.,"{""culture_category"":""video_game_music"",""video_game"":""Super Smash Bros. Ultimate"",""game_rank"":41,""game_association_kind"":""khinsider_game_soundtrack"",""khinsider_album_url"":""https://downloads.khinsider.com/game-soundtracks/album/super-smash-bros.-ultimate-expanded-vol.-09-pok-mon-switch-gamerip-2018"",""khinsider_album_title"":""Super Smash Bros. Ultimate Vol. 09 - Pokémon (super-smash-bros.-ultimate-expanded-vol.-09-pok-mon-switch-gamerip-2018)"",""khinsider_album_kind"":""official_or_gamerip"",""khinsider_album_match_score"":100.0,""relevance_score_100"":100.0,""popularity_score_100"":58.126282507404625,""score_100"":83.25051300296185,""popularity_basis"":""BeatHit master-list game rank plus track position proxy""}"
565,Id (Purpose) [Fire Emblem Awakening],Unknown credited artist,[],Super Smash Bros. Ultimate Enhanced Original Soundtrack (super-smash-bros.-ultimate-enhanced-original-soundtrack),,,"[""video game soundtrack""]","[""und""]",,,,Super Smash Bros. Ultimate,,,khinsider_track_prominence_proxy,57.916282507404624,score_0_100,,,,83.16651300296185,,,,https://downloads.khinsider.com/game-soundtracks/album/super-smash-bros.-ultimate-enhanced-original-soundtrack,2026-10-05,Track title is taken from KHInsider's soundtrack/gamerip album index. Popularity is an explicitly labelled proxy based on BeatHit game rank and track prominence.,"{""culture_category"":""video_game_music"",""video_game"":""Super Smash Bros. Ultimate"",""game_rank"":41,""game_association_kind"":""khinsider_game_soundtrack"",""khinsider_album_url"":""https://downloads.khinsider.com/game-soundtracks/album/super-smash-bros.-ultimate-enhanced-original-soundtrack"",""khinsider_album_title"":""Super Smash Bros. Ultimate Enhanced Original Soundtrack (super-smash-bros.-ultimate-enhanced-original-soundtrack)"",""khinsider_album_kind"":""official_or_gamerip"",""khinsider_album_match_score"":100.0,""relevance_score_100"":100.0,""popularity_score_100"":57.916282507404624,""score_100"":83.16651300296185,""popularity_basis"":""BeatHit master-list game rank plus track position proxy""}"
566,Credits - Super Smash Bros. (for 3DS  -  Wii U),Unknown credited artist,[],Super Smash Bros. Ultimate Vol. 01 - Super Smash Bros. (super-smash-bros.-ultimate-expanded-vol.-01-super-smash-bros.-switch-gamerip-2018),,,"[""video game soundtrack""]","[""und""]",,,,Super Smash Bros. Ultimate,,,khinsider_track_prominence_proxy,57.916282507404624,score_0_100,,,,83.16651300296185,,,,https://downloads.khinsider.com/game-soundtracks/album/super-smash-bros.-ultimate-expanded-vol.-01-super-smash-bros.-switch-gamerip-2018,2026-10-05,Track title is taken from KHInsider's soundtrack/gamerip album index. Popularity is an explicitly labelled proxy based on BeatHit game rank and track prominence.,"{""culture_category"":""video_game_music"",""video_game"":""Super Smash Bros. Ultimate"",""game_rank"":41,""game_association_kind"":""khinsider_game_soundtrack"",""khinsider_album_url"":""https://downloads.khinsider.com/game-soundtracks/album/super-smash-bros.-ultimate-expanded-vol.-01-super-smash-bros.-switch-gamerip-2018"",""khinsider_album_title"":""Super Smash Bros. Ultimate Vol. 01 - Super Smash Bros. (super-smash-bros.-ultimate-expanded-vol.-01-super-smash-bros.-switch-gamerip-2018)"",""khinsider_album_kind"":""official_or_gamerip"",""khinsider_album_match_score"":100.0,""relevance_score_100"":100.0,""popularity_score_100"":57.916282507404624,""score_100"":83.16651300296185,""popularity_basis"":""BeatHit master-list game rank plus track position proxy""}"
567,Attack and Run!,Unknown credited artist,[],Super Smash Bros. Ultimate Vol. 02 - Super Mario (super-smash-bros.-ultimate-expanded-vol.-02-super-mario-switch-gamerip-2018),,,"[""video game soundtrack""]","[""und""]",,,,Super Smash Bros. Ultimate,,,khinsider_track_prominence_proxy,57.916282507404624,score_0_100,,,,83.16651300296185,,,,https://downloads.khinsider.com/game-soundtracks/album/super-smash-bros.-ultimate-expanded-vol.-02-super-mario-switch-gamerip-2018,2026-10-05,Track title is taken from KHInsider's soundtrack/gamerip album index. Popularity is an explicitly labelled proxy based on BeatHit game rank and track prominence.,"{""culture_category"":""video_game_music"",""video_game"":""Super Smash Bros. Ultimate"",""game_rank"":41,""game_association_kind"":""khinsider_game_soundtrack"",""khinsider_album_url"":""https://downloads.khinsider.com/game-soundtracks/album/super-smash-bros.-ultimate-expanded-vol.-02-super-mario-switch-gamerip-2018"",""khinsider_album_title"":""Super Smash Bros. Ultimate Vol. 02 - Super Mario (super-smash-bros.-ultimate-expanded-vol.-02-super-mario-switch-gamerip-2018)"",""khinsider_album_kind"":""official_or_gamerip"",""khinsider_album_match_score"":100.0,""relevance_score_100"":100.0,""popularity_score_100"":57.916282507404624,""score_100"":83.16651300296185,""popularity_basis"":""BeatHit master-list game rank plus track position proxy""}"
568,Molgera [Original],Unknown credited artist,[],Super Smash Bros. Ultimate Vol. 04 - The Legend of Zelda (super-smash-bros.-ultimate-expanded-vol.-04-the-legend-of-zelda-switch-gamerip-2018),,,"[""video game soundtrack""]","[""und""]",,,,Super Smash Bros. Ultimate,,,khinsider_track_prominence_proxy,57.916282507404624,score_0_100,,,,83.16651300296185,,,,https://downloads.khinsider.com/game-soundtracks/album/super-smash-bros.-ultimate-expanded-vol.-04-the-legend-of-zelda-switch-gamerip-2018,2026-10-05,Track title is taken from KHInsider's soundtrack/gamerip album index. Popularity is an explicitly labelled proxy based on BeatHit game rank and track prominence.,"{""culture_category"":""video_game_music"",""video_game"":""Super Smash Bros. Ultimate"",""game_rank"":41,""game_association_kind"":""khinsider_game_soundtrack"",""khinsider_album_url"":""https://downloads.khinsider.com/game-soundtracks/album/super-smash-bros.-ultimate-expanded-vol.-04-the-legend-of-zelda-switch-gamerip-2018"",""khinsider_album_title"":""Super Smash Bros. Ultimate Vol. 04 - The Legend of Zelda (super-smash-bros.-ultimate-expanded-vol.-04-the-legend-of-zelda-switch-gamerip-2018)"",""khinsider_album_kind"":""official_or_gamerip"",""khinsider_album_match_score"":100.0,""relevance_score_100"":100.0,""popularity_score_100"":57.916282507404624,""score_100"":83.16651300296185,""popularity_basis"":""BeatHit master-list game rank plus track position proxy""}"
569,Battle! (Wild Pokémon) - Pokémon Sun  -  Pokémon Moon [Original],Unknown credited artist,[],Super Smash Bros. Ultimate Vol. 09 - Pokémon (super-smash-bros.-ultimate-expanded-vol.-09-pok-mon-switch-gamerip-2018),,,"[""video game soundtrack""]","[""und""]",,,,Super Smash Bros. Ultimate,,,khinsider_track_prominence_proxy,57.916282507404624,score_0_100,,,,83.16651300296185,,,,https://downloads.khinsider.com/game-soundtracks/album/super-smash-bros.-ultimate-expanded-vol.-09-pok-mon-switch-gamerip-2018,2026-10-05,Track title is taken from KHInsider's soundtrack/gamerip album index. Popularity is an explicitly labelled proxy based on BeatHit game rank and track prominence.,"{""culture_category"":""video_game_music"",""video_game"":""Super Smash Bros. Ultimate"",""game_rank"":41,""game_association_kind"":""khinsider_game_soundtrack"",""khinsider_album_url"":""https://downloads.khinsider.com/game-soundtracks/album/super-smash-bros.-ultimate-expanded-vol.-09-pok-mon-switch-gamerip-2018"",""khinsider_album_title"":""Super Smash Bros. Ultimate Vol. 09 - Pokémon (super-smash-bros.-ultimate-expanded-vol.-09-pok-mon-switch-gamerip-2018)"",""khinsider_album_kind"":""official_or_gamerip"",""khinsider_album_match_score"":100.0,""relevance_score_100"":100.0,""popularity_score_100"":57.916282507404624,""score_100"":83.16651300296185,""popularity_basis"":""BeatHit master-list game rank plus track position proxy""}"
570,Victory! [Fire Emblem Awakening],Unknown credited artist,[],Super Smash Bros. Ultimate Enhanced Original Soundtrack (super-smash-bros.-ultimate-enhanced-original-soundtrack),,,"[""video game soundtrack""]","[""und""]",,,,Super Smash Bros. Ultimate,,,khinsider_track_prominence_proxy,57.70628250740462,score_0_100,,,,83.08251300296185,,,,https://downloads.khinsider.com/game-soundtracks/album/super-smash-bros.-ultimate-enhanced-original-soundtrack,2026-10-05,Track title is taken from KHInsider's soundtrack/gamerip album index. Popularity is an explicitly labelled proxy based on BeatHit game rank and track prominence.,"{""culture_category"":""video_game_music"",""video_game"":""Super Smash Bros. Ultimate"",""game_rank"":41,""game_association_kind"":""khinsider_game_soundtrack"",""khinsider_album_url"":""https://downloads.khinsider.com/game-soundtracks/album/super-smash-bros.-ultimate-enhanced-original-soundtrack"",""khinsider_album_title"":""Super Smash Bros. Ultimate Enhanced Original Soundtrack (super-smash-bros.-ultimate-enhanced-original-soundtrack)"",""khinsider_album_kind"":""official_or_gamerip"",""khinsider_album_match_score"":100.0,""relevance_score_100"":100.0,""popularity_score_100"":57.70628250740462,""score_100"":83.08251300296185,""popularity_basis"":""BeatHit master-list game rank plus track position proxy""}"
571,Battle! - Paper Mario - Color Splash,Unknown credited artist,[],Super Smash Bros. Ultimate Vol. 02 - Super Mario (super-smash-bros.-ultimate-expanded-vol.-02-super-mario-switch-gamerip-2018),,,"[""video game soundtrack""]","[""und""]",,,,Super Smash Bros. Ultimate,,,khinsider_track_prominence_proxy,57.70628250740462,score_0_100,,,,83.08251300296185,,,,https://downloads.khinsider.com/game-soundtracks/album/super-smash-bros.-ultimate-expanded-vol.-02-super-mario-switch-gamerip-2018,2026-10-05,Track title is taken from KHInsider's soundtrack/gamerip album index. Popularity is an explicitly labelled proxy based on BeatHit game rank and track prominence.,"{""culture_category"":""video_game_music"",""video_game"":""Super Smash Bros. Ultimate"",""game_rank"":41,""game_association_kind"":""khinsider_game_soundtrack"",""khinsider_album_url"":""https://downloads.khinsider.com/game-soundtracks/album/super-smash-bros.-ultimate-expanded-vol.-02-super-mario-switch-gamerip-2018"",""khinsider_album_title"":""Super Smash Bros. Ultimate Vol. 02 - Super Mario (super-smash-bros.-ultimate-expanded-vol.-02-super-mario-switch-gamerip-2018)"",""khinsider_album_kind"":""official_or_gamerip"",""khinsider_album_match_score"":100.0,""relevance_score_100"":100.0,""popularity_score_100"":57.70628250740462,""score_100"":83.08251300296185,""popularity_basis"":""BeatHit master-list game rank plus track position proxy""}"
572,Midna's Lament [Original],Unknown credited artist,[],Super Smash Bros. Ultimate Vol. 04 - The Legend of Zelda (super-smash-bros.-ultimate-expanded-vol.-04-the-legend-of-zelda-switch-gamerip-2018),,,"[""video game soundtrack""]","[""und""]",,,,Super Smash Bros. Ultimate,,,khinsider_track_prominence_proxy,57.70628250740462,score_0_100,,,,83.08251300296185,,,,https://downloads.khinsider.com/game-soundtracks/album/super-smash-bros.-ultimate-expanded-vol.-04-the-legend-of-zelda-switch-gamerip-2018,2026-10-05,Track title is taken from KHInsider's soundtrack/gamerip album index. Popularity is an explicitly labelled proxy based on BeatHit game rank and track prominence.,"{""culture_category"":""video_game_music"",""video_game"":""Super Smash Bros. Ultimate"",""game_rank"":41,""game_association_kind"":""khinsider_game_soundtrack"",""khinsider_album_url"":""https://downloads.khinsider.com/game-soundtracks/album/super-smash-bros.-ultimate-expanded-vol.-04-the-legend-of-zelda-switch-gamerip-2018"",""khinsider_album_title"":""Super Smash Bros. Ultimate Vol. 04 - The Legend of Zelda (super-smash-bros.-ultimate-expanded-vol.-04-the-legend-of-zelda-switch-gamerip-2018)"",""khinsider_album_kind"":""official_or_gamerip"",""khinsider_album_match_score"":100.0,""relevance_score_100"":100.0,""popularity_score_100"":57.70628250740462,""score_100"":83.08251300296185,""popularity_basis"":""BeatHit master-list game rank plus track position proxy""}"
573,Battle! (Trainer) - Pokémon Sun  -  Pokémon Moon [Original],Unknown credited artist,[],Super Smash Bros. Ultimate Vol. 09 - Pokémon (super-smash-bros.-ultimate-expanded-vol.-09-pok-mon-switch-gamerip-2018),,,"[""video game soundtrack""]","[""und""]",,,,Super Smash Bros. Ultimate,,,khinsider_track_prominence_proxy,57.70628250740462,score_0_100,,,,83.08251300296185,,,,https://downloads.khinsider.com/game-soundtracks/album/super-smash-bros.-ultimate-expanded-vol.-09-pok-mon-switch-gamerip-2018,2026-10-05,Track title is taken from KHInsider's soundtrack/gamerip album index. Popularity is an explicitly labelled proxy based on BeatHit game rank and track prominence.,"{""culture_category"":""video_game_music"",""video_game"":""Super Smash Bros. Ultimate"",""game_rank"":41,""game_association_kind"":""khinsider_game_soundtrack"",""khinsider_album_url"":""https://downloads.khinsider.com/game-soundtracks/album/super-smash-bros.-ultimate-expanded-vol.-09-pok-mon-switch-gamerip-2018"",""khinsider_album_title"":""Super Smash Bros. Ultimate Vol. 09 - Pokémon (super-smash-bros.-ultimate-expanded-vol.-09-pok-mon-switch-gamerip-2018)"",""khinsider_album_kind"":""official_or_gamerip"",""khinsider_album_match_score"":100.0,""relevance_score_100"":100.0,""popularity_score_100"":57.70628250740462,""score_100"":83.08251300296185,""popularity_basis"":""BeatHit master-list game rank plus track position proxy""}"
574,Lost in Thoughts All Alone [Fire Emblem if  Fire Emblem Fates],Unknown credited artist,[],Super Smash Bros. Ultimate Enhanced Original Soundtrack (super-smash-bros.-ultimate-enhanced-original-soundtrack),,,"[""video game soundtrack""]","[""und""]",,,,Super Smash Bros. Ultimate,,,khinsider_track_prominence_proxy,57.49628250740462,score_0_100,,,,82.99851300296186,,,,https://downloads.khinsider.com/game-soundtracks/album/super-smash-bros.-ultimate-enhanced-original-soundtrack,2026-10-05,Track title is taken from KHInsider's soundtrack/gamerip album index. Popularity is an explicitly labelled proxy based on BeatHit game rank and track prominence.,"{""culture_category"":""video_game_music"",""video_game"":""Super Smash Bros. Ultimate"",""game_rank"":41,""game_association_kind"":""khinsider_game_soundtrack"",""khinsider_album_url"":""https://downloads.khinsider.com/game-soundtracks/album/super-smash-bros.-ultimate-enhanced-original-soundtrack"",""khinsider_album_title"":""Super Smash Bros. Ultimate Enhanced Original Soundtrack (super-smash-bros.-ultimate-enhanced-original-soundtrack)"",""khinsider_album_kind"":""official_or_gamerip"",""khinsider_album_match_score"":100.0,""relevance_score_100"":100.0,""popularity_score_100"":57.49628250740462,""score_100"":82.99851300296186,""popularity_basis"":""BeatHit master-list game rank plus track position proxy""}"
575,This is Minion Turf!,Unknown credited artist,[],Super Smash Bros. Ultimate Vol. 02 - Super Mario (super-smash-bros.-ultimate-expanded-vol.-02-super-mario-switch-gamerip-2018),,,"[""video game soundtrack""]","[""und""]",,,,Super Smash Bros. Ultimate,,,khinsider_track_prominence_proxy,57.49628250740462,score_0_100,,,,82.99851300296186,,,,https://downloads.khinsider.com/game-soundtracks/album/super-smash-bros.-ultimate-expanded-vol.-02-super-mario-switch-gamerip-2018,2026-10-05,Track title is taken from KHInsider's soundtrack/gamerip album index. Popularity is an explicitly labelled proxy based on BeatHit game rank and track prominence.,"{""culture_category"":""video_game_music"",""video_game"":""Super Smash Bros. Ultimate"",""game_rank"":41,""game_association_kind"":""khinsider_game_soundtrack"",""khinsider_album_url"":""https://downloads.khinsider.com/game-soundtracks/album/super-smash-bros.-ultimate-expanded-vol.-02-super-mario-switch-gamerip-2018"",""khinsider_album_title"":""Super Smash Bros. Ultimate Vol. 02 - Super Mario (super-smash-bros.-ultimate-expanded-vol.-02-super-mario-switch-gamerip-2018)"",""khinsider_album_kind"":""official_or_gamerip"",""khinsider_album_match_score"":100.0,""relevance_score_100"":100.0,""popularity_score_100"":57.49628250740462,""score_100"":82.99851300296186,""popularity_basis"":""BeatHit master-list game rank plus track position proxy""}"
576,Full Steam Ahead [Original],Unknown credited artist,[],Super Smash Bros. Ultimate Vol. 04 - The Legend of Zelda (super-smash-bros.-ultimate-expanded-vol.-04-the-legend-of-zelda-switch-gamerip-2018),,,"[""video game soundtrack""]","[""und""]",,,,Super Smash Bros. Ultimate,,,khinsider_track_prominence_proxy,57.49628250740462,score_0_100,,,,82.99851300296186,,,,https://downloads.khinsider.com/game-soundtracks/album/super-smash-bros.-ultimate-expanded-vol.-04-the-legend-of-zelda-switch-gamerip-2018,2026-10-05,Track title is taken from KHInsider's soundtrack/gamerip album index. Popularity is an explicitly labelled proxy based on BeatHit game rank and track prominence.,"{""culture_category"":""video_game_music"",""video_game"":""Super Smash Bros. Ultimate"",""game_rank"":41,""game_association_kind"":""khinsider_game_soundtrack"",""khinsider_album_url"":""https://downloads.khinsider.com/game-soundtracks/album/super-smash-bros.-ultimate-expanded-vol.-04-the-legend-of-zelda-switch-gamerip-2018"",""khinsider_album_title"":""Super Smash Bros. Ultimate Vol. 04 - The Legend of Zelda (super-smash-bros.-ultimate-expanded-vol.-04-the-legend-of-zelda-switch-gamerip-2018)"",""khinsider_album_kind"":""official_or_gamerip"",""khinsider_album_match_score"":100.0,""relevance_score_100"":100.0,""popularity_score_100"":57.49628250740462,""score_100"":82.99851300296186,""popularity_basis"":""BeatHit master-list game rank plus track position proxy""}"
577,Battle! (Island Kahuna) [Original],Unknown credited artist,[],Super Smash Bros. Ultimate Vol. 09 - Pokémon (super-smash-bros.-ultimate-expanded-vol.-09-pok-mon-switch-gamerip-2018),,,"[""video game soundtrack""]","[""und""]",,,,Super Smash Bros. Ultimate,,,khinsider_track_prominence_proxy,57.49628250740462,score_0_100,,,,82.99851300296186,,,,https://downloads.khinsider.com/game-soundtracks/album/super-smash-bros.-ultimate-expanded-vol.-09-pok-mon-switch-gamerip-2018,2026-10-05,Track title is taken from KHInsider's soundtrack/gamerip album index. Popularity is an explicitly labelled proxy based on BeatHit game rank and track prominence.,"{""culture_category"":""video_game_music"",""video_game"":""Super Smash Bros. Ultimate"",""game_rank"":41,""game_association_kind"":""khinsider_game_soundtrack"",""khinsider_album_url"":""https://downloads.khinsider.com/game-soundtracks/album/super-smash-bros.-ultimate-expanded-vol.-09-pok-mon-switch-gamerip-2018"",""khinsider_album_title"":""Super Smash Bros. Ultimate Vol. 09 - Pokémon (super-smash-bros.-ultimate-expanded-vol.-09-pok-mon-switch-gamerip-2018)"",""khinsider_album_kind"":""official_or_gamerip"",""khinsider_album_match_score"":100.0,""relevance_score_100"":100.0,""popularity_score_100"":57.49628250740462,""score_100"":82.99851300296186,""popularity_basis"":""BeatHit master-list game rank plus track position proxy""}"
578,Gear Up For... [Fire Emblem Heroes],Unknown credited artist,[],Super Smash Bros. Ultimate Enhanced Original Soundtrack (super-smash-bros.-ultimate-enhanced-original-soundtrack),,,"[""video game soundtrack""]","[""und""]",,,,Super Smash Bros. Ultimate,,,khinsider_track_prominence_proxy,57.28628250740462,score_0_100,,,,82.91451300296185,,,,https://downloads.khinsider.com/game-soundtracks/album/super-smash-bros.-ultimate-enhanced-original-soundtrack,2026-10-05,Track title is taken from KHInsider's soundtrack/gamerip album index. Popularity is an explicitly labelled proxy based on BeatHit game rank and track prominence.,"{""culture_category"":""video_game_music"",""video_game"":""Super Smash Bros. Ultimate"",""game_rank"":41,""game_association_kind"":""khinsider_game_soundtrack"",""khinsider_album_url"":""https://downloads.khinsider.com/game-soundtracks/album/super-smash-bros.-ultimate-enhanced-original-soundtrack"",""khinsider_album_title"":""Super Smash Bros. Ultimate Enhanced Original Soundtrack (super-smash-bros.-ultimate-enhanced-original-soundtrack)"",""khinsider_album_kind"":""official_or_gamerip"",""khinsider_album_match_score"":100.0,""relevance_score_100"":100.0,""popularity_score_100"":57.28628250740462,""score_100"":82.91451300296185,""popularity_basis"":""BeatHit master-list game rank plus track position proxy""}"
579,Bonus Game - Super Smash Bros.,Unknown credited artist,[],Super Smash Bros. Ultimate Vol. 01 - Super Smash Bros. (super-smash-bros.-ultimate-expanded-vol.-01-super-smash-bros.-switch-gamerip-2018),,,"[""video game soundtrack""]","[""und""]",,,,Super Smash Bros. Ultimate,,,khinsider_track_prominence_proxy,57.28628250740462,score_0_100,,,,82.91451300296185,,,,https://downloads.khinsider.com/game-soundtracks/album/super-smash-bros.-ultimate-expanded-vol.-01-super-smash-bros.-switch-gamerip-2018,2026-10-05,Track title is taken from KHInsider's soundtrack/gamerip album index. Popularity is an explicitly labelled proxy based on BeatHit game rank and track prominence.,"{""culture_category"":""video_game_music"",""video_game"":""Super Smash Bros. Ultimate"",""game_rank"":41,""game_association_kind"":""khinsider_game_soundtrack"",""khinsider_album_url"":""https://downloads.khinsider.com/game-soundtracks/album/super-smash-bros.-ultimate-expanded-vol.-01-super-smash-bros.-switch-gamerip-2018"",""khinsider_album_title"":""Super Smash Bros. Ultimate Vol. 01 - Super Smash Bros. (super-smash-bros.-ultimate-expanded-vol.-01-super-smash-bros.-switch-gamerip-2018)"",""khinsider_album_kind"":""official_or_gamerip"",""khinsider_album_match_score"":100.0,""relevance_score_100"":100.0,""popularity_score_100"":57.28628250740462,""score_100"":82.91451300296185,""popularity_basis"":""BeatHit master-list game rank plus track position proxy""}"
580,Pandemonium,Unknown credited artist,[],Super Smash Bros. Ultimate Vol. 02 - Super Mario (super-smash-bros.-ultimate-expanded-vol.-02-super-mario-switch-gamerip-2018),,,"[""video game soundtrack""]","[""und""]",,,,Super Smash Bros. Ultimate,,,khinsider_track_prominence_proxy,57.28628250740462,score_0_100,,,,82.91451300296185,,,,https://downloads.khinsider.com/game-soundtracks/album/super-smash-bros.-ultimate-expanded-vol.-02-super-mario-switch-gamerip-2018,2026-10-05,Track title is taken from KHInsider's soundtrack/gamerip album index. Popularity is an explicitly labelled proxy based on BeatHit game rank and track prominence.,"{""culture_category"":""video_game_music"",""video_game"":""Super Smash Bros. Ultimate"",""game_rank"":41,""game_association_kind"":""khinsider_game_soundtrack"",""khinsider_album_url"":""https://downloads.khinsider.com/game-soundtracks/album/super-smash-bros.-ultimate-expanded-vol.-02-super-mario-switch-gamerip-2018"",""khinsider_album_title"":""Super Smash Bros. Ultimate Vol. 02 - Super Mario (super-smash-bros.-ultimate-expanded-vol.-02-super-mario-switch-gamerip-2018)"",""khinsider_album_kind"":""official_or_gamerip"",""khinsider_album_match_score"":100.0,""relevance_score_100"":100.0,""popularity_score_100"":57.28628250740462,""score_100"":82.91451300296185,""popularity_basis"":""BeatHit master-list game rank plus track position proxy""}"
581,Main Theme - The Legend of Zelda - Tri Force Heroes [Original],Unknown credited artist,[],Super Smash Bros. Ultimate Vol. 04 - The Legend of Zelda (super-smash-bros.-ultimate-expanded-vol.-04-the-legend-of-zelda-switch-gamerip-2018),,,"[""video game soundtrack""]","[""und""]",,,,Super Smash Bros. Ultimate,,,khinsider_track_prominence_proxy,57.28628250740462,score_0_100,,,,82.91451300296185,,,,https://downloads.khinsider.com/game-soundtracks/album/super-smash-bros.-ultimate-expanded-vol.-04-the-legend-of-zelda-switch-gamerip-2018,2026-10-05,Track title is taken from KHInsider's soundtrack/gamerip album index. Popularity is an explicitly labelled proxy based on BeatHit game rank and track prominence.,"{""culture_category"":""video_game_music"",""video_game"":""Super Smash Bros. Ultimate"",""game_rank"":41,""game_association_kind"":""khinsider_game_soundtrack"",""khinsider_album_url"":""https://downloads.khinsider.com/game-soundtracks/album/super-smash-bros.-ultimate-expanded-vol.-04-the-legend-of-zelda-switch-gamerip-2018"",""khinsider_album_title"":""Super Smash Bros. Ultimate Vol. 04 - The Legend of Zelda (super-smash-bros.-ultimate-expanded-vol.-04-the-legend-of-zelda-switch-gamerip-2018)"",""khinsider_album_kind"":""official_or_gamerip"",""khinsider_album_match_score"":100.0,""relevance_score_100"":100.0,""popularity_score_100"":57.28628250740462,""score_100"":82.91451300296185,""popularity_basis"":""BeatHit master-list game rank plus track position proxy""}"
582,Battle! (Gladion) [Original],Unknown credited artist,[],Super Smash Bros. Ultimate Vol. 09 - Pokémon (super-smash-bros.-ultimate-expanded-vol.-09-pok-mon-switch-gamerip-2018),,,"[""video game soundtrack""]","[""und""]",,,,Super Smash Bros. Ultimate,,,khinsider_track_prominence_proxy,57.28628250740462,score_0_100,,,,82.91451300296185,,,,https://downloads.khinsider.com/game-soundtracks/album/super-smash-bros.-ultimate-expanded-vol.-09-pok-mon-switch-gamerip-2018,2026-10-05,Track title is taken from KHInsider's soundtrack/gamerip album index. Popularity is an explicitly labelled proxy based on BeatHit game rank and track prominence.,"{""culture_category"":""video_game_music"",""video_game"":""Super Smash Bros. Ultimate"",""game_rank"":41,""game_association_kind"":""khinsider_game_soundtrack"",""khinsider_album_url"":""https://downloads.khinsider.com/game-soundtracks/album/super-smash-bros.-ultimate-expanded-vol.-09-pok-mon-switch-gamerip-2018"",""khinsider_album_title"":""Super Smash Bros. Ultimate Vol. 09 - Pokémon (super-smash-bros.-ultimate-expanded-vol.-09-pok-mon-switch-gamerip-2018)"",""khinsider_album_kind"":""official_or_gamerip"",""khinsider_album_match_score"":100.0,""relevance_score_100"":100.0,""popularity_score_100"":57.28628250740462,""score_100"":82.91451300296185,""popularity_basis"":""BeatHit master-list game rank plus track position proxy""}"
583,Victory! [Fire Emblem if  Fire Emblem Fates],Unknown credited artist,[],Super Smash Bros. Ultimate Enhanced Original Soundtrack (super-smash-bros.-ultimate-enhanced-original-soundtrack),,,"[""video game soundtrack""]","[""und""]",,,,Super Smash Bros. Ultimate,,,khinsider_track_prominence_proxy,57.07628250740462,score_0_100,,,,82.83051300296185,,,,https://downloads.khinsider.com/game-soundtracks/album/super-smash-bros.-ultimate-enhanced-original-soundtrack,2026-10-05,Track title is taken from KHInsider's soundtrack/gamerip album index. Popularity is an explicitly labelled proxy based on BeatHit game rank and track prominence.,"{""culture_category"":""video_game_music"",""video_game"":""Super Smash Bros. Ultimate"",""game_rank"":41,""game_association_kind"":""khinsider_game_soundtrack"",""khinsider_album_url"":""https://downloads.khinsider.com/game-soundtracks/album/super-smash-bros.-ultimate-enhanced-original-soundtrack"",""khinsider_album_title"":""Super Smash Bros. Ultimate Enhanced Original Soundtrack (super-smash-bros.-ultimate-enhanced-original-soundtrack)"",""khinsider_album_kind"":""official_or_gamerip"",""khinsider_album_match_score"":100.0,""relevance_score_100"":100.0,""popularity_score_100"":57.07628250740462,""score_100"":82.83051300296185,""popularity_basis"":""BeatHit master-list game rank plus track position proxy""}"
584,Meta Crystal,Unknown credited artist,[],Super Smash Bros. Ultimate Vol. 01 - Super Smash Bros. (super-smash-bros.-ultimate-expanded-vol.-01-super-smash-bros.-switch-gamerip-2018),,,"[""video game soundtrack""]","[""und""]",,,,Super Smash Bros. Ultimate,,,khinsider_track_prominence_proxy,57.07628250740462,score_0_100,,,,82.83051300296185,,,,https://downloads.khinsider.com/game-soundtracks/album/super-smash-bros.-ultimate-expanded-vol.-01-super-smash-bros.-switch-gamerip-2018,2026-10-05,Track title is taken from KHInsider's soundtrack/gamerip album index. Popularity is an explicitly labelled proxy based on BeatHit game rank and track prominence.,"{""culture_category"":""video_game_music"",""video_game"":""Super Smash Bros. Ultimate"",""game_rank"":41,""game_association_kind"":""khinsider_game_soundtrack"",""khinsider_album_url"":""https://downloads.khinsider.com/game-soundtracks/album/super-smash-bros.-ultimate-expanded-vol.-01-super-smash-bros.-switch-gamerip-2018"",""khinsider_album_title"":""Super Smash Bros. Ultimate Vol. 01 - Super Smash Bros. (super-smash-bros.-ultimate-expanded-vol.-01-super-smash-bros.-switch-gamerip-2018)"",""khinsider_album_kind"":""official_or_gamerip"",""khinsider_album_match_score"":100.0,""relevance_score_100"":100.0,""popularity_score_100"":57.07628250740462,""score_100"":82.83051300296185,""popularity_basis"":""BeatHit master-list game rank plus track position proxy""}"
585,Title Theme - Mario Party - Island Tour,Unknown credited artist,[],Super Smash Bros. Ultimate Vol. 02 - Super Mario (super-smash-bros.-ultimate-expanded-vol.-02-super-mario-switch-gamerip-2018),,,"[""video game soundtrack""]","[""und""]",,,,Super Smash Bros. Ultimate,,,khinsider_track_prominence_proxy,57.07628250740462,score_0_100,,,,82.83051300296185,,,,https://downloads.khinsider.com/game-soundtracks/album/super-smash-bros.-ultimate-expanded-vol.-02-super-mario-switch-gamerip-2018,2026-10-05,Track title is taken from KHInsider's soundtrack/gamerip album index. Popularity is an explicitly labelled proxy based on BeatHit game rank and track prominence.,"{""culture_category"":""video_game_music"",""video_game"":""Super Smash Bros. Ultimate"",""game_rank"":41,""game_association_kind"":""khinsider_game_soundtrack"",""khinsider_album_url"":""https://downloads.khinsider.com/game-soundtracks/album/super-smash-bros.-ultimate-expanded-vol.-02-super-mario-switch-gamerip-2018"",""khinsider_album_title"":""Super Smash Bros. Ultimate Vol. 02 - Super Mario (super-smash-bros.-ultimate-expanded-vol.-02-super-mario-switch-gamerip-2018)"",""khinsider_album_kind"":""official_or_gamerip"",""khinsider_album_match_score"":100.0,""relevance_score_100"":100.0,""popularity_score_100"":57.07628250740462,""score_100"":82.83051300296185,""popularity_basis"":""BeatHit master-list game rank plus track position proxy""}"
586,Nintendo Switch Presentation 2017 Trailer BGM [Original],Unknown credited artist,[],Super Smash Bros. Ultimate Vol. 04 - The Legend of Zelda (super-smash-bros.-ultimate-expanded-vol.-04-the-legend-of-zelda-switch-gamerip-2018),,,"[""video game soundtrack""]","[""und""]",,,,Super Smash Bros. Ultimate,,,khinsider_track_prominence_proxy,57.07628250740462,score_0_100,,,,82.83051300296185,,,,https://downloads.khinsider.com/game-soundtracks/album/super-smash-bros.-ultimate-expanded-vol.-04-the-legend-of-zelda-switch-gamerip-2018,2026-10-05,Track title is taken from KHInsider's soundtrack/gamerip album index. Popularity is an explicitly labelled proxy based on BeatHit game rank and track prominence.,"{""culture_category"":""video_game_music"",""video_game"":""Super Smash Bros. Ultimate"",""game_rank"":41,""game_association_kind"":""khinsider_game_soundtrack"",""khinsider_album_url"":""https://downloads.khinsider.com/game-soundtracks/album/super-smash-bros.-ultimate-expanded-vol.-04-the-legend-of-zelda-switch-gamerip-2018"",""khinsider_album_title"":""Super Smash Bros. Ultimate Vol. 04 - The Legend of Zelda (super-smash-bros.-ultimate-expanded-vol.-04-the-legend-of-zelda-switch-gamerip-2018)"",""khinsider_album_kind"":""official_or_gamerip"",""khinsider_album_match_score"":100.0,""relevance_score_100"":100.0,""popularity_score_100"":57.07628250740462,""score_100"":82.83051300296185,""popularity_basis"":""BeatHit master-list game rank plus track position proxy""}"
587,Battle! (Elite Four) [Original],Unknown credited artist,[],Super Smash Bros. Ultimate Vol. 09 - Pokémon (super-smash-bros.-ultimate-expanded-vol.-09-pok-mon-switch-gamerip-2018),,,"[""video game soundtrack""]","[""und""]",,,,Super Smash Bros. Ultimate,,,khinsider_track_prominence_proxy,57.07628250740462,score_0_100,,,,82.83051300296185,,,,https://downloads.khinsider.com/game-soundtracks/album/super-smash-bros.-ultimate-expanded-vol.-09-pok-mon-switch-gamerip-2018,2026-10-05,Track title is taken from KHInsider's soundtrack/gamerip album index. Popularity is an explicitly labelled proxy based on BeatHit game rank and track prominence.,"{""culture_category"":""video_game_music"",""video_game"":""Super Smash Bros. Ultimate"",""game_rank"":41,""game_association_kind"":""khinsider_game_soundtrack"",""khinsider_album_url"":""https://downloads.khinsider.com/game-soundtracks/album/super-smash-bros.-ultimate-expanded-vol.-09-pok-mon-switch-gamerip-2018"",""khinsider_album_title"":""Super Smash Bros. Ultimate Vol. 09 - Pokémon (super-smash-bros.-ultimate-expanded-vol.-09-pok-mon-switch-gamerip-2018)"",""khinsider_album_kind"":""official_or_gamerip"",""khinsider_album_match_score"":100.0,""relevance_score_100"":100.0,""popularity_score_100"":57.07628250740462,""score_100"":82.83051300296185,""popularity_basis"":""BeatHit master-list game rank plus track position proxy""}"
588,Main Theme - Pikmin,Unknown credited artist,[],Super Smash Bros. Ultimate Enhanced Original Soundtrack (super-smash-bros.-ultimate-enhanced-original-soundtrack),,,"[""video game soundtrack""]","[""und""]",,,,Super Smash Bros. Ultimate,,,khinsider_track_prominence_proxy,56.86628250740462,score_0_100,,,,82.74651300296185,,,,https://downloads.khinsider.com/game-soundtracks/album/super-smash-bros.-ultimate-enhanced-original-soundtrack,2026-10-05,Track title is taken from KHInsider's soundtrack/gamerip album index. Popularity is an explicitly labelled proxy based on BeatHit game rank and track prominence.,"{""culture_category"":""video_game_music"",""video_game"":""Super Smash Bros. Ultimate"",""game_rank"":41,""game_association_kind"":""khinsider_game_soundtrack"",""khinsider_album_url"":""https://downloads.khinsider.com/game-soundtracks/album/super-smash-bros.-ultimate-enhanced-original-soundtrack"",""khinsider_album_title"":""Super Smash Bros. Ultimate Enhanced Original Soundtrack (super-smash-bros.-ultimate-enhanced-original-soundtrack)"",""khinsider_album_kind"":""official_or_gamerip"",""khinsider_album_match_score"":100.0,""relevance_score_100"":100.0,""popularity_score_100"":56.86628250740462,""score_100"":82.74651300296185,""popularity_basis"":""BeatHit master-list game rank plus track position proxy""}"
589,Duel Zone,Unknown credited artist,[],Super Smash Bros. Ultimate Vol. 01 - Super Smash Bros. (super-smash-bros.-ultimate-expanded-vol.-01-super-smash-bros.-switch-gamerip-2018),,,"[""video game soundtrack""]","[""und""]",,,,Super Smash Bros. Ultimate,,,khinsider_track_prominence_proxy,56.86628250740462,score_0_100,,,,82.74651300296185,,,,https://downloads.khinsider.com/game-soundtracks/album/super-smash-bros.-ultimate-expanded-vol.-01-super-smash-bros.-switch-gamerip-2018,2026-10-05,Track title is taken from KHInsider's soundtrack/gamerip album index. Popularity is an explicitly labelled proxy based on BeatHit game rank and track prominence.,"{""culture_category"":""video_game_music"",""video_game"":""Super Smash Bros. Ultimate"",""game_rank"":41,""game_association_kind"":""khinsider_game_soundtrack"",""khinsider_album_url"":""https://downloads.khinsider.com/game-soundtracks/album/super-smash-bros.-ultimate-expanded-vol.-01-super-smash-bros.-switch-gamerip-2018"",""khinsider_album_title"":""Super Smash Bros. Ultimate Vol. 01 - Super Smash Bros. (super-smash-bros.-ultimate-expanded-vol.-01-super-smash-bros.-switch-gamerip-2018)"",""khinsider_album_kind"":""official_or_gamerip"",""khinsider_album_match_score"":100.0,""relevance_score_100"":100.0,""popularity_score_100"":56.86628250740462,""score_100"":82.74651300296185,""popularity_basis"":""BeatHit master-list game rank plus track position proxy""}"
590,Rocket Road,Unknown credited artist,[],Super Smash Bros. Ultimate Vol. 02 - Super Mario (super-smash-bros.-ultimate-expanded-vol.-02-super-mario-switch-gamerip-2018),,,"[""video game soundtrack""]","[""und""]",,,,Super Smash Bros. Ultimate,,,khinsider_track_prominence_proxy,56.86628250740462,score_0_100,,,,82.74651300296185,,,,https://downloads.khinsider.com/game-soundtracks/album/super-smash-bros.-ultimate-expanded-vol.-02-super-mario-switch-gamerip-2018,2026-10-05,Track title is taken from KHInsider's soundtrack/gamerip album index. Popularity is an explicitly labelled proxy based on BeatHit game rank and track prominence.,"{""culture_category"":""video_game_music"",""video_game"":""Super Smash Bros. Ultimate"",""game_rank"":41,""game_association_kind"":""khinsider_game_soundtrack"",""khinsider_album_url"":""https://downloads.khinsider.com/game-soundtracks/album/super-smash-bros.-ultimate-expanded-vol.-02-super-mario-switch-gamerip-2018"",""khinsider_album_title"":""Super Smash Bros. Ultimate Vol. 02 - Super Mario (super-smash-bros.-ultimate-expanded-vol.-02-super-mario-switch-gamerip-2018)"",""khinsider_album_kind"":""official_or_gamerip"",""khinsider_album_match_score"":100.0,""relevance_score_100"":100.0,""popularity_score_100"":56.86628250740462,""score_100"":82.74651300296185,""popularity_basis"":""BeatHit master-list game rank plus track position proxy""}"
591,Main Theme - The Legend of Zelda - Breath of the Wild [Original],Unknown credited artist,[],Super Smash Bros. Ultimate Vol. 04 - The Legend of Zelda (super-smash-bros.-ultimate-expanded-vol.-04-the-legend-of-zelda-switch-gamerip-2018),,,"[""video game soundtrack""]","[""und""]",,,,Super Smash Bros. Ultimate,,,khinsider_track_prominence_proxy,56.86628250740462,score_0_100,,,,82.74651300296185,,,,https://downloads.khinsider.com/game-soundtracks/album/super-smash-bros.-ultimate-expanded-vol.-04-the-legend-of-zelda-switch-gamerip-2018,2026-10-05,Track title is taken from KHInsider's soundtrack/gamerip album index. Popularity is an explicitly labelled proxy based on BeatHit game rank and track prominence.,"{""culture_category"":""video_game_music"",""video_game"":""Super Smash Bros. Ultimate"",""game_rank"":41,""game_association_kind"":""khinsider_game_soundtrack"",""khinsider_album_url"":""https://downloads.khinsider.com/game-soundtracks/album/super-smash-bros.-ultimate-expanded-vol.-04-the-legend-of-zelda-switch-gamerip-2018"",""khinsider_album_title"":""Super Smash Bros. Ultimate Vol. 04 - The Legend of Zelda (super-smash-bros.-ultimate-expanded-vol.-04-the-legend-of-zelda-switch-gamerip-2018)"",""khinsider_album_kind"":""official_or_gamerip"",""khinsider_album_match_score"":100.0,""relevance_score_100"":100.0,""popularity_score_100"":56.86628250740462,""score_100"":82.74651300296185,""popularity_basis"":""BeatHit master-list game rank plus track position proxy""}"
592,Battle! (Solgaleo  -  Lunala) [Original],Unknown credited artist,[],Super Smash Bros. Ultimate Vol. 09 - Pokémon (super-smash-bros.-ultimate-expanded-vol.-09-pok-mon-switch-gamerip-2018),,,"[""video game soundtrack""]","[""und""]",,,,Super Smash Bros. Ultimate,,,khinsider_track_prominence_proxy,56.86628250740462,score_0_100,,,,82.74651300296185,,,,https://downloads.khinsider.com/game-soundtracks/album/super-smash-bros.-ultimate-expanded-vol.-09-pok-mon-switch-gamerip-2018,2026-10-05,Track title is taken from KHInsider's soundtrack/gamerip album index. Popularity is an explicitly labelled proxy based on BeatHit game rank and track prominence.,"{""culture_category"":""video_game_music"",""video_game"":""Super Smash Bros. Ultimate"",""game_rank"":41,""game_association_kind"":""khinsider_game_soundtrack"",""khinsider_album_url"":""https://downloads.khinsider.com/game-soundtracks/album/super-smash-bros.-ultimate-expanded-vol.-09-pok-mon-switch-gamerip-2018"",""khinsider_album_title"":""Super Smash Bros. Ultimate Vol. 09 - Pokémon (super-smash-bros.-ultimate-expanded-vol.-09-pok-mon-switch-gamerip-2018)"",""khinsider_album_kind"":""official_or_gamerip"",""khinsider_album_match_score"":100.0,""relevance_score_100"":100.0,""popularity_score_100"":56.86628250740462,""score_100"":82.74651300296185,""popularity_basis"":""BeatHit master-list game rank plus track position proxy""}"
593,Garden of Hope [Pikmin 3],Unknown credited artist,[],Super Smash Bros. Ultimate Enhanced Original Soundtrack (super-smash-bros.-ultimate-enhanced-original-soundtrack),,,"[""video game soundtrack""]","[""und""]",,,,Super Smash Bros. Ultimate,,,khinsider_track_prominence_proxy,56.656282507404626,score_0_100,,,,82.66251300296184,,,,https://downloads.khinsider.com/game-soundtracks/album/super-smash-bros.-ultimate-enhanced-original-soundtrack,2026-10-05,Track title is taken from KHInsider's soundtrack/gamerip album index. Popularity is an explicitly labelled proxy based on BeatHit game rank and track prominence.,"{""culture_category"":""video_game_music"",""video_game"":""Super Smash Bros. Ultimate"",""game_rank"":41,""game_association_kind"":""khinsider_game_soundtrack"",""khinsider_album_url"":""https://downloads.khinsider.com/game-soundtracks/album/super-smash-bros.-ultimate-enhanced-original-soundtrack"",""khinsider_album_title"":""Super Smash Bros. Ultimate Enhanced Original Soundtrack (super-smash-bros.-ultimate-enhanced-original-soundtrack)"",""khinsider_album_kind"":""official_or_gamerip"",""khinsider_album_match_score"":100.0,""relevance_score_100"":100.0,""popularity_score_100"":56.656282507404626,""score_100"":82.66251300296184,""popularity_basis"":""BeatHit master-list game rank plus track position proxy""}"
594,Training Mode,Unknown credited artist,[],Super Smash Bros. Ultimate Vol. 01 - Super Smash Bros. (super-smash-bros.-ultimate-expanded-vol.-01-super-smash-bros.-switch-gamerip-2018),,,"[""video game soundtrack""]","[""und""]",,,,Super Smash Bros. Ultimate,,,khinsider_track_prominence_proxy,56.656282507404626,score_0_100,,,,82.66251300296184,,,,https://downloads.khinsider.com/game-soundtracks/album/super-smash-bros.-ultimate-expanded-vol.-01-super-smash-bros.-switch-gamerip-2018,2026-10-05,Track title is taken from KHInsider's soundtrack/gamerip album index. Popularity is an explicitly labelled proxy based on BeatHit game rank and track prominence.,"{""culture_category"":""video_game_music"",""video_game"":""Super Smash Bros. Ultimate"",""game_rank"":41,""game_association_kind"":""khinsider_game_soundtrack"",""khinsider_album_url"":""https://downloads.khinsider.com/game-soundtracks/album/super-smash-bros.-ultimate-expanded-vol.-01-super-smash-bros.-switch-gamerip-2018"",""khinsider_album_title"":""Super Smash Bros. Ultimate Vol. 01 - Super Smash Bros. (super-smash-bros.-ultimate-expanded-vol.-01-super-smash-bros.-switch-gamerip-2018)"",""khinsider_album_kind"":""official_or_gamerip"",""khinsider_album_match_score"":100.0,""relevance_score_100"":100.0,""popularity_score_100"":56.656282507404626,""score_100"":82.66251300296184,""popularity_basis"":""BeatHit master-list game rank plus track position proxy""}"
595,Mario Tennis  -  Mario Golf,Unknown credited artist,[],Super Smash Bros. Ultimate Vol. 02 - Super Mario (super-smash-bros.-ultimate-expanded-vol.-02-super-mario-switch-gamerip-2018),,,"[""video game soundtrack""]","[""und""]",,,,Super Smash Bros. Ultimate,,,khinsider_track_prominence_proxy,56.656282507404626,score_0_100,,,,82.66251300296184,,,,https://downloads.khinsider.com/game-soundtracks/album/super-smash-bros.-ultimate-expanded-vol.-02-super-mario-switch-gamerip-2018,2026-10-05,Track title is taken from KHInsider's soundtrack/gamerip album index. Popularity is an explicitly labelled proxy based on BeatHit game rank and track prominence.,"{""culture_category"":""video_game_music"",""video_game"":""Super Smash Bros. Ultimate"",""game_rank"":41,""game_association_kind"":""khinsider_game_soundtrack"",""khinsider_album_url"":""https://downloads.khinsider.com/game-soundtracks/album/super-smash-bros.-ultimate-expanded-vol.-02-super-mario-switch-gamerip-2018"",""khinsider_album_title"":""Super Smash Bros. Ultimate Vol. 02 - Super Mario (super-smash-bros.-ultimate-expanded-vol.-02-super-mario-switch-gamerip-2018)"",""khinsider_album_kind"":""official_or_gamerip"",""khinsider_album_match_score"":100.0,""relevance_score_100"":100.0,""popularity_score_100"":56.656282507404626,""score_100"":82.66251300296184,""popularity_basis"":""BeatHit master-list game rank plus track position proxy""}"
596,Kass's Theme [Original],Unknown credited artist,[],Super Smash Bros. Ultimate Vol. 04 - The Legend of Zelda (super-smash-bros.-ultimate-expanded-vol.-04-the-legend-of-zelda-switch-gamerip-2018),,,"[""video game soundtrack""]","[""und""]",,,,Super Smash Bros. Ultimate,,,khinsider_track_prominence_proxy,56.656282507404626,score_0_100,,,,82.66251300296184,,,,https://downloads.khinsider.com/game-soundtracks/album/super-smash-bros.-ultimate-expanded-vol.-04-the-legend-of-zelda-switch-gamerip-2018,2026-10-05,Track title is taken from KHInsider's soundtrack/gamerip album index. Popularity is an explicitly labelled proxy based on BeatHit game rank and track prominence.,"{""culture_category"":""video_game_music"",""video_game"":""Super Smash Bros. Ultimate"",""game_rank"":41,""game_association_kind"":""khinsider_game_soundtrack"",""khinsider_album_url"":""https://downloads.khinsider.com/game-soundtracks/album/super-smash-bros.-ultimate-expanded-vol.-04-the-legend-of-zelda-switch-gamerip-2018"",""khinsider_album_title"":""Super Smash Bros. Ultimate Vol. 04 - The Legend of Zelda (super-smash-bros.-ultimate-expanded-vol.-04-the-legend-of-zelda-switch-gamerip-2018)"",""khinsider_album_kind"":""official_or_gamerip"",""khinsider_album_match_score"":100.0,""relevance_score_100"":100.0,""popularity_score_100"":56.656282507404626,""score_100"":82.66251300296184,""popularity_basis"":""BeatHit master-list game rank plus track position proxy""}"
597,The Battle at the Summit! [Original],Unknown credited artist,[],Super Smash Bros. Ultimate Vol. 09 - Pokémon (super-smash-bros.-ultimate-expanded-vol.-09-pok-mon-switch-gamerip-2018),,,"[""video game soundtrack""]","[""und""]",,,,Super Smash Bros. Ultimate,,,khinsider_track_prominence_proxy,56.656282507404626,score_0_100,,,,82.66251300296184,,,,https://downloads.khinsider.com/game-soundtracks/album/super-smash-bros.-ultimate-expanded-vol.-09-pok-mon-switch-gamerip-2018,2026-10-05,Track title is taken from KHInsider's soundtrack/gamerip album index. Popularity is an explicitly labelled proxy based on BeatHit game rank and track prominence.,"{""culture_category"":""video_game_music"",""video_game"":""Super Smash Bros. Ultimate"",""game_rank"":41,""game_association_kind"":""khinsider_game_soundtrack"",""khinsider_album_url"":""https://downloads.khinsider.com/game-soundtracks/album/super-smash-bros.-ultimate-expanded-vol.-09-pok-mon-switch-gamerip-2018"",""khinsider_album_title"":""Super Smash Bros. Ultimate Vol. 09 - Pokémon (super-smash-bros.-ultimate-expanded-vol.-09-pok-mon-switch-gamerip-2018)"",""khinsider_album_kind"":""official_or_gamerip"",""khinsider_album_match_score"":100.0,""relevance_score_100"":100.0,""popularity_score_100"":56.656282507404626,""score_100"":82.66251300296184,""popularity_basis"":""BeatHit master-list game rank plus track position proxy""}"
598,Title Theme - Animal Crossing,Unknown credited artist,[],Super Smash Bros. Ultimate Enhanced Original Soundtrack (super-smash-bros.-ultimate-enhanced-original-soundtrack),,,"[""video game soundtrack""]","[""und""]",,,,Super Smash Bros. Ultimate,,,khinsider_track_prominence_proxy,56.446282507404625,score_0_100,,,,82.57851300296186,,,,https://downloads.khinsider.com/game-soundtracks/album/super-smash-bros.-ultimate-enhanced-original-soundtrack,2026-10-05,Track title is taken from KHInsider's soundtrack/gamerip album index. Popularity is an explicitly labelled proxy based on BeatHit game rank and track prominence.,"{""culture_category"":""video_game_music"",""video_game"":""Super Smash Bros. Ultimate"",""game_rank"":41,""game_association_kind"":""khinsider_game_soundtrack"",""khinsider_album_url"":""https://downloads.khinsider.com/game-soundtracks/album/super-smash-bros.-ultimate-enhanced-original-soundtrack"",""khinsider_album_title"":""Super Smash Bros. Ultimate Enhanced Original Soundtrack (super-smash-bros.-ultimate-enhanced-original-soundtrack)"",""khinsider_album_kind"":""official_or_gamerip"",""khinsider_album_match_score"":100.0,""relevance_score_100"":100.0,""popularity_score_100"":56.446282507404625,""score_100"":82.57851300296186,""popularity_basis"":""BeatHit master-list game rank plus track position proxy""}"
599,Targets!,Unknown credited artist,[],Super Smash Bros. Ultimate Vol. 01 - Super Smash Bros. (super-smash-bros.-ultimate-expanded-vol.-01-super-smash-bros.-switch-gamerip-2018),,,"[""video game soundtrack""]","[""und""]",,,,Super Smash Bros. Ultimate,,,khinsider_track_prominence_proxy,56.446282507404625,score_0_100,,,,82.57851300296186,,,,https://downloads.khinsider.com/game-soundtracks/album/super-smash-bros.-ultimate-expanded-vol.-01-super-smash-bros.-switch-gamerip-2018,2026-10-05,Track title is taken from KHInsider's soundtrack/gamerip album index. Popularity is an explicitly labelled proxy based on BeatHit game rank and track prominence.,"{""culture_category"":""video_game_music"",""video_game"":""Super Smash Bros. Ultimate"",""game_rank"":41,""game_association_kind"":""khinsider_game_soundtrack"",""khinsider_album_url"":""https://downloads.khinsider.com/game-soundtracks/album/super-smash-bros.-ultimate-expanded-vol.-01-super-smash-bros.-switch-gamerip-2018"",""khinsider_album_title"":""Super Smash Bros. Ultimate Vol. 01 - Super Smash Bros. (super-smash-bros.-ultimate-expanded-vol.-01-super-smash-bros.-switch-gamerip-2018)"",""khinsider_album_kind"":""official_or_gamerip"",""khinsider_album_match_score"":100.0,""relevance_score_100"":100.0,""popularity_score_100"":56.446282507404625,""score_100"":82.57851300296186,""popularity_basis"":""BeatHit master-list game rank plus track position proxy""}"
600,World Tour,Unknown credited artist,[],Super Smash Bros. Ultimate Vol. 02 - Super Mario (super-smash-bros.-ultimate-expanded-vol.-02-super-mario-switch-gamerip-2018),,,"[""video game soundtrack""]","[""und""]",,,,Super Smash Bros. Ultimate,,,khinsider_track_prominence_proxy,56.446282507404625,score_0_100,,,,82.57851300296186,,,,https://downloads.khinsider.com/game-soundtracks/album/super-smash-bros.-ultimate-expanded-vol.-02-super-mario-switch-gamerip-2018,2026-10-05,Track title is taken from KHInsider's soundtrack/gamerip album index. Popularity is an explicitly labelled proxy based on BeatHit game rank and track prominence.,"{""culture_category"":""video_game_music"",""video_game"":""Super Smash Bros. Ultimate"",""game_rank"":41,""game_association_kind"":""khinsider_game_soundtrack"",""khinsider_album_url"":""https://downloads.khinsider.com/game-soundtracks/album/super-smash-bros.-ultimate-expanded-vol.-02-super-mario-switch-gamerip-2018"",""khinsider_album_title"":""Super Smash Bros. Ultimate Vol. 02 - Super Mario (super-smash-bros.-ultimate-expanded-vol.-02-super-mario-switch-gamerip-2018)"",""khinsider_album_kind"":""official_or_gamerip"",""khinsider_album_match_score"":100.0,""relevance_score_100"":100.0,""popularity_score_100"":56.446282507404625,""score_100"":82.57851300296186,""popularity_basis"":""BeatHit master-list game rank plus track position proxy""}"
601,Title Theme - Animal Crossing Wild World,Unknown credited artist,[],Super Smash Bros. Ultimate Enhanced Original Soundtrack (super-smash-bros.-ultimate-enhanced-original-soundtrack),,,"[""video game soundtrack""]","[""und""]",,,,Super Smash Bros. Ultimate,,,khinsider_track_prominence_proxy,56.236282507404624,score_0_100,,,,82.49451300296185,,,,https://downloads.khinsider.com/game-soundtracks/album/super-smash-bros.-ultimate-enhanced-original-soundtrack,2026-10-05,Track title is taken from KHInsider's soundtrack/gamerip album index. Popularity is an explicitly labelled proxy based on BeatHit game rank and track prominence.,"{""culture_category"":""video_game_music"",""video_game"":""Super Smash Bros. Ultimate"",""game_rank"":41,""game_association_kind"":""khinsider_game_soundtrack"",""khinsider_album_url"":""https://downloads.khinsider.com/game-soundtracks/album/super-smash-bros.-ultimate-enhanced-original-soundtrack"",""khinsider_album_title"":""Super Smash Bros. Ultimate Enhanced Original Soundtrack (super-smash-bros.-ultimate-enhanced-original-soundtrack)"",""khinsider_album_kind"":""official_or_gamerip"",""khinsider_album_match_score"":100.0,""relevance_score_100"":100.0,""popularity_score_100"":56.236282507404624,""score_100"":82.49451300296185,""popularity_basis"":""BeatHit master-list game rank plus track position proxy""}"
602,Metal Battle,Unknown credited artist,[],Super Smash Bros. Ultimate Vol. 01 - Super Smash Bros. (super-smash-bros.-ultimate-expanded-vol.-01-super-smash-bros.-switch-gamerip-2018),,,"[""video game soundtrack""]","[""und""]",,,,Super Smash Bros. Ultimate,,,khinsider_track_prominence_proxy,56.236282507404624,score_0_100,,,,82.49451300296185,,,,https://downloads.khinsider.com/game-soundtracks/album/super-smash-bros.-ultimate-expanded-vol.-01-super-smash-bros.-switch-gamerip-2018,2026-10-05,Track title is taken from KHInsider's soundtrack/gamerip album index. Popularity is an explicitly labelled proxy based on BeatHit game rank and track prominence.,"{""culture_category"":""video_game_music"",""video_game"":""Super Smash Bros. Ultimate"",""game_rank"":41,""game_association_kind"":""khinsider_game_soundtrack"",""khinsider_album_url"":""https://downloads.khinsider.com/game-soundtracks/album/super-smash-bros.-ultimate-expanded-vol.-01-super-smash-bros.-switch-gamerip-2018"",""khinsider_album_title"":""Super Smash Bros. Ultimate Vol. 01 - Super Smash Bros. (super-smash-bros.-ultimate-expanded-vol.-01-super-smash-bros.-switch-gamerip-2018)"",""khinsider_album_kind"":""official_or_gamerip"",""khinsider_album_match_score"":100.0,""relevance_score_100"":100.0,""popularity_score_100"":56.236282507404624,""score_100"":82.49451300296185,""popularity_basis"":""BeatHit master-list game rank plus track position proxy""}"
603,Stadium Theme - Mario Tennis - Ultra Smash,Unknown credited artist,[],Super Smash Bros. Ultimate Vol. 02 - Super Mario (super-smash-bros.-ultimate-expanded-vol.-02-super-mario-switch-gamerip-2018),,,"[""video game soundtrack""]","[""und""]",,,,Super Smash Bros. Ultimate,,,khinsider_track_prominence_proxy,56.236282507404624,score_0_100,,,,82.49451300296185,,,,https://downloads.khinsider.com/game-soundtracks/album/super-smash-bros.-ultimate-expanded-vol.-02-super-mario-switch-gamerip-2018,2026-10-05,Track title is taken from KHInsider's soundtrack/gamerip album index. Popularity is an explicitly labelled proxy based on BeatHit game rank and track prominence.,"{""culture_category"":""video_game_music"",""video_game"":""Super Smash Bros. Ultimate"",""game_rank"":41,""game_association_kind"":""khinsider_game_soundtrack"",""khinsider_album_url"":""https://downloads.khinsider.com/game-soundtracks/album/super-smash-bros.-ultimate-expanded-vol.-02-super-mario-switch-gamerip-2018"",""khinsider_album_title"":""Super Smash Bros. Ultimate Vol. 02 - Super Mario (super-smash-bros.-ultimate-expanded-vol.-02-super-mario-switch-gamerip-2018)"",""khinsider_album_kind"":""official_or_gamerip"",""khinsider_album_match_score"":100.0,""relevance_score_100"":100.0,""popularity_score_100"":56.236282507404624,""score_100"":82.49451300296185,""popularity_basis"":""BeatHit master-list game rank plus track position proxy""}"
604,Title Theme - Animal Crossing Happy Home Designer,Unknown credited artist,[],Super Smash Bros. Ultimate Enhanced Original Soundtrack (super-smash-bros.-ultimate-enhanced-original-soundtrack),,,"[""video game soundtrack""]","[""und""]",,,,Super Smash Bros. Ultimate,,,khinsider_track_prominence_proxy,56.02628250740462,score_0_100,,,,82.41051300296185,,,,https://downloads.khinsider.com/game-soundtracks/album/super-smash-bros.-ultimate-enhanced-original-soundtrack,2026-10-05,Track title is taken from KHInsider's soundtrack/gamerip album index. Popularity is an explicitly labelled proxy based on BeatHit game rank and track prominence.,"{""culture_category"":""video_game_music"",""video_game"":""Super Smash Bros. Ultimate"",""game_rank"":41,""game_association_kind"":""khinsider_game_soundtrack"",""khinsider_album_url"":""https://downloads.khinsider.com/game-soundtracks/album/super-smash-bros.-ultimate-enhanced-original-soundtrack"",""khinsider_album_title"":""Super Smash Bros. Ultimate Enhanced Original Soundtrack (super-smash-bros.-ultimate-enhanced-original-soundtrack)"",""khinsider_album_kind"":""official_or_gamerip"",""khinsider_album_match_score"":100.0,""relevance_score_100"":100.0,""popularity_score_100"":56.02628250740462,""score_100"":82.41051300296185,""popularity_basis"":""BeatHit master-list game rank plus track position proxy""}"
605,Trophies,Unknown credited artist,[],Super Smash Bros. Ultimate Vol. 01 - Super Smash Bros. (super-smash-bros.-ultimate-expanded-vol.-01-super-smash-bros.-switch-gamerip-2018),,,"[""video game soundtrack""]","[""und""]",,,,Super Smash Bros. Ultimate,,,khinsider_track_prominence_proxy,56.02628250740462,score_0_100,,,,82.41051300296185,,,,https://downloads.khinsider.com/game-soundtracks/album/super-smash-bros.-ultimate-expanded-vol.-01-super-smash-bros.-switch-gamerip-2018,2026-10-05,Track title is taken from KHInsider's soundtrack/gamerip album index. Popularity is an explicitly labelled proxy based on BeatHit game rank and track prominence.,"{""culture_category"":""video_game_music"",""video_game"":""Super Smash Bros. Ultimate"",""game_rank"":41,""game_association_kind"":""khinsider_game_soundtrack"",""khinsider_album_url"":""https://downloads.khinsider.com/game-soundtracks/album/super-smash-bros.-ultimate-expanded-vol.-01-super-smash-bros.-switch-gamerip-2018"",""khinsider_album_title"":""Super Smash Bros. Ultimate Vol. 01 - Super Smash Bros. (super-smash-bros.-ultimate-expanded-vol.-01-super-smash-bros.-switch-gamerip-2018)"",""khinsider_album_kind"":""official_or_gamerip"",""khinsider_album_match_score"":100.0,""relevance_score_100"":100.0,""popularity_score_100"":56.02628250740462,""score_100"":82.41051300296185,""popularity_basis"":""BeatHit master-list game rank plus track position proxy""}"
606,Kingdom Stadium - Night,Unknown credited artist,[],Super Smash Bros. Ultimate Vol. 02 - Super Mario (super-smash-bros.-ultimate-expanded-vol.-02-super-mario-switch-gamerip-2018),,,"[""video game soundtrack""]","[""und""]",,,,Super Smash Bros. Ultimate,,,khinsider_track_prominence_proxy,56.02628250740462,score_0_100,,,,82.41051300296185,,,,https://downloads.khinsider.com/game-soundtracks/album/super-smash-bros.-ultimate-expanded-vol.-02-super-mario-switch-gamerip-2018,2026-10-05,Track title is taken from KHInsider's soundtrack/gamerip album index. Popularity is an explicitly labelled proxy based on BeatHit game rank and track prominence.,"{""culture_category"":""video_game_music"",""video_game"":""Super Smash Bros. Ultimate"",""game_rank"":41,""game_association_kind"":""khinsider_game_soundtrack"",""khinsider_album_url"":""https://downloads.khinsider.com/game-soundtracks/album/super-smash-bros.-ultimate-expanded-vol.-02-super-mario-switch-gamerip-2018"",""khinsider_album_title"":""Super Smash Bros. Ultimate Vol. 02 - Super Mario (super-smash-bros.-ultimate-expanded-vol.-02-super-mario-switch-gamerip-2018)"",""khinsider_album_kind"":""official_or_gamerip"",""khinsider_album_match_score"":100.0,""relevance_score_100"":100.0,""popularity_score_100"":56.02628250740462,""score_100"":82.41051300296185,""popularity_basis"":""BeatHit master-list game rank plus track position proxy""}"
607,Victory! [Animal Crossing],Unknown credited artist,[],Super Smash Bros. Ultimate Enhanced Original Soundtrack (super-smash-bros.-ultimate-enhanced-original-soundtrack),,,"[""video game soundtrack""]","[""und""]",,,,Super Smash Bros. Ultimate,,,khinsider_track_prominence_proxy,55.81628250740462,score_0_100,,,,82.32651300296185,,,,https://downloads.khinsider.com/game-soundtracks/album/super-smash-bros.-ultimate-enhanced-original-soundtrack,2026-10-05,Track title is taken from KHInsider's soundtrack/gamerip album index. Popularity is an explicitly labelled proxy based on BeatHit game rank and track prominence.,"{""culture_category"":""video_game_music"",""video_game"":""Super Smash Bros. Ultimate"",""game_rank"":41,""game_association_kind"":""khinsider_game_soundtrack"",""khinsider_album_url"":""https://downloads.khinsider.com/game-soundtracks/album/super-smash-bros.-ultimate-enhanced-original-soundtrack"",""khinsider_album_title"":""Super Smash Bros. Ultimate Enhanced Original Soundtrack (super-smash-bros.-ultimate-enhanced-original-soundtrack)"",""khinsider_album_kind"":""official_or_gamerip"",""khinsider_album_match_score"":100.0,""relevance_score_100"":100.0,""popularity_score_100"":55.81628250740462,""score_100"":82.32651300296185,""popularity_basis"":""BeatHit master-list game rank plus track position proxy""}"
608,Tournament,Unknown credited artist,[],Super Smash Bros. Ultimate Vol. 01 - Super Smash Bros. (super-smash-bros.-ultimate-expanded-vol.-01-super-smash-bros.-switch-gamerip-2018),,,"[""video game soundtrack""]","[""und""]",,,,Super Smash Bros. Ultimate,,,khinsider_track_prominence_proxy,55.81628250740462,score_0_100,,,,82.32651300296185,,,,https://downloads.khinsider.com/game-soundtracks/album/super-smash-bros.-ultimate-expanded-vol.-01-super-smash-bros.-switch-gamerip-2018,2026-10-05,Track title is taken from KHInsider's soundtrack/gamerip album index. Popularity is an explicitly labelled proxy based on BeatHit game rank and track prominence.,"{""culture_category"":""video_game_music"",""video_game"":""Super Smash Bros. Ultimate"",""game_rank"":41,""game_association_kind"":""khinsider_game_soundtrack"",""khinsider_album_url"":""https://downloads.khinsider.com/game-soundtracks/album/super-smash-bros.-ultimate-expanded-vol.-01-super-smash-bros.-switch-gamerip-2018"",""khinsider_album_title"":""Super Smash Bros. Ultimate Vol. 01 - Super Smash Bros. (super-smash-bros.-ultimate-expanded-vol.-01-super-smash-bros.-switch-gamerip-2018)"",""khinsider_album_kind"":""official_or_gamerip"",""khinsider_album_match_score"":100.0,""relevance_score_100"":100.0,""popularity_score_100"":55.81628250740462,""score_100"":82.32651300296185,""popularity_basis"":""BeatHit master-list game rank plus track position proxy""}"
609,Country Field - away team,Unknown credited artist,[],Super Smash Bros. Ultimate Vol. 02 - Super Mario (super-smash-bros.-ultimate-expanded-vol.-02-super-mario-switch-gamerip-2018),,,"[""video game soundtrack""]","[""und""]",,,,Super Smash Bros. Ultimate,,,khinsider_track_prominence_proxy,55.81628250740462,score_0_100,,,,82.32651300296185,,,,https://downloads.khinsider.com/game-soundtracks/album/super-smash-bros.-ultimate-expanded-vol.-02-super-mario-switch-gamerip-2018,2026-10-05,Track title is taken from KHInsider's soundtrack/gamerip album index. Popularity is an explicitly labelled proxy based on BeatHit game rank and track prominence.,"{""culture_category"":""video_game_music"",""video_game"":""Super Smash Bros. Ultimate"",""game_rank"":41,""game_association_kind"":""khinsider_game_soundtrack"",""khinsider_album_url"":""https://downloads.khinsider.com/game-soundtracks/album/super-smash-bros.-ultimate-expanded-vol.-02-super-mario-switch-gamerip-2018"",""khinsider_album_title"":""Super Smash Bros. Ultimate Vol. 02 - Super Mario (super-smash-bros.-ultimate-expanded-vol.-02-super-mario-switch-gamerip-2018)"",""khinsider_album_kind"":""official_or_gamerip"",""khinsider_album_match_score"":100.0,""relevance_score_100"":100.0,""popularity_score_100"":55.81628250740462,""score_100"":82.32651300296185,""popularity_basis"":""BeatHit master-list game rank plus track position proxy""}"
610,Training,Unknown credited artist,[],Super Smash Bros. Ultimate Enhanced Original Soundtrack (super-smash-bros.-ultimate-enhanced-original-soundtrack),,,"[""video game soundtrack""]","[""und""]",,,,Super Smash Bros. Ultimate,,,khinsider_track_prominence_proxy,55.60628250740462,score_0_100,,,,82.24251300296186,,,,https://downloads.khinsider.com/game-soundtracks/album/super-smash-bros.-ultimate-enhanced-original-soundtrack,2026-10-05,Track title is taken from KHInsider's soundtrack/gamerip album index. Popularity is an explicitly labelled proxy based on BeatHit game rank and track prominence.,"{""culture_category"":""video_game_music"",""video_game"":""Super Smash Bros. Ultimate"",""game_rank"":41,""game_association_kind"":""khinsider_game_soundtrack"",""khinsider_album_url"":""https://downloads.khinsider.com/game-soundtracks/album/super-smash-bros.-ultimate-enhanced-original-soundtrack"",""khinsider_album_title"":""Super Smash Bros. Ultimate Enhanced Original Soundtrack (super-smash-bros.-ultimate-enhanced-original-soundtrack)"",""khinsider_album_kind"":""official_or_gamerip"",""khinsider_album_match_score"":100.0,""relevance_score_100"":100.0,""popularity_score_100"":55.60628250740462,""score_100"":82.24251300296186,""popularity_basis"":""BeatHit master-list game rank plus track position proxy""}"
611,Tournament 2,Unknown credited artist,[],Super Smash Bros. Ultimate Vol. 01 - Super Smash Bros. (super-smash-bros.-ultimate-expanded-vol.-01-super-smash-bros.-switch-gamerip-2018),,,"[""video game soundtrack""]","[""und""]",,,,Super Smash Bros. Ultimate,,,khinsider_track_prominence_proxy,55.60628250740462,score_0_100,,,,82.24251300296186,,,,https://downloads.khinsider.com/game-soundtracks/album/super-smash-bros.-ultimate-expanded-vol.-01-super-smash-bros.-switch-gamerip-2018,2026-10-05,Track title is taken from KHInsider's soundtrack/gamerip album index. Popularity is an explicitly labelled proxy based on BeatHit game rank and track prominence.,"{""culture_category"":""video_game_music"",""video_game"":""Super Smash Bros. Ultimate"",""game_rank"":41,""game_association_kind"":""khinsider_game_soundtrack"",""khinsider_album_url"":""https://downloads.khinsider.com/game-soundtracks/album/super-smash-bros.-ultimate-expanded-vol.-01-super-smash-bros.-switch-gamerip-2018"",""khinsider_album_title"":""Super Smash Bros. Ultimate Vol. 01 - Super Smash Bros. (super-smash-bros.-ultimate-expanded-vol.-01-super-smash-bros.-switch-gamerip-2018)"",""khinsider_album_kind"":""official_or_gamerip"",""khinsider_album_match_score"":100.0,""relevance_score_100"":100.0,""popularity_score_100"":55.60628250740462,""score_100"":82.24251300296186,""popularity_basis"":""BeatHit master-list game rank plus track position proxy""}"
612,Title Theme - Mario Tennis Aces,Unknown credited artist,[],Super Smash Bros. Ultimate Vol. 02 - Super Mario (super-smash-bros.-ultimate-expanded-vol.-02-super-mario-switch-gamerip-2018),,,"[""video game soundtrack""]","[""und""]",,,,Super Smash Bros. Ultimate,,,khinsider_track_prominence_proxy,55.60628250740462,score_0_100,,,,82.24251300296186,,,,https://downloads.khinsider.com/game-soundtracks/album/super-smash-bros.-ultimate-expanded-vol.-02-super-mario-switch-gamerip-2018,2026-10-05,Track title is taken from KHInsider's soundtrack/gamerip album index. Popularity is an explicitly labelled proxy based on BeatHit game rank and track prominence.,"{""culture_category"":""video_game_music"",""video_game"":""Super Smash Bros. Ultimate"",""game_rank"":41,""game_association_kind"":""khinsider_game_soundtrack"",""khinsider_album_url"":""https://downloads.khinsider.com/game-soundtracks/album/super-smash-bros.-ultimate-expanded-vol.-02-super-mario-switch-gamerip-2018"",""khinsider_album_title"":""Super Smash Bros. Ultimate Vol. 02 - Super Mario (super-smash-bros.-ultimate-expanded-vol.-02-super-mario-switch-gamerip-2018)"",""khinsider_album_kind"":""official_or_gamerip"",""khinsider_album_match_score"":100.0,""relevance_score_100"":100.0,""popularity_score_100"":55.60628250740462,""score_100"":82.24251300296186,""popularity_basis"":""BeatHit master-list game rank plus track position proxy""}"
613,Tourney Battle List,Unknown credited artist,[],Super Smash Bros. Ultimate Enhanced Original Soundtrack (super-smash-bros.-ultimate-enhanced-original-soundtrack),,,"[""video game soundtrack""]","[""und""]",,,,Super Smash Bros. Ultimate,,,khinsider_track_prominence_proxy,55.39628250740462,score_0_100,,,,82.15851300296185,,,,https://downloads.khinsider.com/game-soundtracks/album/super-smash-bros.-ultimate-enhanced-original-soundtrack,2026-10-05,Track title is taken from KHInsider's soundtrack/gamerip album index. Popularity is an explicitly labelled proxy based on BeatHit game rank and track prominence.,"{""culture_category"":""video_game_music"",""video_game"":""Super Smash Bros. Ultimate"",""game_rank"":41,""game_association_kind"":""khinsider_game_soundtrack"",""khinsider_album_url"":""https://downloads.khinsider.com/game-soundtracks/album/super-smash-bros.-ultimate-enhanced-original-soundtrack"",""khinsider_album_title"":""Super Smash Bros. Ultimate Enhanced Original Soundtrack (super-smash-bros.-ultimate-enhanced-original-soundtrack)"",""khinsider_album_kind"":""official_or_gamerip"",""khinsider_album_match_score"":100.0,""relevance_score_100"":100.0,""popularity_score_100"":55.39628250740462,""score_100"":82.15851300296185,""popularity_basis"":""BeatHit master-list game rank plus track position proxy""}"
614,All-Star Intro,Unknown credited artist,[],Super Smash Bros. Ultimate Vol. 01 - Super Smash Bros. (super-smash-bros.-ultimate-expanded-vol.-01-super-smash-bros.-switch-gamerip-2018),,,"[""video game soundtrack""]","[""und""]",,,,Super Smash Bros. Ultimate,,,khinsider_track_prominence_proxy,55.39628250740462,score_0_100,,,,82.15851300296185,,,,https://downloads.khinsider.com/game-soundtracks/album/super-smash-bros.-ultimate-expanded-vol.-01-super-smash-bros.-switch-gamerip-2018,2026-10-05,Track title is taken from KHInsider's soundtrack/gamerip album index. Popularity is an explicitly labelled proxy based on BeatHit game rank and track prominence.,"{""culture_category"":""video_game_music"",""video_game"":""Super Smash Bros. Ultimate"",""game_rank"":41,""game_association_kind"":""khinsider_game_soundtrack"",""khinsider_album_url"":""https://downloads.khinsider.com/game-soundtracks/album/super-smash-bros.-ultimate-expanded-vol.-01-super-smash-bros.-switch-gamerip-2018"",""khinsider_album_title"":""Super Smash Bros. Ultimate Vol. 01 - Super Smash Bros. (super-smash-bros.-ultimate-expanded-vol.-01-super-smash-bros.-switch-gamerip-2018)"",""khinsider_album_kind"":""official_or_gamerip"",""khinsider_album_match_score"":100.0,""relevance_score_100"":100.0,""popularity_score_100"":55.39628250740462,""score_100"":82.15851300296185,""popularity_basis"":""BeatHit master-list game rank plus track position proxy""}"
615,Stadium Theme - Mario Tennis Aces,Unknown credited artist,[],Super Smash Bros. Ultimate Vol. 02 - Super Mario (super-smash-bros.-ultimate-expanded-vol.-02-super-mario-switch-gamerip-2018),,,"[""video game soundtrack""]","[""und""]",,,,Super Smash Bros. Ultimate,,,khinsider_track_prominence_proxy,55.39628250740462,score_0_100,,,,82.15851300296185,,,,https://downloads.khinsider.com/game-soundtracks/album/super-smash-bros.-ultimate-expanded-vol.-02-super-mario-switch-gamerip-2018,2026-10-05,Track title is taken from KHInsider's soundtrack/gamerip album index. Popularity is an explicitly labelled proxy based on BeatHit game rank and track prominence.,"{""culture_category"":""video_game_music"",""video_game"":""Super Smash Bros. Ultimate"",""game_rank"":41,""game_association_kind"":""khinsider_game_soundtrack"",""khinsider_album_url"":""https://downloads.khinsider.com/game-soundtracks/album/super-smash-bros.-ultimate-expanded-vol.-02-super-mario-switch-gamerip-2018"",""khinsider_album_title"":""Super Smash Bros. Ultimate Vol. 02 - Super Mario (super-smash-bros.-ultimate-expanded-vol.-02-super-mario-switch-gamerip-2018)"",""khinsider_album_kind"":""official_or_gamerip"",""khinsider_album_match_score"":100.0,""relevance_score_100"":100.0,""popularity_score_100"":55.39628250740462,""score_100"":82.15851300296185,""popularity_basis"":""BeatHit master-list game rank plus track position proxy""}"
616,Main Menu - Wii Fit,Unknown credited artist,[],Super Smash Bros. Ultimate Enhanced Original Soundtrack (super-smash-bros.-ultimate-enhanced-original-soundtrack),,,"[""video game soundtrack""]","[""und""]",,,,Super Smash Bros. Ultimate,,,khinsider_track_prominence_proxy,55.18628250740463,score_0_100,,,,82.07451300296185,,,,https://downloads.khinsider.com/game-soundtracks/album/super-smash-bros.-ultimate-enhanced-original-soundtrack,2026-10-05,Track title is taken from KHInsider's soundtrack/gamerip album index. Popularity is an explicitly labelled proxy based on BeatHit game rank and track prominence.,"{""culture_category"":""video_game_music"",""video_game"":""Super Smash Bros. Ultimate"",""game_rank"":41,""game_association_kind"":""khinsider_game_soundtrack"",""khinsider_album_url"":""https://downloads.khinsider.com/game-soundtracks/album/super-smash-bros.-ultimate-enhanced-original-soundtrack"",""khinsider_album_title"":""Super Smash Bros. Ultimate Enhanced Original Soundtrack (super-smash-bros.-ultimate-enhanced-original-soundtrack)"",""khinsider_album_kind"":""official_or_gamerip"",""khinsider_album_match_score"":100.0,""relevance_score_100"":100.0,""popularity_score_100"":55.18628250740463,""score_100"":82.07451300296185,""popularity_basis"":""BeatHit master-list game rank plus track position proxy""}"
617,Target Smash!!,Unknown credited artist,[],Super Smash Bros. Ultimate Vol. 01 - Super Smash Bros. (super-smash-bros.-ultimate-expanded-vol.-01-super-smash-bros.-switch-gamerip-2018),,,"[""video game soundtrack""]","[""und""]",,,,Super Smash Bros. Ultimate,,,khinsider_track_prominence_proxy,55.18628250740463,score_0_100,,,,82.07451300296185,,,,https://downloads.khinsider.com/game-soundtracks/album/super-smash-bros.-ultimate-expanded-vol.-01-super-smash-bros.-switch-gamerip-2018,2026-10-05,Track title is taken from KHInsider's soundtrack/gamerip album index. Popularity is an explicitly labelled proxy based on BeatHit game rank and track prominence.,"{""culture_category"":""video_game_music"",""video_game"":""Super Smash Bros. Ultimate"",""game_rank"":41,""game_association_kind"":""khinsider_game_soundtrack"",""khinsider_album_url"":""https://downloads.khinsider.com/game-soundtracks/album/super-smash-bros.-ultimate-expanded-vol.-01-super-smash-bros.-switch-gamerip-2018"",""khinsider_album_title"":""Super Smash Bros. Ultimate Vol. 01 - Super Smash Bros. (super-smash-bros.-ultimate-expanded-vol.-01-super-smash-bros.-switch-gamerip-2018)"",""khinsider_album_kind"":""official_or_gamerip"",""khinsider_album_match_score"":100.0,""relevance_score_100"":100.0,""popularity_score_100"":55.18628250740463,""score_100"":82.07451300296185,""popularity_basis"":""BeatHit master-list game rank plus track position proxy""}"
618,Training Menu - Wii Fit U,Unknown credited artist,[],Super Smash Bros. Ultimate Enhanced Original Soundtrack (super-smash-bros.-ultimate-enhanced-original-soundtrack),,,"[""video game soundtrack""]","[""und""]",,,,Super Smash Bros. Ultimate,,,khinsider_track_prominence_proxy,54.97628250740462,score_0_100,,,,81.99051300296185,,,,https://downloads.khinsider.com/game-soundtracks/album/super-smash-bros.-ultimate-enhanced-original-soundtrack,2026-10-05,Track title is taken from KHInsider's soundtrack/gamerip album index. Popularity is an explicitly labelled proxy based on BeatHit game rank and track prominence.,"{""culture_category"":""video_game_music"",""video_game"":""Super Smash Bros. Ultimate"",""game_rank"":41,""game_association_kind"":""khinsider_game_soundtrack"",""khinsider_album_url"":""https://downloads.khinsider.com/game-soundtracks/album/super-smash-bros.-ultimate-enhanced-original-soundtrack"",""khinsider_album_title"":""Super Smash Bros. Ultimate Enhanced Original Soundtrack (super-smash-bros.-ultimate-enhanced-original-soundtrack)"",""khinsider_album_kind"":""official_or_gamerip"",""khinsider_album_match_score"":100.0,""relevance_score_100"":100.0,""popularity_score_100"":54.97628250740462,""score_100"":81.99051300296185,""popularity_basis"":""BeatHit master-list game rank plus track position proxy""}"
619,Adventure Map,Unknown credited artist,[],Super Smash Bros. Ultimate Vol. 01 - Super Smash Bros. (super-smash-bros.-ultimate-expanded-vol.-01-super-smash-bros.-switch-gamerip-2018),,,"[""video game soundtrack""]","[""und""]",,,,Super Smash Bros. Ultimate,,,khinsider_track_prominence_proxy,54.97628250740462,score_0_100,,,,81.99051300296185,,,,https://downloads.khinsider.com/game-soundtracks/album/super-smash-bros.-ultimate-expanded-vol.-01-super-smash-bros.-switch-gamerip-2018,2026-10-05,Track title is taken from KHInsider's soundtrack/gamerip album index. Popularity is an explicitly labelled proxy based on BeatHit game rank and track prominence.,"{""culture_category"":""video_game_music"",""video_game"":""Super Smash Bros. Ultimate"",""game_rank"":41,""game_association_kind"":""khinsider_game_soundtrack"",""khinsider_album_url"":""https://downloads.khinsider.com/game-soundtracks/album/super-smash-bros.-ultimate-expanded-vol.-01-super-smash-bros.-switch-gamerip-2018"",""khinsider_album_title"":""Super Smash Bros. Ultimate Vol. 01 - Super Smash Bros. (super-smash-bros.-ultimate-expanded-vol.-01-super-smash-bros.-switch-gamerip-2018)"",""khinsider_album_kind"":""official_or_gamerip"",""khinsider_album_match_score"":100.0,""relevance_score_100"":100.0,""popularity_score_100"":54.97628250740462,""score_100"":81.99051300296185,""popularity_basis"":""BeatHit master-list game rank plus track position proxy""}"
620,Main Theme - Luigi's Mansion (Brawl),Unknown credited artist,[],Super Smash Bros. Ultimate Vol. 02 - Super Mario (super-smash-bros.-ultimate-expanded-vol.-02-super-mario-switch-gamerip-2018),,,"[""video game soundtrack""]","[""und""]",,,,Super Smash Bros. Ultimate,,,khinsider_track_prominence_proxy,54.97628250740462,score_0_100,,,,81.99051300296185,,,,https://downloads.khinsider.com/game-soundtracks/album/super-smash-bros.-ultimate-expanded-vol.-02-super-mario-switch-gamerip-2018,2026-10-05,Track title is taken from KHInsider's soundtrack/gamerip album index. Popularity is an explicitly labelled proxy based on BeatHit game rank and track prominence.,"{""culture_category"":""video_game_music"",""video_game"":""Super Smash Bros. Ultimate"",""game_rank"":41,""game_association_kind"":""khinsider_game_soundtrack"",""khinsider_album_url"":""https://downloads.khinsider.com/game-soundtracks/album/super-smash-bros.-ultimate-expanded-vol.-02-super-mario-switch-gamerip-2018"",""khinsider_album_title"":""Super Smash Bros. Ultimate Vol. 02 - Super Mario (super-smash-bros.-ultimate-expanded-vol.-02-super-mario-switch-gamerip-2018)"",""khinsider_album_kind"":""official_or_gamerip"",""khinsider_album_match_score"":100.0,""relevance_score_100"":100.0,""popularity_score_100"":54.97628250740462,""score_100"":81.99051300296185,""popularity_basis"":""BeatHit master-list game rank plus track position proxy""}"
621,Splattack! [Splatoon],Unknown credited artist,[],Super Smash Bros. Ultimate Enhanced Original Soundtrack (super-smash-bros.-ultimate-enhanced-original-soundtrack),,,"[""video game soundtrack""]","[""und""]",,,,Super Smash Bros. Ultimate,,,khinsider_track_prominence_proxy,54.766282507404625,score_0_100,,,,81.90651300296184,,,,https://downloads.khinsider.com/game-soundtracks/album/super-smash-bros.-ultimate-enhanced-original-soundtrack,2026-10-05,Track title is taken from KHInsider's soundtrack/gamerip album index. Popularity is an explicitly labelled proxy based on BeatHit game rank and track prominence.,"{""culture_category"":""video_game_music"",""video_game"":""Super Smash Bros. Ultimate"",""game_rank"":41,""game_association_kind"":""khinsider_game_soundtrack"",""khinsider_album_url"":""https://downloads.khinsider.com/game-soundtracks/album/super-smash-bros.-ultimate-enhanced-original-soundtrack"",""khinsider_album_title"":""Super Smash Bros. Ultimate Enhanced Original Soundtrack (super-smash-bros.-ultimate-enhanced-original-soundtrack)"",""khinsider_album_kind"":""official_or_gamerip"",""khinsider_album_match_score"":100.0,""relevance_score_100"":100.0,""popularity_score_100"":54.766282507404625,""score_100"":81.90651300296184,""popularity_basis"":""BeatHit master-list game rank plus track position proxy""}"
622,Step - The Plain,Unknown credited artist,[],Super Smash Bros. Ultimate Vol. 01 - Super Smash Bros. (super-smash-bros.-ultimate-expanded-vol.-01-super-smash-bros.-switch-gamerip-2018),,,"[""video game soundtrack""]","[""und""]",,,,Super Smash Bros. Ultimate,,,khinsider_track_prominence_proxy,54.766282507404625,score_0_100,,,,81.90651300296184,,,,https://downloads.khinsider.com/game-soundtracks/album/super-smash-bros.-ultimate-expanded-vol.-01-super-smash-bros.-switch-gamerip-2018,2026-10-05,Track title is taken from KHInsider's soundtrack/gamerip album index. Popularity is an explicitly labelled proxy based on BeatHit game rank and track prominence.,"{""culture_category"":""video_game_music"",""video_game"":""Super Smash Bros. Ultimate"",""game_rank"":41,""game_association_kind"":""khinsider_game_soundtrack"",""khinsider_album_url"":""https://downloads.khinsider.com/game-soundtracks/album/super-smash-bros.-ultimate-expanded-vol.-01-super-smash-bros.-switch-gamerip-2018"",""khinsider_album_title"":""Super Smash Bros. Ultimate Vol. 01 - Super Smash Bros. (super-smash-bros.-ultimate-expanded-vol.-01-super-smash-bros.-switch-gamerip-2018)"",""khinsider_album_kind"":""official_or_gamerip"",""khinsider_album_match_score"":100.0,""relevance_score_100"":100.0,""popularity_score_100"":54.766282507404625,""score_100"":81.90651300296184,""popularity_basis"":""BeatHit master-list game rank plus track position proxy""}"
623,Luigi's Mansion Series Medley,Unknown credited artist,[],Super Smash Bros. Ultimate Vol. 02 - Super Mario (super-smash-bros.-ultimate-expanded-vol.-02-super-mario-switch-gamerip-2018),,,"[""video game soundtrack""]","[""und""]",,,,Super Smash Bros. Ultimate,,,khinsider_track_prominence_proxy,54.766282507404625,score_0_100,,,,81.90651300296184,,,,https://downloads.khinsider.com/game-soundtracks/album/super-smash-bros.-ultimate-expanded-vol.-02-super-mario-switch-gamerip-2018,2026-10-05,Track title is taken from KHInsider's soundtrack/gamerip album index. Popularity is an explicitly labelled proxy based on BeatHit game rank and track prominence.,"{""culture_category"":""video_game_music"",""video_game"":""Super Smash Bros. Ultimate"",""game_rank"":41,""game_association_kind"":""khinsider_game_soundtrack"",""khinsider_album_url"":""https://downloads.khinsider.com/game-soundtracks/album/super-smash-bros.-ultimate-expanded-vol.-02-super-mario-switch-gamerip-2018"",""khinsider_album_title"":""Super Smash Bros. Ultimate Vol. 02 - Super Mario (super-smash-bros.-ultimate-expanded-vol.-02-super-mario-switch-gamerip-2018)"",""khinsider_album_kind"":""official_or_gamerip"",""khinsider_album_match_score"":100.0,""relevance_score_100"":100.0,""popularity_score_100"":54.766282507404625,""score_100"":81.90651300296184,""popularity_basis"":""BeatHit master-list game rank plus track position proxy""}"
624,Seaskape [Splatoon],Unknown credited artist,[],Super Smash Bros. Ultimate Enhanced Original Soundtrack (super-smash-bros.-ultimate-enhanced-original-soundtrack),,,"[""video game soundtrack""]","[""und""]",,,,Super Smash Bros. Ultimate,,,khinsider_track_prominence_proxy,54.556282507404624,score_0_100,,,,81.82251300296186,,,,https://downloads.khinsider.com/game-soundtracks/album/super-smash-bros.-ultimate-enhanced-original-soundtrack,2026-10-05,Track title is taken from KHInsider's soundtrack/gamerip album index. Popularity is an explicitly labelled proxy based on BeatHit game rank and track prominence.,"{""culture_category"":""video_game_music"",""video_game"":""Super Smash Bros. Ultimate"",""game_rank"":41,""game_association_kind"":""khinsider_game_soundtrack"",""khinsider_album_url"":""https://downloads.khinsider.com/game-soundtracks/album/super-smash-bros.-ultimate-enhanced-original-soundtrack"",""khinsider_album_title"":""Super Smash Bros. Ultimate Enhanced Original Soundtrack (super-smash-bros.-ultimate-enhanced-original-soundtrack)"",""khinsider_album_kind"":""official_or_gamerip"",""khinsider_album_match_score"":100.0,""relevance_score_100"":100.0,""popularity_score_100"":54.556282507404624,""score_100"":81.82251300296186,""popularity_basis"":""BeatHit master-list game rank plus track position proxy""}"
625,Step - Subspace,Unknown credited artist,[],Super Smash Bros. Ultimate Vol. 01 - Super Smash Bros. (super-smash-bros.-ultimate-expanded-vol.-01-super-smash-bros.-switch-gamerip-2018),,,"[""video game soundtrack""]","[""und""]",,,,Super Smash Bros. Ultimate,,,khinsider_track_prominence_proxy,54.556282507404624,score_0_100,,,,81.82251300296186,,,,https://downloads.khinsider.com/game-soundtracks/album/super-smash-bros.-ultimate-expanded-vol.-01-super-smash-bros.-switch-gamerip-2018,2026-10-05,Track title is taken from KHInsider's soundtrack/gamerip album index. Popularity is an explicitly labelled proxy based on BeatHit game rank and track prominence.,"{""culture_category"":""video_game_music"",""video_game"":""Super Smash Bros. Ultimate"",""game_rank"":41,""game_association_kind"":""khinsider_game_soundtrack"",""khinsider_album_url"":""https://downloads.khinsider.com/game-soundtracks/album/super-smash-bros.-ultimate-expanded-vol.-01-super-smash-bros.-switch-gamerip-2018"",""khinsider_album_title"":""Super Smash Bros. Ultimate Vol. 01 - Super Smash Bros. (super-smash-bros.-ultimate-expanded-vol.-01-super-smash-bros.-switch-gamerip-2018)"",""khinsider_album_kind"":""official_or_gamerip"",""khinsider_album_match_score"":100.0,""relevance_score_100"":100.0,""popularity_score_100"":54.556282507404624,""score_100"":81.82251300296186,""popularity_basis"":""BeatHit master-list game rank plus track position proxy""}"
626,On the Hunt - Gloomy Manor Ver.- (Instrumental),Unknown credited artist,[],Super Smash Bros. Ultimate Vol. 02 - Super Mario (super-smash-bros.-ultimate-expanded-vol.-02-super-mario-switch-gamerip-2018),,,"[""video game soundtrack""]","[""und""]",,,,Super Smash Bros. Ultimate,,,khinsider_track_prominence_proxy,54.556282507404624,score_0_100,,,,81.82251300296186,,,,https://downloads.khinsider.com/game-soundtracks/album/super-smash-bros.-ultimate-expanded-vol.-02-super-mario-switch-gamerip-2018,2026-10-05,Track title is taken from KHInsider's soundtrack/gamerip album index. Popularity is an explicitly labelled proxy based on BeatHit game rank and track prominence.,"{""culture_category"":""video_game_music"",""video_game"":""Super Smash Bros. Ultimate"",""game_rank"":41,""game_association_kind"":""khinsider_game_soundtrack"",""khinsider_album_url"":""https://downloads.khinsider.com/game-soundtracks/album/super-smash-bros.-ultimate-expanded-vol.-02-super-mario-switch-gamerip-2018"",""khinsider_album_title"":""Super Smash Bros. Ultimate Vol. 02 - Super Mario (super-smash-bros.-ultimate-expanded-vol.-02-super-mario-switch-gamerip-2018)"",""khinsider_album_kind"":""official_or_gamerip"",""khinsider_album_match_score"":100.0,""relevance_score_100"":100.0,""popularity_score_100"":54.556282507404624,""score_100"":81.82251300296186,""popularity_basis"":""BeatHit master-list game rank plus track position proxy""}"
627,Now or Never! [Splatoon],Unknown credited artist,[],Super Smash Bros. Ultimate Enhanced Original Soundtrack (super-smash-bros.-ultimate-enhanced-original-soundtrack),,,"[""video game soundtrack""]","[""und""]",,,,Super Smash Bros. Ultimate,,,khinsider_track_prominence_proxy,54.346282507404624,score_0_100,,,,81.73851300296185,,,,https://downloads.khinsider.com/game-soundtracks/album/super-smash-bros.-ultimate-enhanced-original-soundtrack,2026-10-05,Track title is taken from KHInsider's soundtrack/gamerip album index. Popularity is an explicitly labelled proxy based on BeatHit game rank and track prominence.,"{""culture_category"":""video_game_music"",""video_game"":""Super Smash Bros. Ultimate"",""game_rank"":41,""game_association_kind"":""khinsider_game_soundtrack"",""khinsider_album_url"":""https://downloads.khinsider.com/game-soundtracks/album/super-smash-bros.-ultimate-enhanced-original-soundtrack"",""khinsider_album_title"":""Super Smash Bros. Ultimate Enhanced Original Soundtrack (super-smash-bros.-ultimate-enhanced-original-soundtrack)"",""khinsider_album_kind"":""official_or_gamerip"",""khinsider_album_match_score"":100.0,""relevance_score_100"":100.0,""popularity_score_100"":54.346282507404624,""score_100"":81.73851300296185,""popularity_basis"":""BeatHit master-list game rank plus track position proxy""}"
628,Step - Subspace Ver. 3,Unknown credited artist,[],Super Smash Bros. Ultimate Vol. 01 - Super Smash Bros. (super-smash-bros.-ultimate-expanded-vol.-01-super-smash-bros.-switch-gamerip-2018),,,"[""video game soundtrack""]","[""und""]",,,,Super Smash Bros. Ultimate,,,khinsider_track_prominence_proxy,54.346282507404624,score_0_100,,,,81.73851300296185,,,,https://downloads.khinsider.com/game-soundtracks/album/super-smash-bros.-ultimate-expanded-vol.-01-super-smash-bros.-switch-gamerip-2018,2026-10-05,Track title is taken from KHInsider's soundtrack/gamerip album index. Popularity is an explicitly labelled proxy based on BeatHit game rank and track prominence.,"{""culture_category"":""video_game_music"",""video_game"":""Super Smash Bros. Ultimate"",""game_rank"":41,""game_association_kind"":""khinsider_game_soundtrack"",""khinsider_album_url"":""https://downloads.khinsider.com/game-soundtracks/album/super-smash-bros.-ultimate-expanded-vol.-01-super-smash-bros.-switch-gamerip-2018"",""khinsider_album_title"":""Super Smash Bros. Ultimate Vol. 01 - Super Smash Bros. (super-smash-bros.-ultimate-expanded-vol.-01-super-smash-bros.-switch-gamerip-2018)"",""khinsider_album_kind"":""official_or_gamerip"",""khinsider_album_match_score"":100.0,""relevance_score_100"":100.0,""popularity_score_100"":54.346282507404624,""score_100"":81.73851300296185,""popularity_basis"":""BeatHit master-list game rank plus track position proxy""}"
629,Mario Bros.,Unknown credited artist,[],Super Smash Bros. Ultimate Vol. 02 - Super Mario (super-smash-bros.-ultimate-expanded-vol.-02-super-mario-switch-gamerip-2018),,,"[""video game soundtrack""]","[""und""]",,,,Super Smash Bros. Ultimate,,,khinsider_track_prominence_proxy,54.346282507404624,score_0_100,,,,81.73851300296185,,,,https://downloads.khinsider.com/game-soundtracks/album/super-smash-bros.-ultimate-expanded-vol.-02-super-mario-switch-gamerip-2018,2026-10-05,Track title is taken from KHInsider's soundtrack/gamerip album index. Popularity is an explicitly labelled proxy based on BeatHit game rank and track prominence.,"{""culture_category"":""video_game_music"",""video_game"":""Super Smash Bros. Ultimate"",""game_rank"":41,""game_association_kind"":""khinsider_game_soundtrack"",""khinsider_album_url"":""https://downloads.khinsider.com/game-soundtracks/album/super-smash-bros.-ultimate-expanded-vol.-02-super-mario-switch-gamerip-2018"",""khinsider_album_title"":""Super Smash Bros. Ultimate Vol. 02 - Super Mario (super-smash-bros.-ultimate-expanded-vol.-02-super-mario-switch-gamerip-2018)"",""khinsider_album_kind"":""official_or_gamerip"",""khinsider_album_match_score"":100.0,""relevance_score_100"":100.0,""popularity_score_100"":54.346282507404624,""score_100"":81.73851300296185,""popularity_basis"":""BeatHit master-list game rank plus track position proxy""}"
630,Bomb Rush Blush [Splatoon],Unknown credited artist,[],Super Smash Bros. Ultimate Enhanced Original Soundtrack (super-smash-bros.-ultimate-enhanced-original-soundtrack),,,"[""video game soundtrack""]","[""und""]",,,,Super Smash Bros. Ultimate,,,khinsider_track_prominence_proxy,54.13628250740462,score_0_100,,,,81.65451300296185,,,,https://downloads.khinsider.com/game-soundtracks/album/super-smash-bros.-ultimate-enhanced-original-soundtrack,2026-10-05,Track title is taken from KHInsider's soundtrack/gamerip album index. Popularity is an explicitly labelled proxy based on BeatHit game rank and track prominence.,"{""culture_category"":""video_game_music"",""video_game"":""Super Smash Bros. Ultimate"",""game_rank"":41,""game_association_kind"":""khinsider_game_soundtrack"",""khinsider_album_url"":""https://downloads.khinsider.com/game-soundtracks/album/super-smash-bros.-ultimate-enhanced-original-soundtrack"",""khinsider_album_title"":""Super Smash Bros. Ultimate Enhanced Original Soundtrack (super-smash-bros.-ultimate-enhanced-original-soundtrack)"",""khinsider_album_kind"":""official_or_gamerip"",""khinsider_album_match_score"":100.0,""relevance_score_100"":100.0,""popularity_score_100"":54.13628250740462,""score_100"":81.65451300296185,""popularity_basis"":""BeatHit master-list game rank plus track position proxy""}"
631,Boss Battle Song 1,Unknown credited artist,[],Super Smash Bros. Ultimate Vol. 01 - Super Smash Bros. (super-smash-bros.-ultimate-expanded-vol.-01-super-smash-bros.-switch-gamerip-2018),,,"[""video game soundtrack""]","[""und""]",,,,Super Smash Bros. Ultimate,,,khinsider_track_prominence_proxy,54.13628250740462,score_0_100,,,,81.65451300296185,,,,https://downloads.khinsider.com/game-soundtracks/album/super-smash-bros.-ultimate-expanded-vol.-01-super-smash-bros.-switch-gamerip-2018,2026-10-05,Track title is taken from KHInsider's soundtrack/gamerip album index. Popularity is an explicitly labelled proxy based on BeatHit game rank and track prominence.,"{""culture_category"":""video_game_music"",""video_game"":""Super Smash Bros. Ultimate"",""game_rank"":41,""game_association_kind"":""khinsider_game_soundtrack"",""khinsider_album_url"":""https://downloads.khinsider.com/game-soundtracks/album/super-smash-bros.-ultimate-expanded-vol.-01-super-smash-bros.-switch-gamerip-2018"",""khinsider_album_title"":""Super Smash Bros. Ultimate Vol. 01 - Super Smash Bros. (super-smash-bros.-ultimate-expanded-vol.-01-super-smash-bros.-switch-gamerip-2018)"",""khinsider_album_kind"":""official_or_gamerip"",""khinsider_album_match_score"":100.0,""relevance_score_100"":100.0,""popularity_score_100"":54.13628250740462,""score_100"":81.65451300296185,""popularity_basis"":""BeatHit master-list game rank plus track position proxy""}"
632,Fever,Unknown credited artist,[],Super Smash Bros. Ultimate Vol. 02 - Super Mario (super-smash-bros.-ultimate-expanded-vol.-02-super-mario-switch-gamerip-2018),,,"[""video game soundtrack""]","[""und""]",,,,Super Smash Bros. Ultimate,,,khinsider_track_prominence_proxy,54.13628250740462,score_0_100,,,,81.65451300296185,,,,https://downloads.khinsider.com/game-soundtracks/album/super-smash-bros.-ultimate-expanded-vol.-02-super-mario-switch-gamerip-2018,2026-10-05,Track title is taken from KHInsider's soundtrack/gamerip album index. Popularity is an explicitly labelled proxy based on BeatHit game rank and track prominence.,"{""culture_category"":""video_game_music"",""video_game"":""Super Smash Bros. Ultimate"",""game_rank"":41,""game_association_kind"":""khinsider_game_soundtrack"",""khinsider_album_url"":""https://downloads.khinsider.com/game-soundtracks/album/super-smash-bros.-ultimate-expanded-vol.-02-super-mario-switch-gamerip-2018"",""khinsider_album_title"":""Super Smash Bros. Ultimate Vol. 02 - Super Mario (super-smash-bros.-ultimate-expanded-vol.-02-super-mario-switch-gamerip-2018)"",""khinsider_album_kind"":""official_or_gamerip"",""khinsider_album_match_score"":100.0,""relevance_score_100"":100.0,""popularity_score_100"":54.13628250740462,""score_100"":81.65451300296185,""popularity_basis"":""BeatHit master-list game rank plus track position proxy""}"
633,Victory! [Splatoon],Unknown credited artist,[],Super Smash Bros. Ultimate Enhanced Original Soundtrack (super-smash-bros.-ultimate-enhanced-original-soundtrack),,,"[""video game soundtrack""]","[""und""]",,,,Super Smash Bros. Ultimate,,,khinsider_track_prominence_proxy,53.92628250740462,score_0_100,,,,81.57051300296185,,,,https://downloads.khinsider.com/game-soundtracks/album/super-smash-bros.-ultimate-enhanced-original-soundtrack,2026-10-05,Track title is taken from KHInsider's soundtrack/gamerip album index. Popularity is an explicitly labelled proxy based on BeatHit game rank and track prominence.,"{""culture_category"":""video_game_music"",""video_game"":""Super Smash Bros. Ultimate"",""game_rank"":41,""game_association_kind"":""khinsider_game_soundtrack"",""khinsider_album_url"":""https://downloads.khinsider.com/game-soundtracks/album/super-smash-bros.-ultimate-enhanced-original-soundtrack"",""khinsider_album_title"":""Super Smash Bros. Ultimate Enhanced Original Soundtrack (super-smash-bros.-ultimate-enhanced-original-soundtrack)"",""khinsider_album_kind"":""official_or_gamerip"",""khinsider_album_match_score"":100.0,""relevance_score_100"":100.0,""popularity_score_100"":53.92628250740462,""score_100"":81.57051300296185,""popularity_basis"":""BeatHit master-list game rank plus track position proxy""}"
634,Boss Battle Song 2,Unknown credited artist,[],Super Smash Bros. Ultimate Vol. 01 - Super Smash Bros. (super-smash-bros.-ultimate-expanded-vol.-01-super-smash-bros.-switch-gamerip-2018),,,"[""video game soundtrack""]","[""und""]",,,,Super Smash Bros. Ultimate,,,khinsider_track_prominence_proxy,53.92628250740462,score_0_100,,,,81.57051300296185,,,,https://downloads.khinsider.com/game-soundtracks/album/super-smash-bros.-ultimate-expanded-vol.-01-super-smash-bros.-switch-gamerip-2018,2026-10-05,Track title is taken from KHInsider's soundtrack/gamerip album index. Popularity is an explicitly labelled proxy based on BeatHit game rank and track prominence.,"{""culture_category"":""video_game_music"",""video_game"":""Super Smash Bros. Ultimate"",""game_rank"":41,""game_association_kind"":""khinsider_game_soundtrack"",""khinsider_album_url"":""https://downloads.khinsider.com/game-soundtracks/album/super-smash-bros.-ultimate-expanded-vol.-01-super-smash-bros.-switch-gamerip-2018"",""khinsider_album_title"":""Super Smash Bros. Ultimate Vol. 01 - Super Smash Bros. (super-smash-bros.-ultimate-expanded-vol.-01-super-smash-bros.-switch-gamerip-2018)"",""khinsider_album_kind"":""official_or_gamerip"",""khinsider_album_match_score"":100.0,""relevance_score_100"":100.0,""popularity_score_100"":53.92628250740462,""score_100"":81.57051300296185,""popularity_basis"":""BeatHit master-list game rank plus track position proxy""}"
635,Chill (Brawl),Unknown credited artist,[],Super Smash Bros. Ultimate Vol. 02 - Super Mario (super-smash-bros.-ultimate-expanded-vol.-02-super-mario-switch-gamerip-2018),,,"[""video game soundtrack""]","[""und""]",,,,Super Smash Bros. Ultimate,,,khinsider_track_prominence_proxy,53.92628250740462,score_0_100,,,,81.57051300296185,,,,https://downloads.khinsider.com/game-soundtracks/album/super-smash-bros.-ultimate-expanded-vol.-02-super-mario-switch-gamerip-2018,2026-10-05,Track title is taken from KHInsider's soundtrack/gamerip album index. Popularity is an explicitly labelled proxy based on BeatHit game rank and track prominence.,"{""culture_category"":""video_game_music"",""video_game"":""Super Smash Bros. Ultimate"",""game_rank"":41,""game_association_kind"":""khinsider_game_soundtrack"",""khinsider_album_url"":""https://downloads.khinsider.com/game-soundtracks/album/super-smash-bros.-ultimate-expanded-vol.-02-super-mario-switch-gamerip-2018"",""khinsider_album_title"":""Super Smash Bros. Ultimate Vol. 02 - Super Mario (super-smash-bros.-ultimate-expanded-vol.-02-super-mario-switch-gamerip-2018)"",""khinsider_album_kind"":""official_or_gamerip"",""khinsider_album_match_score"":100.0,""relevance_score_100"":100.0,""popularity_score_100"":53.92628250740462,""score_100"":81.57051300296185,""popularity_basis"":""BeatHit master-list game rank plus track position proxy""}"
636,Theme of Solid Snake [Metal Gear 2 Solid Snake],Unknown credited artist,[],Super Smash Bros. Ultimate Enhanced Original Soundtrack (super-smash-bros.-ultimate-enhanced-original-soundtrack),,,"[""video game soundtrack""]","[""und""]",,,,Super Smash Bros. Ultimate,,,khinsider_track_prominence_proxy,53.71628250740463,score_0_100,,,,81.48651300296186,,,,https://downloads.khinsider.com/game-soundtracks/album/super-smash-bros.-ultimate-enhanced-original-soundtrack,2026-10-05,Track title is taken from KHInsider's soundtrack/gamerip album index. Popularity is an explicitly labelled proxy based on BeatHit game rank and track prominence.,"{""culture_category"":""video_game_music"",""video_game"":""Super Smash Bros. Ultimate"",""game_rank"":41,""game_association_kind"":""khinsider_game_soundtrack"",""khinsider_album_url"":""https://downloads.khinsider.com/game-soundtracks/album/super-smash-bros.-ultimate-enhanced-original-soundtrack"",""khinsider_album_title"":""Super Smash Bros. Ultimate Enhanced Original Soundtrack (super-smash-bros.-ultimate-enhanced-original-soundtrack)"",""khinsider_album_kind"":""official_or_gamerip"",""khinsider_album_match_score"":100.0,""relevance_score_100"":100.0,""popularity_score_100"":53.71628250740463,""score_100"":81.48651300296186,""popularity_basis"":""BeatHit master-list game rank plus track position proxy""}"
637,Home-Run Contest,Unknown credited artist,[],Super Smash Bros. Ultimate Vol. 01 - Super Smash Bros. (super-smash-bros.-ultimate-expanded-vol.-01-super-smash-bros.-switch-gamerip-2018),,,"[""video game soundtrack""]","[""und""]",,,,Super Smash Bros. Ultimate,,,khinsider_track_prominence_proxy,53.71628250740463,score_0_100,,,,81.48651300296186,,,,https://downloads.khinsider.com/game-soundtracks/album/super-smash-bros.-ultimate-expanded-vol.-01-super-smash-bros.-switch-gamerip-2018,2026-10-05,Track title is taken from KHInsider's soundtrack/gamerip album index. Popularity is an explicitly labelled proxy based on BeatHit game rank and track prominence.,"{""culture_category"":""video_game_music"",""video_game"":""Super Smash Bros. Ultimate"",""game_rank"":41,""game_association_kind"":""khinsider_game_soundtrack"",""khinsider_album_url"":""https://downloads.khinsider.com/game-soundtracks/album/super-smash-bros.-ultimate-expanded-vol.-01-super-smash-bros.-switch-gamerip-2018"",""khinsider_album_title"":""Super Smash Bros. Ultimate Vol. 01 - Super Smash Bros. (super-smash-bros.-ultimate-expanded-vol.-01-super-smash-bros.-switch-gamerip-2018)"",""khinsider_album_kind"":""official_or_gamerip"",""khinsider_album_match_score"":100.0,""relevance_score_100"":100.0,""popularity_score_100"":53.71628250740463,""score_100"":81.48651300296186,""popularity_basis"":""BeatHit master-list game rank plus track position proxy""}"
638,Chill (for 3DS  -  Wii U),Unknown credited artist,[],Super Smash Bros. Ultimate Vol. 02 - Super Mario (super-smash-bros.-ultimate-expanded-vol.-02-super-mario-switch-gamerip-2018),,,"[""video game soundtrack""]","[""und""]",,,,Super Smash Bros. Ultimate,,,khinsider_track_prominence_proxy,53.71628250740463,score_0_100,,,,81.48651300296186,,,,https://downloads.khinsider.com/game-soundtracks/album/super-smash-bros.-ultimate-expanded-vol.-02-super-mario-switch-gamerip-2018,2026-10-05,Track title is taken from KHInsider's soundtrack/gamerip album index. Popularity is an explicitly labelled proxy based on BeatHit game rank and track prominence.,"{""culture_category"":""video_game_music"",""video_game"":""Super Smash Bros. Ultimate"",""game_rank"":41,""game_association_kind"":""khinsider_game_soundtrack"",""khinsider_album_url"":""https://downloads.khinsider.com/game-soundtracks/album/super-smash-bros.-ultimate-expanded-vol.-02-super-mario-switch-gamerip-2018"",""khinsider_album_title"":""Super Smash Bros. Ultimate Vol. 02 - Super Mario (super-smash-bros.-ultimate-expanded-vol.-02-super-mario-switch-gamerip-2018)"",""khinsider_album_kind"":""official_or_gamerip"",""khinsider_album_match_score"":100.0,""relevance_score_100"":100.0,""popularity_score_100"":53.71628250740463,""score_100"":81.48651300296186,""popularity_basis"":""BeatHit master-list game rank plus track position proxy""}"
639,Snake Eater [Metal Gear Solid 3 Snake Eater],Unknown credited artist,[],Super Smash Bros. Ultimate Enhanced Original Soundtrack (super-smash-bros.-ultimate-enhanced-original-soundtrack),,,"[""video game soundtrack""]","[""und""]",,,,Super Smash Bros. Ultimate,,,khinsider_track_prominence_proxy,53.50628250740462,score_0_100,,,,81.40251300296185,,,,https://downloads.khinsider.com/game-soundtracks/album/super-smash-bros.-ultimate-enhanced-original-soundtrack,2026-10-05,Track title is taken from KHInsider's soundtrack/gamerip album index. Popularity is an explicitly labelled proxy based on BeatHit game rank and track prominence.,"{""culture_category"":""video_game_music"",""video_game"":""Super Smash Bros. Ultimate"",""game_rank"":41,""game_association_kind"":""khinsider_game_soundtrack"",""khinsider_album_url"":""https://downloads.khinsider.com/game-soundtracks/album/super-smash-bros.-ultimate-enhanced-original-soundtrack"",""khinsider_album_title"":""Super Smash Bros. Ultimate Enhanced Original Soundtrack (super-smash-bros.-ultimate-enhanced-original-soundtrack)"",""khinsider_album_kind"":""official_or_gamerip"",""khinsider_album_match_score"":100.0,""relevance_score_100"":100.0,""popularity_score_100"":53.50628250740462,""score_100"":81.40251300296185,""popularity_basis"":""BeatHit master-list game rank plus track position proxy""}"
640,Trophy Gallery,Unknown credited artist,[],Super Smash Bros. Ultimate Vol. 01 - Super Smash Bros. (super-smash-bros.-ultimate-expanded-vol.-01-super-smash-bros.-switch-gamerip-2018),,,"[""video game soundtrack""]","[""und""]",,,,Super Smash Bros. Ultimate,,,khinsider_track_prominence_proxy,53.50628250740462,score_0_100,,,,81.40251300296185,,,,https://downloads.khinsider.com/game-soundtracks/album/super-smash-bros.-ultimate-expanded-vol.-01-super-smash-bros.-switch-gamerip-2018,2026-10-05,Track title is taken from KHInsider's soundtrack/gamerip album index. Popularity is an explicitly labelled proxy based on BeatHit game rank and track prominence.,"{""culture_category"":""video_game_music"",""video_game"":""Super Smash Bros. Ultimate"",""game_rank"":41,""game_association_kind"":""khinsider_game_soundtrack"",""khinsider_album_url"":""https://downloads.khinsider.com/game-soundtracks/album/super-smash-bros.-ultimate-expanded-vol.-01-super-smash-bros.-switch-gamerip-2018"",""khinsider_album_title"":""Super Smash Bros. Ultimate Vol. 01 - Super Smash Bros. (super-smash-bros.-ultimate-expanded-vol.-01-super-smash-bros.-switch-gamerip-2018)"",""khinsider_album_kind"":""official_or_gamerip"",""khinsider_album_match_score"":100.0,""relevance_score_100"":100.0,""popularity_score_100"":53.50628250740462,""score_100"":81.40251300296185,""popularity_basis"":""BeatHit master-list game rank plus track position proxy""}"
641,Mario Paint Medley,Unknown credited artist,[],Super Smash Bros. Ultimate Vol. 02 - Super Mario (super-smash-bros.-ultimate-expanded-vol.-02-super-mario-switch-gamerip-2018),,,"[""video game soundtrack""]","[""und""]",,,,Super Smash Bros. Ultimate,,,khinsider_track_prominence_proxy,53.50628250740462,score_0_100,,,,81.40251300296185,,,,https://downloads.khinsider.com/game-soundtracks/album/super-smash-bros.-ultimate-expanded-vol.-02-super-mario-switch-gamerip-2018,2026-10-05,Track title is taken from KHInsider's soundtrack/gamerip album index. Popularity is an explicitly labelled proxy based on BeatHit game rank and track prominence.,"{""culture_category"":""video_game_music"",""video_game"":""Super Smash Bros. Ultimate"",""game_rank"":41,""game_association_kind"":""khinsider_game_soundtrack"",""khinsider_album_url"":""https://downloads.khinsider.com/game-soundtracks/album/super-smash-bros.-ultimate-expanded-vol.-02-super-mario-switch-gamerip-2018"",""khinsider_album_title"":""Super Smash Bros. Ultimate Vol. 02 - Super Mario (super-smash-bros.-ultimate-expanded-vol.-02-super-mario-switch-gamerip-2018)"",""khinsider_album_kind"":""official_or_gamerip"",""khinsider_album_match_score"":100.0,""relevance_score_100"":100.0,""popularity_score_100"":53.50628250740462,""score_100"":81.40251300296185,""popularity_basis"":""BeatHit master-list game rank plus track position proxy""}"
642,Galaga Medley,Unknown credited artist,[],Super Smash Bros. Ultimate Enhanced Original Soundtrack (super-smash-bros.-ultimate-enhanced-original-soundtrack),,,"[""video game soundtrack""]","[""und""]",,,,Super Smash Bros. Ultimate,,,khinsider_track_prominence_proxy,53.29628250740463,score_0_100,,,,81.31851300296185,,,,https://downloads.khinsider.com/game-soundtracks/album/super-smash-bros.-ultimate-enhanced-original-soundtrack,2026-10-05,Track title is taken from KHInsider's soundtrack/gamerip album index. Popularity is an explicitly labelled proxy based on BeatHit game rank and track prominence.,"{""culture_category"":""video_game_music"",""video_game"":""Super Smash Bros. Ultimate"",""game_rank"":41,""game_association_kind"":""khinsider_game_soundtrack"",""khinsider_album_url"":""https://downloads.khinsider.com/game-soundtracks/album/super-smash-bros.-ultimate-enhanced-original-soundtrack"",""khinsider_album_title"":""Super Smash Bros. Ultimate Enhanced Original Soundtrack (super-smash-bros.-ultimate-enhanced-original-soundtrack)"",""khinsider_album_kind"":""official_or_gamerip"",""khinsider_album_match_score"":100.0,""relevance_score_100"":100.0,""popularity_score_100"":53.29628250740463,""score_100"":81.31851300296185,""popularity_basis"":""BeatHit master-list game rank plus track position proxy""}"
643,Sticker Album  -  Album  -  Chronicle,Unknown credited artist,[],Super Smash Bros. Ultimate Vol. 01 - Super Smash Bros. (super-smash-bros.-ultimate-expanded-vol.-01-super-smash-bros.-switch-gamerip-2018),,,"[""video game soundtrack""]","[""und""]",,,,Super Smash Bros. Ultimate,,,khinsider_track_prominence_proxy,53.29628250740463,score_0_100,,,,81.31851300296185,,,,https://downloads.khinsider.com/game-soundtracks/album/super-smash-bros.-ultimate-expanded-vol.-01-super-smash-bros.-switch-gamerip-2018,2026-10-05,Track title is taken from KHInsider's soundtrack/gamerip album index. Popularity is an explicitly labelled proxy based on BeatHit game rank and track prominence.,"{""culture_category"":""video_game_music"",""video_game"":""Super Smash Bros. Ultimate"",""game_rank"":41,""game_association_kind"":""khinsider_game_soundtrack"",""khinsider_album_url"":""https://downloads.khinsider.com/game-soundtracks/album/super-smash-bros.-ultimate-expanded-vol.-01-super-smash-bros.-switch-gamerip-2018"",""khinsider_album_title"":""Super Smash Bros. Ultimate Vol. 01 - Super Smash Bros. (super-smash-bros.-ultimate-expanded-vol.-01-super-smash-bros.-switch-gamerip-2018)"",""khinsider_album_kind"":""official_or_gamerip"",""khinsider_album_match_score"":100.0,""relevance_score_100"":100.0,""popularity_score_100"":53.29628250740463,""score_100"":81.31851300296185,""popularity_basis"":""BeatHit master-list game rank plus track position proxy""}"
644,Plucky Pass Beginnings,Unknown credited artist,[],Super Smash Bros. Ultimate Vol. 02 - Super Mario (super-smash-bros.-ultimate-expanded-vol.-02-super-mario-switch-gamerip-2018),,,"[""video game soundtrack""]","[""und""]",,,,Super Smash Bros. Ultimate,,,khinsider_track_prominence_proxy,53.29628250740463,score_0_100,,,,81.31851300296185,,,,https://downloads.khinsider.com/game-soundtracks/album/super-smash-bros.-ultimate-expanded-vol.-02-super-mario-switch-gamerip-2018,2026-10-05,Track title is taken from KHInsider's soundtrack/gamerip album index. Popularity is an explicitly labelled proxy based on BeatHit game rank and track prominence.,"{""culture_category"":""video_game_music"",""video_game"":""Super Smash Bros. Ultimate"",""game_rank"":41,""game_association_kind"":""khinsider_game_soundtrack"",""khinsider_album_url"":""https://downloads.khinsider.com/game-soundtracks/album/super-smash-bros.-ultimate-expanded-vol.-02-super-mario-switch-gamerip-2018"",""khinsider_album_title"":""Super Smash Bros. Ultimate Vol. 02 - Super Mario (super-smash-bros.-ultimate-expanded-vol.-02-super-mario-switch-gamerip-2018)"",""khinsider_album_kind"":""official_or_gamerip"",""khinsider_album_match_score"":100.0,""relevance_score_100"":100.0,""popularity_score_100"":53.29628250740463,""score_100"":81.31851300296185,""popularity_basis"":""BeatHit master-list game rank plus track position proxy""}"
645,Mappy Medley,Unknown credited artist,[],Super Smash Bros. Ultimate Enhanced Original Soundtrack (super-smash-bros.-ultimate-enhanced-original-soundtrack),,,"[""video game soundtrack""]","[""und""]",,,,Super Smash Bros. Ultimate,,,khinsider_track_prominence_proxy,53.086282507404626,score_0_100,,,,81.23451300296185,,,,https://downloads.khinsider.com/game-soundtracks/album/super-smash-bros.-ultimate-enhanced-original-soundtrack,2026-10-05,Track title is taken from KHInsider's soundtrack/gamerip album index. Popularity is an explicitly labelled proxy based on BeatHit game rank and track prominence.,"{""culture_category"":""video_game_music"",""video_game"":""Super Smash Bros. Ultimate"",""game_rank"":41,""game_association_kind"":""khinsider_game_soundtrack"",""khinsider_album_url"":""https://downloads.khinsider.com/game-soundtracks/album/super-smash-bros.-ultimate-enhanced-original-soundtrack"",""khinsider_album_title"":""Super Smash Bros. Ultimate Enhanced Original Soundtrack (super-smash-bros.-ultimate-enhanced-original-soundtrack)"",""khinsider_album_kind"":""official_or_gamerip"",""khinsider_album_match_score"":100.0,""relevance_score_100"":100.0,""popularity_score_100"":53.086282507404626,""score_100"":81.23451300296185,""popularity_basis"":""BeatHit master-list game rank plus track position proxy""}"
646,Coin Launcher,Unknown credited artist,[],Super Smash Bros. Ultimate Vol. 01 - Super Smash Bros. (super-smash-bros.-ultimate-expanded-vol.-01-super-smash-bros.-switch-gamerip-2018),,,"[""video game soundtrack""]","[""und""]",,,,Super Smash Bros. Ultimate,,,khinsider_track_prominence_proxy,53.086282507404626,score_0_100,,,,81.23451300296185,,,,https://downloads.khinsider.com/game-soundtracks/album/super-smash-bros.-ultimate-expanded-vol.-01-super-smash-bros.-switch-gamerip-2018,2026-10-05,Track title is taken from KHInsider's soundtrack/gamerip album index. Popularity is an explicitly labelled proxy based on BeatHit game rank and track prominence.,"{""culture_category"":""video_game_music"",""video_game"":""Super Smash Bros. Ultimate"",""game_rank"":41,""game_association_kind"":""khinsider_game_soundtrack"",""khinsider_album_url"":""https://downloads.khinsider.com/game-soundtracks/album/super-smash-bros.-ultimate-expanded-vol.-01-super-smash-bros.-switch-gamerip-2018"",""khinsider_album_title"":""Super Smash Bros. Ultimate Vol. 01 - Super Smash Bros. (super-smash-bros.-ultimate-expanded-vol.-01-super-smash-bros.-switch-gamerip-2018)"",""khinsider_album_kind"":""official_or_gamerip"",""khinsider_album_match_score"":100.0,""relevance_score_100"":100.0,""popularity_score_100"":53.086282507404626,""score_100"":81.23451300296185,""popularity_basis"":""BeatHit master-list game rank plus track position proxy""}"
647,The King of Pyropuff Peak,Unknown credited artist,[],Super Smash Bros. Ultimate Vol. 02 - Super Mario (super-smash-bros.-ultimate-expanded-vol.-02-super-mario-switch-gamerip-2018),,,"[""video game soundtrack""]","[""und""]",,,,Super Smash Bros. Ultimate,,,khinsider_track_prominence_proxy,53.086282507404626,score_0_100,,,,81.23451300296185,,,,https://downloads.khinsider.com/game-soundtracks/album/super-smash-bros.-ultimate-expanded-vol.-02-super-mario-switch-gamerip-2018,2026-10-05,Track title is taken from KHInsider's soundtrack/gamerip album index. Popularity is an explicitly labelled proxy based on BeatHit game rank and track prominence.,"{""culture_category"":""video_game_music"",""video_game"":""Super Smash Bros. Ultimate"",""game_rank"":41,""game_association_kind"":""khinsider_game_soundtrack"",""khinsider_album_url"":""https://downloads.khinsider.com/game-soundtracks/album/super-smash-bros.-ultimate-expanded-vol.-02-super-mario-switch-gamerip-2018"",""khinsider_album_title"":""Super Smash Bros. Ultimate Vol. 02 - Super Mario (super-smash-bros.-ultimate-expanded-vol.-02-super-mario-switch-gamerip-2018)"",""khinsider_album_kind"":""official_or_gamerip"",""khinsider_album_match_score"":100.0,""relevance_score_100"":100.0,""popularity_score_100"":53.086282507404626,""score_100"":81.23451300296185,""popularity_basis"":""BeatHit master-list game rank plus track position proxy""}"
648,Area 1 - Dragon Spirit,Unknown credited artist,[],Super Smash Bros. Ultimate Enhanced Original Soundtrack (super-smash-bros.-ultimate-enhanced-original-soundtrack),,,"[""video game soundtrack""]","[""und""]",,,,Super Smash Bros. Ultimate,,,khinsider_track_prominence_proxy,52.876282507404625,score_0_100,,,,81.15051300296184,,,,https://downloads.khinsider.com/game-soundtracks/album/super-smash-bros.-ultimate-enhanced-original-soundtrack,2026-10-05,Track title is taken from KHInsider's soundtrack/gamerip album index. Popularity is an explicitly labelled proxy based on BeatHit game rank and track prominence.,"{""culture_category"":""video_game_music"",""video_game"":""Super Smash Bros. Ultimate"",""game_rank"":41,""game_association_kind"":""khinsider_game_soundtrack"",""khinsider_album_url"":""https://downloads.khinsider.com/game-soundtracks/album/super-smash-bros.-ultimate-enhanced-original-soundtrack"",""khinsider_album_title"":""Super Smash Bros. Ultimate Enhanced Original Soundtrack (super-smash-bros.-ultimate-enhanced-original-soundtrack)"",""khinsider_album_kind"":""official_or_gamerip"",""khinsider_album_match_score"":100.0,""relevance_score_100"":100.0,""popularity_score_100"":52.876282507404625,""score_100"":81.15051300296184,""popularity_basis"":""BeatHit master-list game rank plus track position proxy""}"
649,Stage Builder,Unknown credited artist,[],Super Smash Bros. Ultimate Vol. 01 - Super Smash Bros. (super-smash-bros.-ultimate-expanded-vol.-01-super-smash-bros.-switch-gamerip-2018),,,"[""video game soundtrack""]","[""und""]",,,,Super Smash Bros. Ultimate,,,khinsider_track_prominence_proxy,52.876282507404625,score_0_100,,,,81.15051300296184,,,,https://downloads.khinsider.com/game-soundtracks/album/super-smash-bros.-ultimate-expanded-vol.-01-super-smash-bros.-switch-gamerip-2018,2026-10-05,Track title is taken from KHInsider's soundtrack/gamerip album index. Popularity is an explicitly labelled proxy based on BeatHit game rank and track prominence.,"{""culture_category"":""video_game_music"",""video_game"":""Super Smash Bros. Ultimate"",""game_rank"":41,""game_association_kind"":""khinsider_game_soundtrack"",""khinsider_album_url"":""https://downloads.khinsider.com/game-soundtracks/album/super-smash-bros.-ultimate-expanded-vol.-01-super-smash-bros.-switch-gamerip-2018"",""khinsider_album_title"":""Super Smash Bros. Ultimate Vol. 01 - Super Smash Bros. (super-smash-bros.-ultimate-expanded-vol.-01-super-smash-bros.-switch-gamerip-2018)"",""khinsider_album_kind"":""official_or_gamerip"",""khinsider_album_match_score"":100.0,""relevance_score_100"":100.0,""popularity_score_100"":52.876282507404625,""score_100"":81.15051300296184,""popularity_basis"":""BeatHit master-list game rank plus track position proxy""}"
650,Title Theme - Mario vs. Donkey Kong - Tipping Stars,Unknown credited artist,[],Super Smash Bros. Ultimate Vol. 02 - Super Mario (super-smash-bros.-ultimate-expanded-vol.-02-super-mario-switch-gamerip-2018),,,"[""video game soundtrack""]","[""und""]",,,,Super Smash Bros. Ultimate,,,khinsider_track_prominence_proxy,52.876282507404625,score_0_100,,,,81.15051300296184,,,,https://downloads.khinsider.com/game-soundtracks/album/super-smash-bros.-ultimate-expanded-vol.-02-super-mario-switch-gamerip-2018,2026-10-05,Track title is taken from KHInsider's soundtrack/gamerip album index. Popularity is an explicitly labelled proxy based on BeatHit game rank and track prominence.,"{""culture_category"":""video_game_music"",""video_game"":""Super Smash Bros. Ultimate"",""game_rank"":41,""game_association_kind"":""khinsider_game_soundtrack"",""khinsider_album_url"":""https://downloads.khinsider.com/game-soundtracks/album/super-smash-bros.-ultimate-expanded-vol.-02-super-mario-switch-gamerip-2018"",""khinsider_album_title"":""Super Smash Bros. Ultimate Vol. 02 - Super Mario (super-smash-bros.-ultimate-expanded-vol.-02-super-mario-switch-gamerip-2018)"",""khinsider_album_kind"":""official_or_gamerip"",""khinsider_album_match_score"":100.0,""relevance_score_100"":100.0,""popularity_score_100"":52.876282507404625,""score_100"":81.15051300296184,""popularity_basis"":""BeatHit master-list game rank plus track position proxy""}"
651,Guile Stage [Street Fighter II],Unknown credited artist,[],Super Smash Bros. Ultimate Enhanced Original Soundtrack (super-smash-bros.-ultimate-enhanced-original-soundtrack),,,"[""video game soundtrack""]","[""und""]",,,,Super Smash Bros. Ultimate,,,khinsider_track_prominence_proxy,52.666282507404624,score_0_100,,,,81.06651300296186,,,,https://downloads.khinsider.com/game-soundtracks/album/super-smash-bros.-ultimate-enhanced-original-soundtrack,2026-10-05,Track title is taken from KHInsider's soundtrack/gamerip album index. Popularity is an explicitly labelled proxy based on BeatHit game rank and track prominence.,"{""culture_category"":""video_game_music"",""video_game"":""Super Smash Bros. Ultimate"",""game_rank"":41,""game_association_kind"":""khinsider_game_soundtrack"",""khinsider_album_url"":""https://downloads.khinsider.com/game-soundtracks/album/super-smash-bros.-ultimate-enhanced-original-soundtrack"",""khinsider_album_title"":""Super Smash Bros. Ultimate Enhanced Original Soundtrack (super-smash-bros.-ultimate-enhanced-original-soundtrack)"",""khinsider_album_kind"":""official_or_gamerip"",""khinsider_album_match_score"":100.0,""relevance_score_100"":100.0,""popularity_score_100"":52.666282507404624,""score_100"":81.06651300296186,""popularity_basis"":""BeatHit master-list game rank plus track position proxy""}"
652,Tournament Registration,Unknown credited artist,[],Super Smash Bros. Ultimate Vol. 01 - Super Smash Bros. (super-smash-bros.-ultimate-expanded-vol.-01-super-smash-bros.-switch-gamerip-2018),,,"[""video game soundtrack""]","[""und""]",,,,Super Smash Bros. Ultimate,,,khinsider_track_prominence_proxy,52.666282507404624,score_0_100,,,,81.06651300296186,,,,https://downloads.khinsider.com/game-soundtracks/album/super-smash-bros.-ultimate-expanded-vol.-01-super-smash-bros.-switch-gamerip-2018,2026-10-05,Track title is taken from KHInsider's soundtrack/gamerip album index. Popularity is an explicitly labelled proxy based on BeatHit game rank and track prominence.,"{""culture_category"":""video_game_music"",""video_game"":""Super Smash Bros. Ultimate"",""game_rank"":41,""game_association_kind"":""khinsider_game_soundtrack"",""khinsider_album_url"":""https://downloads.khinsider.com/game-soundtracks/album/super-smash-bros.-ultimate-expanded-vol.-01-super-smash-bros.-switch-gamerip-2018"",""khinsider_album_title"":""Super Smash Bros. Ultimate Vol. 01 - Super Smash Bros. (super-smash-bros.-ultimate-expanded-vol.-01-super-smash-bros.-switch-gamerip-2018)"",""khinsider_album_kind"":""official_or_gamerip"",""khinsider_album_match_score"":100.0,""relevance_score_100"":100.0,""popularity_score_100"":52.666282507404624,""score_100"":81.06651300296186,""popularity_basis"":""BeatHit master-list game rank plus track position proxy""}"
653,Mario Circuit - Super Mario Kart,Unknown credited artist,[],Super Smash Bros. Ultimate Vol. 02 - Super Mario (super-smash-bros.-ultimate-expanded-vol.-02-super-mario-switch-gamerip-2018),,,"[""video game soundtrack""]","[""und""]",,,,Super Smash Bros. Ultimate,,,khinsider_track_prominence_proxy,52.666282507404624,score_0_100,,,,81.06651300296186,,,,https://downloads.khinsider.com/game-soundtracks/album/super-smash-bros.-ultimate-expanded-vol.-02-super-mario-switch-gamerip-2018,2026-10-05,Track title is taken from KHInsider's soundtrack/gamerip album index. Popularity is an explicitly labelled proxy based on BeatHit game rank and track prominence.,"{""culture_category"":""video_game_music"",""video_game"":""Super Smash Bros. Ultimate"",""game_rank"":41,""game_association_kind"":""khinsider_game_soundtrack"",""khinsider_album_url"":""https://downloads.khinsider.com/game-soundtracks/album/super-smash-bros.-ultimate-expanded-vol.-02-super-mario-switch-gamerip-2018"",""khinsider_album_title"":""Super Smash Bros. Ultimate Vol. 02 - Super Mario (super-smash-bros.-ultimate-expanded-vol.-02-super-mario-switch-gamerip-2018)"",""khinsider_album_kind"":""official_or_gamerip"",""khinsider_album_match_score"":100.0,""relevance_score_100"":100.0,""popularity_score_100"":52.666282507404624,""score_100"":81.06651300296186,""popularity_basis"":""BeatHit master-list game rank plus track position proxy""}"
654,Vega Stage [Street Fighter II],Unknown credited artist,[],Super Smash Bros. Ultimate Enhanced Original Soundtrack (super-smash-bros.-ultimate-enhanced-original-soundtrack),,,"[""video game soundtrack""]","[""und""]",,,,Super Smash Bros. Ultimate,,,khinsider_track_prominence_proxy,52.45628250740462,score_0_100,,,,80.98251300296185,,,,https://downloads.khinsider.com/game-soundtracks/album/super-smash-bros.-ultimate-enhanced-original-soundtrack,2026-10-05,Track title is taken from KHInsider's soundtrack/gamerip album index. Popularity is an explicitly labelled proxy based on BeatHit game rank and track prominence.,"{""culture_category"":""video_game_music"",""video_game"":""Super Smash Bros. Ultimate"",""game_rank"":41,""game_association_kind"":""khinsider_game_soundtrack"",""khinsider_album_url"":""https://downloads.khinsider.com/game-soundtracks/album/super-smash-bros.-ultimate-enhanced-original-soundtrack"",""khinsider_album_title"":""Super Smash Bros. Ultimate Enhanced Original Soundtrack (super-smash-bros.-ultimate-enhanced-original-soundtrack)"",""khinsider_album_kind"":""official_or_gamerip"",""khinsider_album_match_score"":100.0,""relevance_score_100"":100.0,""popularity_score_100"":52.45628250740462,""score_100"":80.98251300296185,""popularity_basis"":""BeatHit master-list game rank plus track position proxy""}"
655,Tournament Grid,Unknown credited artist,[],Super Smash Bros. Ultimate Vol. 01 - Super Smash Bros. (super-smash-bros.-ultimate-expanded-vol.-01-super-smash-bros.-switch-gamerip-2018),,,"[""video game soundtrack""]","[""und""]",,,,Super Smash Bros. Ultimate,,,khinsider_track_prominence_proxy,52.45628250740462,score_0_100,,,,80.98251300296185,,,,https://downloads.khinsider.com/game-soundtracks/album/super-smash-bros.-ultimate-expanded-vol.-01-super-smash-bros.-switch-gamerip-2018,2026-10-05,Track title is taken from KHInsider's soundtrack/gamerip album index. Popularity is an explicitly labelled proxy based on BeatHit game rank and track prominence.,"{""culture_category"":""video_game_music"",""video_game"":""Super Smash Bros. Ultimate"",""game_rank"":41,""game_association_kind"":""khinsider_game_soundtrack"",""khinsider_album_url"":""https://downloads.khinsider.com/game-soundtracks/album/super-smash-bros.-ultimate-expanded-vol.-01-super-smash-bros.-switch-gamerip-2018"",""khinsider_album_title"":""Super Smash Bros. Ultimate Vol. 01 - Super Smash Bros. (super-smash-bros.-ultimate-expanded-vol.-01-super-smash-bros.-switch-gamerip-2018)"",""khinsider_album_kind"":""official_or_gamerip"",""khinsider_album_match_score"":100.0,""relevance_score_100"":100.0,""popularity_score_100"":52.45628250740462,""score_100"":80.98251300296185,""popularity_basis"":""BeatHit master-list game rank plus track position proxy""}"
656,Luigi Raceway - Mario Kart 64,Unknown credited artist,[],Super Smash Bros. Ultimate Vol. 02 - Super Mario (super-smash-bros.-ultimate-expanded-vol.-02-super-mario-switch-gamerip-2018),,,"[""video game soundtrack""]","[""und""]",,,,Super Smash Bros. Ultimate,,,khinsider_track_prominence_proxy,52.45628250740462,score_0_100,,,,80.98251300296185,,,,https://downloads.khinsider.com/game-soundtracks/album/super-smash-bros.-ultimate-expanded-vol.-02-super-mario-switch-gamerip-2018,2026-10-05,Track title is taken from KHInsider's soundtrack/gamerip album index. Popularity is an explicitly labelled proxy based on BeatHit game rank and track prominence.,"{""culture_category"":""video_game_music"",""video_game"":""Super Smash Bros. Ultimate"",""game_rank"":41,""game_association_kind"":""khinsider_game_soundtrack"",""khinsider_album_url"":""https://downloads.khinsider.com/game-soundtracks/album/super-smash-bros.-ultimate-expanded-vol.-02-super-mario-switch-gamerip-2018"",""khinsider_album_title"":""Super Smash Bros. Ultimate Vol. 02 - Super Mario (super-smash-bros.-ultimate-expanded-vol.-02-super-mario-switch-gamerip-2018)"",""khinsider_album_kind"":""official_or_gamerip"",""khinsider_album_match_score"":100.0,""relevance_score_100"":100.0,""popularity_score_100"":52.45628250740462,""score_100"":80.98251300296185,""popularity_basis"":""BeatHit master-list game rank plus track position proxy""}"
657,Spectate,Unknown credited artist,[],Super Smash Bros. Ultimate Enhanced Original Soundtrack (super-smash-bros.-ultimate-enhanced-original-soundtrack),,,"[""video game soundtrack""]","[""und""]",,,,Super Smash Bros. Ultimate,,,khinsider_track_prominence_proxy,52.24628250740462,score_0_100,,,,80.89851300296185,,,,https://downloads.khinsider.com/game-soundtracks/album/super-smash-bros.-ultimate-enhanced-original-soundtrack,2026-10-05,Track title is taken from KHInsider's soundtrack/gamerip album index. Popularity is an explicitly labelled proxy based on BeatHit game rank and track prominence.,"{""culture_category"":""video_game_music"",""video_game"":""Super Smash Bros. Ultimate"",""game_rank"":41,""game_association_kind"":""khinsider_game_soundtrack"",""khinsider_album_url"":""https://downloads.khinsider.com/game-soundtracks/album/super-smash-bros.-ultimate-enhanced-original-soundtrack"",""khinsider_album_title"":""Super Smash Bros. Ultimate Enhanced Original Soundtrack (super-smash-bros.-ultimate-enhanced-original-soundtrack)"",""khinsider_album_kind"":""official_or_gamerip"",""khinsider_album_match_score"":100.0,""relevance_score_100"":100.0,""popularity_score_100"":52.24628250740462,""score_100"":80.89851300296185,""popularity_basis"":""BeatHit master-list game rank plus track position proxy""}"
658,Tournament Match End,Unknown credited artist,[],Super Smash Bros. Ultimate Vol. 01 - Super Smash Bros. (super-smash-bros.-ultimate-expanded-vol.-01-super-smash-bros.-switch-gamerip-2018),,,"[""video game soundtrack""]","[""und""]",,,,Super Smash Bros. Ultimate,,,khinsider_track_prominence_proxy,52.24628250740462,score_0_100,,,,80.89851300296185,,,,https://downloads.khinsider.com/game-soundtracks/album/super-smash-bros.-ultimate-expanded-vol.-01-super-smash-bros.-switch-gamerip-2018,2026-10-05,Track title is taken from KHInsider's soundtrack/gamerip album index. Popularity is an explicitly labelled proxy based on BeatHit game rank and track prominence.,"{""culture_category"":""video_game_music"",""video_game"":""Super Smash Bros. Ultimate"",""game_rank"":41,""game_association_kind"":""khinsider_game_soundtrack"",""khinsider_album_url"":""https://downloads.khinsider.com/game-soundtracks/album/super-smash-bros.-ultimate-expanded-vol.-01-super-smash-bros.-switch-gamerip-2018"",""khinsider_album_title"":""Super Smash Bros. Ultimate Vol. 01 - Super Smash Bros. (super-smash-bros.-ultimate-expanded-vol.-01-super-smash-bros.-switch-gamerip-2018)"",""khinsider_album_kind"":""official_or_gamerip"",""khinsider_album_match_score"":100.0,""relevance_score_100"":100.0,""popularity_score_100"":52.24628250740462,""score_100"":80.89851300296185,""popularity_basis"":""BeatHit master-list game rank plus track position proxy""}"
659,Rainbow Road - Mario Kart - Double Dash!!,Unknown credited artist,[],Super Smash Bros. Ultimate Vol. 02 - Super Mario (super-smash-bros.-ultimate-expanded-vol.-02-super-mario-switch-gamerip-2018),,,"[""video game soundtrack""]","[""und""]",,,,Super Smash Bros. Ultimate,,,khinsider_track_prominence_proxy,52.24628250740462,score_0_100,,,,80.89851300296185,,,,https://downloads.khinsider.com/game-soundtracks/album/super-smash-bros.-ultimate-expanded-vol.-02-super-mario-switch-gamerip-2018,2026-10-05,Track title is taken from KHInsider's soundtrack/gamerip album index. Popularity is an explicitly labelled proxy based on BeatHit game rank and track prominence.,"{""culture_category"":""video_game_music"",""video_game"":""Super Smash Bros. Ultimate"",""game_rank"":41,""game_association_kind"":""khinsider_game_soundtrack"",""khinsider_album_url"":""https://downloads.khinsider.com/game-soundtracks/album/super-smash-bros.-ultimate-expanded-vol.-02-super-mario-switch-gamerip-2018"",""khinsider_album_title"":""Super Smash Bros. Ultimate Vol. 02 - Super Mario (super-smash-bros.-ultimate-expanded-vol.-02-super-mario-switch-gamerip-2018)"",""khinsider_album_kind"":""official_or_gamerip"",""khinsider_album_match_score"":100.0,""relevance_score_100"":100.0,""popularity_score_100"":52.24628250740462,""score_100"":80.89851300296185,""popularity_basis"":""BeatHit master-list game rank plus track position proxy""}"
660,Tourney Winner Announcement,Unknown credited artist,[],Super Smash Bros. Ultimate Enhanced Original Soundtrack (super-smash-bros.-ultimate-enhanced-original-soundtrack),,,"[""video game soundtrack""]","[""und""]",,,,Super Smash Bros. Ultimate,,,khinsider_track_prominence_proxy,52.03628250740462,score_0_100,,,,80.81451300296185,,,,https://downloads.khinsider.com/game-soundtracks/album/super-smash-bros.-ultimate-enhanced-original-soundtrack,2026-10-05,Track title is taken from KHInsider's soundtrack/gamerip album index. Popularity is an explicitly labelled proxy based on BeatHit game rank and track prominence.,"{""culture_category"":""video_game_music"",""video_game"":""Super Smash Bros. Ultimate"",""game_rank"":41,""game_association_kind"":""khinsider_game_soundtrack"",""khinsider_album_url"":""https://downloads.khinsider.com/game-soundtracks/album/super-smash-bros.-ultimate-enhanced-original-soundtrack"",""khinsider_album_title"":""Super Smash Bros. Ultimate Enhanced Original Soundtrack (super-smash-bros.-ultimate-enhanced-original-soundtrack)"",""khinsider_album_kind"":""official_or_gamerip"",""khinsider_album_match_score"":100.0,""relevance_score_100"":100.0,""popularity_score_100"":52.03628250740462,""score_100"":80.81451300296185,""popularity_basis"":""BeatHit master-list game rank plus track position proxy""}"
661,All-Star Rest Area - Super Smash Bros. Brawl,Unknown credited artist,[],Super Smash Bros. Ultimate Vol. 01 - Super Smash Bros. (super-smash-bros.-ultimate-expanded-vol.-01-super-smash-bros.-switch-gamerip-2018),,,"[""video game soundtrack""]","[""und""]",,,,Super Smash Bros. Ultimate,,,khinsider_track_prominence_proxy,52.03628250740462,score_0_100,,,,80.81451300296185,,,,https://downloads.khinsider.com/game-soundtracks/album/super-smash-bros.-ultimate-expanded-vol.-01-super-smash-bros.-switch-gamerip-2018,2026-10-05,Track title is taken from KHInsider's soundtrack/gamerip album index. Popularity is an explicitly labelled proxy based on BeatHit game rank and track prominence.,"{""culture_category"":""video_game_music"",""video_game"":""Super Smash Bros. Ultimate"",""game_rank"":41,""game_association_kind"":""khinsider_game_soundtrack"",""khinsider_album_url"":""https://downloads.khinsider.com/game-soundtracks/album/super-smash-bros.-ultimate-expanded-vol.-01-super-smash-bros.-switch-gamerip-2018"",""khinsider_album_title"":""Super Smash Bros. Ultimate Vol. 01 - Super Smash Bros. (super-smash-bros.-ultimate-expanded-vol.-01-super-smash-bros.-switch-gamerip-2018)"",""khinsider_album_kind"":""official_or_gamerip"",""khinsider_album_match_score"":100.0,""relevance_score_100"":100.0,""popularity_score_100"":52.03628250740462,""score_100"":80.81451300296185,""popularity_basis"":""BeatHit master-list game rank plus track position proxy""}"
662,Waluigi Pinball - Mario Kart DS,Unknown credited artist,[],Super Smash Bros. Ultimate Vol. 02 - Super Mario (super-smash-bros.-ultimate-expanded-vol.-02-super-mario-switch-gamerip-2018),,,"[""video game soundtrack""]","[""und""]",,,,Super Smash Bros. Ultimate,,,khinsider_track_prominence_proxy,52.03628250740462,score_0_100,,,,80.81451300296185,,,,https://downloads.khinsider.com/game-soundtracks/album/super-smash-bros.-ultimate-expanded-vol.-02-super-mario-switch-gamerip-2018,2026-10-05,Track title is taken from KHInsider's soundtrack/gamerip album index. Popularity is an explicitly labelled proxy based on BeatHit game rank and track prominence.,"{""culture_category"":""video_game_music"",""video_game"":""Super Smash Bros. Ultimate"",""game_rank"":41,""game_association_kind"":""khinsider_game_soundtrack"",""khinsider_album_url"":""https://downloads.khinsider.com/game-soundtracks/album/super-smash-bros.-ultimate-expanded-vol.-02-super-mario-switch-gamerip-2018"",""khinsider_album_title"":""Super Smash Bros. Ultimate Vol. 02 - Super Mario (super-smash-bros.-ultimate-expanded-vol.-02-super-mario-switch-gamerip-2018)"",""khinsider_album_kind"":""official_or_gamerip"",""khinsider_album_match_score"":100.0,""relevance_score_100"":100.0,""popularity_score_100"":52.03628250740462,""score_100"":80.81451300296185,""popularity_basis"":""BeatHit master-list game rank plus track position proxy""}"
663,Guts Man Stage [Mega Man],Unknown credited artist,[],Super Smash Bros. Ultimate Enhanced Original Soundtrack (super-smash-bros.-ultimate-enhanced-original-soundtrack),,,"[""video game soundtrack""]","[""und""]",,,,Super Smash Bros. Ultimate,,,khinsider_track_prominence_proxy,51.82628250740462,score_0_100,,,,80.73051300296186,,,,https://downloads.khinsider.com/game-soundtracks/album/super-smash-bros.-ultimate-enhanced-original-soundtrack,2026-10-05,Track title is taken from KHInsider's soundtrack/gamerip album index. Popularity is an explicitly labelled proxy based on BeatHit game rank and track prominence.,"{""culture_category"":""video_game_music"",""video_game"":""Super Smash Bros. Ultimate"",""game_rank"":41,""game_association_kind"":""khinsider_game_soundtrack"",""khinsider_album_url"":""https://downloads.khinsider.com/game-soundtracks/album/super-smash-bros.-ultimate-enhanced-original-soundtrack"",""khinsider_album_title"":""Super Smash Bros. Ultimate Enhanced Original Soundtrack (super-smash-bros.-ultimate-enhanced-original-soundtrack)"",""khinsider_album_kind"":""official_or_gamerip"",""khinsider_album_match_score"":100.0,""relevance_score_100"":100.0,""popularity_score_100"":51.82628250740462,""score_100"":80.73051300296186,""popularity_basis"":""BeatHit master-list game rank plus track position proxy""}"
664,Online Practice Stage - Super Smash Bros. Brawl,Unknown credited artist,[],Super Smash Bros. Ultimate Vol. 01 - Super Smash Bros. (super-smash-bros.-ultimate-expanded-vol.-01-super-smash-bros.-switch-gamerip-2018),,,"[""video game soundtrack""]","[""und""]",,,,Super Smash Bros. Ultimate,,,khinsider_track_prominence_proxy,51.82628250740462,score_0_100,,,,80.73051300296186,,,,https://downloads.khinsider.com/game-soundtracks/album/super-smash-bros.-ultimate-expanded-vol.-01-super-smash-bros.-switch-gamerip-2018,2026-10-05,Track title is taken from KHInsider's soundtrack/gamerip album index. Popularity is an explicitly labelled proxy based on BeatHit game rank and track prominence.,"{""culture_category"":""video_game_music"",""video_game"":""Super Smash Bros. Ultimate"",""game_rank"":41,""game_association_kind"":""khinsider_game_soundtrack"",""khinsider_album_url"":""https://downloads.khinsider.com/game-soundtracks/album/super-smash-bros.-ultimate-expanded-vol.-01-super-smash-bros.-switch-gamerip-2018"",""khinsider_album_title"":""Super Smash Bros. Ultimate Vol. 01 - Super Smash Bros. (super-smash-bros.-ultimate-expanded-vol.-01-super-smash-bros.-switch-gamerip-2018)"",""khinsider_album_kind"":""official_or_gamerip"",""khinsider_album_match_score"":100.0,""relevance_score_100"":100.0,""popularity_score_100"":51.82628250740462,""score_100"":80.73051300296186,""popularity_basis"":""BeatHit master-list game rank plus track position proxy""}"
665,Mushroom Gorge - Mario Kart Wii,Unknown credited artist,[],Super Smash Bros. Ultimate Vol. 02 - Super Mario (super-smash-bros.-ultimate-expanded-vol.-02-super-mario-switch-gamerip-2018),,,"[""video game soundtrack""]","[""und""]",,,,Super Smash Bros. Ultimate,,,khinsider_track_prominence_proxy,51.82628250740462,score_0_100,,,,80.73051300296186,,,,https://downloads.khinsider.com/game-soundtracks/album/super-smash-bros.-ultimate-expanded-vol.-02-super-mario-switch-gamerip-2018,2026-10-05,Track title is taken from KHInsider's soundtrack/gamerip album index. Popularity is an explicitly labelled proxy based on BeatHit game rank and track prominence.,"{""culture_category"":""video_game_music"",""video_game"":""Super Smash Bros. Ultimate"",""game_rank"":41,""game_association_kind"":""khinsider_game_soundtrack"",""khinsider_album_url"":""https://downloads.khinsider.com/game-soundtracks/album/super-smash-bros.-ultimate-expanded-vol.-02-super-mario-switch-gamerip-2018"",""khinsider_album_title"":""Super Smash Bros. Ultimate Vol. 02 - Super Mario (super-smash-bros.-ultimate-expanded-vol.-02-super-mario-switch-gamerip-2018)"",""khinsider_album_kind"":""official_or_gamerip"",""khinsider_album_match_score"":100.0,""relevance_score_100"":100.0,""popularity_score_100"":51.82628250740462,""score_100"":80.73051300296186,""popularity_basis"":""BeatHit master-list game rank plus track position proxy""}"
666,Ice Man Stage [Mega Man],Unknown credited artist,[],Super Smash Bros. Ultimate Enhanced Original Soundtrack (super-smash-bros.-ultimate-enhanced-original-soundtrack),,,"[""video game soundtrack""]","[""und""]",,,,Super Smash Bros. Ultimate,,,khinsider_track_prominence_proxy,51.61628250740463,score_0_100,,,,80.64651300296185,,,,https://downloads.khinsider.com/game-soundtracks/album/super-smash-bros.-ultimate-enhanced-original-soundtrack,2026-10-05,Track title is taken from KHInsider's soundtrack/gamerip album index. Popularity is an explicitly labelled proxy based on BeatHit game rank and track prominence.,"{""culture_category"":""video_game_music"",""video_game"":""Super Smash Bros. Ultimate"",""game_rank"":41,""game_association_kind"":""khinsider_game_soundtrack"",""khinsider_album_url"":""https://downloads.khinsider.com/game-soundtracks/album/super-smash-bros.-ultimate-enhanced-original-soundtrack"",""khinsider_album_title"":""Super Smash Bros. Ultimate Enhanced Original Soundtrack (super-smash-bros.-ultimate-enhanced-original-soundtrack)"",""khinsider_album_kind"":""official_or_gamerip"",""khinsider_album_match_score"":100.0,""relevance_score_100"":100.0,""popularity_score_100"":51.61628250740463,""score_100"":80.64651300296185,""popularity_basis"":""BeatHit master-list game rank plus track position proxy""}"
667,Classic - Results Screen,Unknown credited artist,[],Super Smash Bros. Ultimate Vol. 01 - Super Smash Bros. (super-smash-bros.-ultimate-expanded-vol.-01-super-smash-bros.-switch-gamerip-2018),,,"[""video game soundtrack""]","[""und""]",,,,Super Smash Bros. Ultimate,,,khinsider_track_prominence_proxy,51.61628250740463,score_0_100,,,,80.64651300296185,,,,https://downloads.khinsider.com/game-soundtracks/album/super-smash-bros.-ultimate-expanded-vol.-01-super-smash-bros.-switch-gamerip-2018,2026-10-05,Track title is taken from KHInsider's soundtrack/gamerip album index. Popularity is an explicitly labelled proxy based on BeatHit game rank and track prominence.,"{""culture_category"":""video_game_music"",""video_game"":""Super Smash Bros. Ultimate"",""game_rank"":41,""game_association_kind"":""khinsider_game_soundtrack"",""khinsider_album_url"":""https://downloads.khinsider.com/game-soundtracks/album/super-smash-bros.-ultimate-expanded-vol.-01-super-smash-bros.-switch-gamerip-2018"",""khinsider_album_title"":""Super Smash Bros. Ultimate Vol. 01 - Super Smash Bros. (super-smash-bros.-ultimate-expanded-vol.-01-super-smash-bros.-switch-gamerip-2018)"",""khinsider_album_kind"":""official_or_gamerip"",""khinsider_album_match_score"":100.0,""relevance_score_100"":100.0,""popularity_score_100"":51.61628250740463,""score_100"":80.64651300296185,""popularity_basis"":""BeatHit master-list game rank plus track position proxy""}"
668,Circuit - Mario Kart 7,Unknown credited artist,[],Super Smash Bros. Ultimate Vol. 02 - Super Mario (super-smash-bros.-ultimate-expanded-vol.-02-super-mario-switch-gamerip-2018),,,"[""video game soundtrack""]","[""und""]",,,,Super Smash Bros. Ultimate,,,khinsider_track_prominence_proxy,51.61628250740463,score_0_100,,,,80.64651300296185,,,,https://downloads.khinsider.com/game-soundtracks/album/super-smash-bros.-ultimate-expanded-vol.-02-super-mario-switch-gamerip-2018,2026-10-05,Track title is taken from KHInsider's soundtrack/gamerip album index. Popularity is an explicitly labelled proxy based on BeatHit game rank and track prominence.,"{""culture_category"":""video_game_music"",""video_game"":""Super Smash Bros. Ultimate"",""game_rank"":41,""game_association_kind"":""khinsider_game_soundtrack"",""khinsider_album_url"":""https://downloads.khinsider.com/game-soundtracks/album/super-smash-bros.-ultimate-expanded-vol.-02-super-mario-switch-gamerip-2018"",""khinsider_album_title"":""Super Smash Bros. Ultimate Vol. 02 - Super Mario (super-smash-bros.-ultimate-expanded-vol.-02-super-mario-switch-gamerip-2018)"",""khinsider_album_kind"":""official_or_gamerip"",""khinsider_album_match_score"":100.0,""relevance_score_100"":100.0,""popularity_score_100"":51.61628250740463,""score_100"":80.64651300296185,""popularity_basis"":""BeatHit master-list game rank plus track position proxy""}"
669,Bomb Man Stage [Mega Man],Unknown credited artist,[],Super Smash Bros. Ultimate Enhanced Original Soundtrack (super-smash-bros.-ultimate-enhanced-original-soundtrack),,,"[""video game soundtrack""]","[""und""]",,,,Super Smash Bros. Ultimate,,,khinsider_track_prominence_proxy,51.406282507404626,score_0_100,,,,80.56251300296185,,,,https://downloads.khinsider.com/game-soundtracks/album/super-smash-bros.-ultimate-enhanced-original-soundtrack,2026-10-05,Track title is taken from KHInsider's soundtrack/gamerip album index. Popularity is an explicitly labelled proxy based on BeatHit game rank and track prominence.,"{""culture_category"":""video_game_music"",""video_game"":""Super Smash Bros. Ultimate"",""game_rank"":41,""game_association_kind"":""khinsider_game_soundtrack"",""khinsider_album_url"":""https://downloads.khinsider.com/game-soundtracks/album/super-smash-bros.-ultimate-enhanced-original-soundtrack"",""khinsider_album_title"":""Super Smash Bros. Ultimate Enhanced Original Soundtrack (super-smash-bros.-ultimate-enhanced-original-soundtrack)"",""khinsider_album_kind"":""official_or_gamerip"",""khinsider_album_match_score"":100.0,""relevance_score_100"":100.0,""popularity_score_100"":51.406282507404626,""score_100"":80.56251300296185,""popularity_basis"":""BeatHit master-list game rank plus track position proxy""}"
670,Classic - Final Results,Unknown credited artist,[],Super Smash Bros. Ultimate Vol. 01 - Super Smash Bros. (super-smash-bros.-ultimate-expanded-vol.-01-super-smash-bros.-switch-gamerip-2018),,,"[""video game soundtrack""]","[""und""]",,,,Super Smash Bros. Ultimate,,,khinsider_track_prominence_proxy,51.406282507404626,score_0_100,,,,80.56251300296185,,,,https://downloads.khinsider.com/game-soundtracks/album/super-smash-bros.-ultimate-expanded-vol.-01-super-smash-bros.-switch-gamerip-2018,2026-10-05,Track title is taken from KHInsider's soundtrack/gamerip album index. Popularity is an explicitly labelled proxy based on BeatHit game rank and track prominence.,"{""culture_category"":""video_game_music"",""video_game"":""Super Smash Bros. Ultimate"",""game_rank"":41,""game_association_kind"":""khinsider_game_soundtrack"",""khinsider_album_url"":""https://downloads.khinsider.com/game-soundtracks/album/super-smash-bros.-ultimate-expanded-vol.-01-super-smash-bros.-switch-gamerip-2018"",""khinsider_album_title"":""Super Smash Bros. Ultimate Vol. 01 - Super Smash Bros. (super-smash-bros.-ultimate-expanded-vol.-01-super-smash-bros.-switch-gamerip-2018)"",""khinsider_album_kind"":""official_or_gamerip"",""khinsider_album_match_score"":100.0,""relevance_score_100"":100.0,""popularity_score_100"":51.406282507404626,""score_100"":80.56251300296185,""popularity_basis"":""BeatHit master-list game rank plus track position proxy""}"
671,Rainbow Road - Mario Kart 7,Unknown credited artist,[],Super Smash Bros. Ultimate Vol. 02 - Super Mario (super-smash-bros.-ultimate-expanded-vol.-02-super-mario-switch-gamerip-2018),,,"[""video game soundtrack""]","[""und""]",,,,Super Smash Bros. Ultimate,,,khinsider_track_prominence_proxy,51.406282507404626,score_0_100,,,,80.56251300296185,,,,https://downloads.khinsider.com/game-soundtracks/album/super-smash-bros.-ultimate-expanded-vol.-02-super-mario-switch-gamerip-2018,2026-10-05,Track title is taken from KHInsider's soundtrack/gamerip album index. Popularity is an explicitly labelled proxy based on BeatHit game rank and track prominence.,"{""culture_category"":""video_game_music"",""video_game"":""Super Smash Bros. Ultimate"",""game_rank"":41,""game_association_kind"":""khinsider_game_soundtrack"",""khinsider_album_url"":""https://downloads.khinsider.com/game-soundtracks/album/super-smash-bros.-ultimate-expanded-vol.-02-super-mario-switch-gamerip-2018"",""khinsider_album_title"":""Super Smash Bros. Ultimate Vol. 02 - Super Mario (super-smash-bros.-ultimate-expanded-vol.-02-super-mario-switch-gamerip-2018)"",""khinsider_album_kind"":""official_or_gamerip"",""khinsider_album_match_score"":100.0,""relevance_score_100"":100.0,""popularity_score_100"":51.406282507404626,""score_100"":80.56251300296185,""popularity_basis"":""BeatHit master-list game rank plus track position proxy""}"
672,Fire Man Stage [Mega Man],Unknown credited artist,[],Super Smash Bros. Ultimate Enhanced Original Soundtrack (super-smash-bros.-ultimate-enhanced-original-soundtrack),,,"[""video game soundtrack""]","[""und""]",,,,Super Smash Bros. Ultimate,,,khinsider_track_prominence_proxy,51.196282507404625,score_0_100,,,,80.47851300296185,,,,https://downloads.khinsider.com/game-soundtracks/album/super-smash-bros.-ultimate-enhanced-original-soundtrack,2026-10-05,Track title is taken from KHInsider's soundtrack/gamerip album index. Popularity is an explicitly labelled proxy based on BeatHit game rank and track prominence.,"{""culture_category"":""video_game_music"",""video_game"":""Super Smash Bros. Ultimate"",""game_rank"":41,""game_association_kind"":""khinsider_game_soundtrack"",""khinsider_album_url"":""https://downloads.khinsider.com/game-soundtracks/album/super-smash-bros.-ultimate-enhanced-original-soundtrack"",""khinsider_album_title"":""Super Smash Bros. Ultimate Enhanced Original Soundtrack (super-smash-bros.-ultimate-enhanced-original-soundtrack)"",""khinsider_album_kind"":""official_or_gamerip"",""khinsider_album_match_score"":100.0,""relevance_score_100"":100.0,""popularity_score_100"":51.196282507404625,""score_100"":80.47851300296185,""popularity_basis"":""BeatHit master-list game rank plus track position proxy""}"
673,Classic - Fail,Unknown credited artist,[],Super Smash Bros. Ultimate Vol. 01 - Super Smash Bros. (super-smash-bros.-ultimate-expanded-vol.-01-super-smash-bros.-switch-gamerip-2018),,,"[""video game soundtrack""]","[""und""]",,,,Super Smash Bros. Ultimate,,,khinsider_track_prominence_proxy,51.196282507404625,score_0_100,,,,80.47851300296185,,,,https://downloads.khinsider.com/game-soundtracks/album/super-smash-bros.-ultimate-expanded-vol.-01-super-smash-bros.-switch-gamerip-2018,2026-10-05,Track title is taken from KHInsider's soundtrack/gamerip album index. Popularity is an explicitly labelled proxy based on BeatHit game rank and track prominence.,"{""culture_category"":""video_game_music"",""video_game"":""Super Smash Bros. Ultimate"",""game_rank"":41,""game_association_kind"":""khinsider_game_soundtrack"",""khinsider_album_url"":""https://downloads.khinsider.com/game-soundtracks/album/super-smash-bros.-ultimate-expanded-vol.-01-super-smash-bros.-switch-gamerip-2018"",""khinsider_album_title"":""Super Smash Bros. Ultimate Vol. 01 - Super Smash Bros. (super-smash-bros.-ultimate-expanded-vol.-01-super-smash-bros.-switch-gamerip-2018)"",""khinsider_album_kind"":""official_or_gamerip"",""khinsider_album_match_score"":100.0,""relevance_score_100"":100.0,""popularity_score_100"":51.196282507404625,""score_100"":80.47851300296185,""popularity_basis"":""BeatHit master-list game rank plus track position proxy""}"
674,Rainbow Road Medley,Unknown credited artist,[],Super Smash Bros. Ultimate Vol. 02 - Super Mario (super-smash-bros.-ultimate-expanded-vol.-02-super-mario-switch-gamerip-2018),,,"[""video game soundtrack""]","[""und""]",,,,Super Smash Bros. Ultimate,,,khinsider_track_prominence_proxy,51.196282507404625,score_0_100,,,,80.47851300296185,,,,https://downloads.khinsider.com/game-soundtracks/album/super-smash-bros.-ultimate-expanded-vol.-02-super-mario-switch-gamerip-2018,2026-10-05,Track title is taken from KHInsider's soundtrack/gamerip album index. Popularity is an explicitly labelled proxy based on BeatHit game rank and track prominence.,"{""culture_category"":""video_game_music"",""video_game"":""Super Smash Bros. Ultimate"",""game_rank"":41,""game_association_kind"":""khinsider_game_soundtrack"",""khinsider_album_url"":""https://downloads.khinsider.com/game-soundtracks/album/super-smash-bros.-ultimate-expanded-vol.-02-super-mario-switch-gamerip-2018"",""khinsider_album_title"":""Super Smash Bros. Ultimate Vol. 02 - Super Mario (super-smash-bros.-ultimate-expanded-vol.-02-super-mario-switch-gamerip-2018)"",""khinsider_album_kind"":""official_or_gamerip"",""khinsider_album_match_score"":100.0,""relevance_score_100"":100.0,""popularity_score_100"":51.196282507404625,""score_100"":80.47851300296185,""popularity_basis"":""BeatHit master-list game rank plus track position proxy""}"
675,Metal Man Stage [Mega Man 2],Unknown credited artist,[],Super Smash Bros. Ultimate Enhanced Original Soundtrack (super-smash-bros.-ultimate-enhanced-original-soundtrack),,,"[""video game soundtrack""]","[""und""]",,,,Super Smash Bros. Ultimate,,,khinsider_track_prominence_proxy,50.986282507404624,score_0_100,,,,80.39451300296184,,,,https://downloads.khinsider.com/game-soundtracks/album/super-smash-bros.-ultimate-enhanced-original-soundtrack,2026-10-05,Track title is taken from KHInsider's soundtrack/gamerip album index. Popularity is an explicitly labelled proxy based on BeatHit game rank and track prominence.,"{""culture_category"":""video_game_music"",""video_game"":""Super Smash Bros. Ultimate"",""game_rank"":41,""game_association_kind"":""khinsider_game_soundtrack"",""khinsider_album_url"":""https://downloads.khinsider.com/game-soundtracks/album/super-smash-bros.-ultimate-enhanced-original-soundtrack"",""khinsider_album_title"":""Super Smash Bros. Ultimate Enhanced Original Soundtrack (super-smash-bros.-ultimate-enhanced-original-soundtrack)"",""khinsider_album_kind"":""official_or_gamerip"",""khinsider_album_match_score"":100.0,""relevance_score_100"":100.0,""popularity_score_100"":50.986282507404624,""score_100"":80.39451300296184,""popularity_basis"":""BeatHit master-list game rank plus track position proxy""}"
676,Crash Man Stage [Mega Man 2],Unknown credited artist,[],Super Smash Bros. Ultimate Enhanced Original Soundtrack (super-smash-bros.-ultimate-enhanced-original-soundtrack),,,"[""video game soundtrack""]","[""und""]",,,,Super Smash Bros. Ultimate,,,khinsider_track_prominence_proxy,50.986282507404624,score_0_100,,,,80.39451300296184,,,,https://downloads.khinsider.com/game-soundtracks/album/super-smash-bros.-ultimate-enhanced-original-soundtrack,2026-10-05,Track title is taken from KHInsider's soundtrack/gamerip album index. Popularity is an explicitly labelled proxy based on BeatHit game rank and track prominence.,"{""culture_category"":""video_game_music"",""video_game"":""Super Smash Bros. Ultimate"",""game_rank"":41,""game_association_kind"":""khinsider_game_soundtrack"",""khinsider_album_url"":""https://downloads.khinsider.com/game-soundtracks/album/super-smash-bros.-ultimate-enhanced-original-soundtrack"",""khinsider_album_title"":""Super Smash Bros. Ultimate Enhanced Original Soundtrack (super-smash-bros.-ultimate-enhanced-original-soundtrack)"",""khinsider_album_kind"":""official_or_gamerip"",""khinsider_album_match_score"":100.0,""relevance_score_100"":100.0,""popularity_score_100"":50.986282507404624,""score_100"":80.39451300296184,""popularity_basis"":""BeatHit master-list game rank plus track position proxy""}"
677,Flash Man Stage [Mega Man 2],Unknown credited artist,[],Super Smash Bros. Ultimate Enhanced Original Soundtrack (super-smash-bros.-ultimate-enhanced-original-soundtrack),,,"[""video game soundtrack""]","[""und""]",,,,Super Smash Bros. Ultimate,,,khinsider_track_prominence_proxy,50.986282507404624,score_0_100,,,,80.39451300296184,,,,https://downloads.khinsider.com/game-soundtracks/album/super-smash-bros.-ultimate-enhanced-original-soundtrack,2026-10-05,Track title is taken from KHInsider's soundtrack/gamerip album index. Popularity is an explicitly labelled proxy based on BeatHit game rank and track prominence.,"{""culture_category"":""video_game_music"",""video_game"":""Super Smash Bros. Ultimate"",""game_rank"":41,""game_association_kind"":""khinsider_game_soundtrack"",""khinsider_album_url"":""https://downloads.khinsider.com/game-soundtracks/album/super-smash-bros.-ultimate-enhanced-original-soundtrack"",""khinsider_album_title"":""Super Smash Bros. Ultimate Enhanced Original Soundtrack (super-smash-bros.-ultimate-enhanced-original-soundtrack)"",""khinsider_album_kind"":""official_or_gamerip"",""khinsider_album_match_score"":100.0,""relevance_score_100"":100.0,""popularity_score_100"":50.986282507404624,""score_100"":80.39451300296184,""popularity_basis"":""BeatHit master-list game rank plus track position proxy""}"
678,Wood Man Stage [Mega Man 2],Unknown credited artist,[],Super Smash Bros. Ultimate Enhanced Original Soundtrack (super-smash-bros.-ultimate-enhanced-original-soundtrack),,,"[""video game soundtrack""]","[""und""]",,,,Super Smash Bros. Ultimate,,,khinsider_track_prominence_proxy,50.986282507404624,score_0_100,,,,80.39451300296184,,,,https://downloads.khinsider.com/game-soundtracks/album/super-smash-bros.-ultimate-enhanced-original-soundtrack,2026-10-05,Track title is taken from KHInsider's soundtrack/gamerip album index. Popularity is an explicitly labelled proxy based on BeatHit game rank and track prominence.,"{""culture_category"":""video_game_music"",""video_game"":""Super Smash Bros. Ultimate"",""game_rank"":41,""game_association_kind"":""khinsider_game_soundtrack"",""khinsider_album_url"":""https://downloads.khinsider.com/game-soundtracks/album/super-smash-bros.-ultimate-enhanced-original-soundtrack"",""khinsider_album_title"":""Super Smash Bros. Ultimate Enhanced Original Soundtrack (super-smash-bros.-ultimate-enhanced-original-soundtrack)"",""khinsider_album_kind"":""official_or_gamerip"",""khinsider_album_match_score"":100.0,""relevance_score_100"":100.0,""popularity_score_100"":50.986282507404624,""score_100"":80.39451300296184,""popularity_basis"":""BeatHit master-list game rank plus track position proxy""}"
679,Hard Man Stage [Mega Man 3],Unknown credited artist,[],Super Smash Bros. Ultimate Enhanced Original Soundtrack (super-smash-bros.-ultimate-enhanced-original-soundtrack),,,"[""video game soundtrack""]","[""und""]",,,,Super Smash Bros. Ultimate,,,khinsider_track_prominence_proxy,50.986282507404624,score_0_100,,,,80.39451300296184,,,,https://downloads.khinsider.com/game-soundtracks/album/super-smash-bros.-ultimate-enhanced-original-soundtrack,2026-10-05,Track title is taken from KHInsider's soundtrack/gamerip album index. Popularity is an explicitly labelled proxy based on BeatHit game rank and track prominence.,"{""culture_category"":""video_game_music"",""video_game"":""Super Smash Bros. Ultimate"",""game_rank"":41,""game_association_kind"":""khinsider_game_soundtrack"",""khinsider_album_url"":""https://downloads.khinsider.com/game-soundtracks/album/super-smash-bros.-ultimate-enhanced-original-soundtrack"",""khinsider_album_title"":""Super Smash Bros. Ultimate Enhanced Original Soundtrack (super-smash-bros.-ultimate-enhanced-original-soundtrack)"",""khinsider_album_kind"":""official_or_gamerip"",""khinsider_album_match_score"":100.0,""relevance_score_100"":100.0,""popularity_score_100"":50.986282507404624,""score_100"":80.39451300296184,""popularity_basis"":""BeatHit master-list game rank plus track position proxy""}"
680,Top Man Stage [Mega Man 3],Unknown credited artist,[],Super Smash Bros. Ultimate Enhanced Original Soundtrack (super-smash-bros.-ultimate-enhanced-original-soundtrack),,,"[""video game soundtrack""]","[""und""]",,,,Super Smash Bros. Ultimate,,,khinsider_track_prominence_proxy,50.986282507404624,score_0_100,,,,80.39451300296184,,,,https://downloads.khinsider.com/game-soundtracks/album/super-smash-bros.-ultimate-enhanced-original-soundtrack,2026-10-05,Track title is taken from KHInsider's soundtrack/gamerip album index. Popularity is an explicitly labelled proxy based on BeatHit game rank and track prominence.,"{""culture_category"":""video_game_music"",""video_game"":""Super Smash Bros. Ultimate"",""game_rank"":41,""game_association_kind"":""khinsider_game_soundtrack"",""khinsider_album_url"":""https://downloads.khinsider.com/game-soundtracks/album/super-smash-bros.-ultimate-enhanced-original-soundtrack"",""khinsider_album_title"":""Super Smash Bros. Ultimate Enhanced Original Soundtrack (super-smash-bros.-ultimate-enhanced-original-soundtrack)"",""khinsider_album_kind"":""official_or_gamerip"",""khinsider_album_match_score"":100.0,""relevance_score_100"":100.0,""popularity_score_100"":50.986282507404624,""score_100"":80.39451300296184,""popularity_basis"":""BeatHit master-list game rank plus track position proxy""}"
681,Snake Man Stage [Mega Man 3],Unknown credited artist,[],Super Smash Bros. Ultimate Enhanced Original Soundtrack (super-smash-bros.-ultimate-enhanced-original-soundtrack),,,"[""video game soundtrack""]","[""und""]",,,,Super Smash Bros. Ultimate,,,khinsider_track_prominence_proxy,50.986282507404624,score_0_100,,,,80.39451300296184,,,,https://downloads.khinsider.com/game-soundtracks/album/super-smash-bros.-ultimate-enhanced-original-soundtrack,2026-10-05,Track title is taken from KHInsider's soundtrack/gamerip album index. Popularity is an explicitly labelled proxy based on BeatHit game rank and track prominence.,"{""culture_category"":""video_game_music"",""video_game"":""Super Smash Bros. Ultimate"",""game_rank"":41,""game_association_kind"":""khinsider_game_soundtrack"",""khinsider_album_url"":""https://downloads.khinsider.com/game-soundtracks/album/super-smash-bros.-ultimate-enhanced-original-soundtrack"",""khinsider_album_title"":""Super Smash Bros. Ultimate Enhanced Original Soundtrack (super-smash-bros.-ultimate-enhanced-original-soundtrack)"",""khinsider_album_kind"":""official_or_gamerip"",""khinsider_album_match_score"":100.0,""relevance_score_100"":100.0,""popularity_score_100"":50.986282507404624,""score_100"":80.39451300296184,""popularity_basis"":""BeatHit master-list game rank plus track position proxy""}"
682,Mega Man 4 Medley,Unknown credited artist,[],Super Smash Bros. Ultimate Enhanced Original Soundtrack (super-smash-bros.-ultimate-enhanced-original-soundtrack),,,"[""video game soundtrack""]","[""und""]",,,,Super Smash Bros. Ultimate,,,khinsider_track_prominence_proxy,50.986282507404624,score_0_100,,,,80.39451300296184,,,,https://downloads.khinsider.com/game-soundtracks/album/super-smash-bros.-ultimate-enhanced-original-soundtrack,2026-10-05,Track title is taken from KHInsider's soundtrack/gamerip album index. Popularity is an explicitly labelled proxy based on BeatHit game rank and track prominence.,"{""culture_category"":""video_game_music"",""video_game"":""Super Smash Bros. Ultimate"",""game_rank"":41,""game_association_kind"":""khinsider_game_soundtrack"",""khinsider_album_url"":""https://downloads.khinsider.com/game-soundtracks/album/super-smash-bros.-ultimate-enhanced-original-soundtrack"",""khinsider_album_title"":""Super Smash Bros. Ultimate Enhanced Original Soundtrack (super-smash-bros.-ultimate-enhanced-original-soundtrack)"",""khinsider_album_kind"":""official_or_gamerip"",""khinsider_album_match_score"":100.0,""relevance_score_100"":100.0,""popularity_score_100"":50.986282507404624,""score_100"":80.39451300296184,""popularity_basis"":""BeatHit master-list game rank plus track position proxy""}"
683,Gravity Man Stage [Mega Man 5],Unknown credited artist,[],Super Smash Bros. Ultimate Enhanced Original Soundtrack (super-smash-bros.-ultimate-enhanced-original-soundtrack),,,"[""video game soundtrack""]","[""und""]",,,,Super Smash Bros. Ultimate,,,khinsider_track_prominence_proxy,50.986282507404624,score_0_100,,,,80.39451300296184,,,,https://downloads.khinsider.com/game-soundtracks/album/super-smash-bros.-ultimate-enhanced-original-soundtrack,2026-10-05,Track title is taken from KHInsider's soundtrack/gamerip album index. Popularity is an explicitly labelled proxy based on BeatHit game rank and track prominence.,"{""culture_category"":""video_game_music"",""video_game"":""Super Smash Bros. Ultimate"",""game_rank"":41,""game_association_kind"":""khinsider_game_soundtrack"",""khinsider_album_url"":""https://downloads.khinsider.com/game-soundtracks/album/super-smash-bros.-ultimate-enhanced-original-soundtrack"",""khinsider_album_title"":""Super Smash Bros. Ultimate Enhanced Original Soundtrack (super-smash-bros.-ultimate-enhanced-original-soundtrack)"",""khinsider_album_kind"":""official_or_gamerip"",""khinsider_album_match_score"":100.0,""relevance_score_100"":100.0,""popularity_score_100"":50.986282507404624,""score_100"":80.39451300296184,""popularity_basis"":""BeatHit master-list game rank plus track position proxy""}"
684,Napalm Man Stage [Mega Man 5],Unknown credited artist,[],Super Smash Bros. Ultimate Enhanced Original Soundtrack (super-smash-bros.-ultimate-enhanced-original-soundtrack),,,"[""video game soundtrack""]","[""und""]",,,,Super Smash Bros. Ultimate,,,khinsider_track_prominence_proxy,50.986282507404624,score_0_100,,,,80.39451300296184,,,,https://downloads.khinsider.com/game-soundtracks/album/super-smash-bros.-ultimate-enhanced-original-soundtrack,2026-10-05,Track title is taken from KHInsider's soundtrack/gamerip album index. Popularity is an explicitly labelled proxy based on BeatHit game rank and track prominence.,"{""culture_category"":""video_game_music"",""video_game"":""Super Smash Bros. Ultimate"",""game_rank"":41,""game_association_kind"":""khinsider_game_soundtrack"",""khinsider_album_url"":""https://downloads.khinsider.com/game-soundtracks/album/super-smash-bros.-ultimate-enhanced-original-soundtrack"",""khinsider_album_title"":""Super Smash Bros. Ultimate Enhanced Original Soundtrack (super-smash-bros.-ultimate-enhanced-original-soundtrack)"",""khinsider_album_kind"":""official_or_gamerip"",""khinsider_album_match_score"":100.0,""relevance_score_100"":100.0,""popularity_score_100"":50.986282507404624,""score_100"":80.39451300296184,""popularity_basis"":""BeatHit master-list game rank plus track position proxy""}"
685,Dark Man Stage [Mega Man 5],Unknown credited artist,[],Super Smash Bros. Ultimate Enhanced Original Soundtrack (super-smash-bros.-ultimate-enhanced-original-soundtrack),,,"[""video game soundtrack""]","[""und""]",,,,Super Smash Bros. Ultimate,,,khinsider_track_prominence_proxy,50.986282507404624,score_0_100,,,,80.39451300296184,,,,https://downloads.khinsider.com/game-soundtracks/album/super-smash-bros.-ultimate-enhanced-original-soundtrack,2026-10-05,Track title is taken from KHInsider's soundtrack/gamerip album index. Popularity is an explicitly labelled proxy based on BeatHit game rank and track prominence.,"{""culture_category"":""video_game_music"",""video_game"":""Super Smash Bros. Ultimate"",""game_rank"":41,""game_association_kind"":""khinsider_game_soundtrack"",""khinsider_album_url"":""https://downloads.khinsider.com/game-soundtracks/album/super-smash-bros.-ultimate-enhanced-original-soundtrack"",""khinsider_album_title"":""Super Smash Bros. Ultimate Enhanced Original Soundtrack (super-smash-bros.-ultimate-enhanced-original-soundtrack)"",""khinsider_album_kind"":""official_or_gamerip"",""khinsider_album_match_score"":100.0,""relevance_score_100"":100.0,""popularity_score_100"":50.986282507404624,""score_100"":80.39451300296184,""popularity_basis"":""BeatHit master-list game rank plus track position proxy""}"
686,We're Robots (Dr. Wily Stage 2) [Mega Man 9],Unknown credited artist,[],Super Smash Bros. Ultimate Enhanced Original Soundtrack (super-smash-bros.-ultimate-enhanced-original-soundtrack),,,"[""video game soundtrack""]","[""und""]",,,,Super Smash Bros. Ultimate,,,khinsider_track_prominence_proxy,50.986282507404624,score_0_100,,,,80.39451300296184,,,,https://downloads.khinsider.com/game-soundtracks/album/super-smash-bros.-ultimate-enhanced-original-soundtrack,2026-10-05,Track title is taken from KHInsider's soundtrack/gamerip album index. Popularity is an explicitly labelled proxy based on BeatHit game rank and track prominence.,"{""culture_category"":""video_game_music"",""video_game"":""Super Smash Bros. Ultimate"",""game_rank"":41,""game_association_kind"":""khinsider_game_soundtrack"",""khinsider_album_url"":""https://downloads.khinsider.com/game-soundtracks/album/super-smash-bros.-ultimate-enhanced-original-soundtrack"",""khinsider_album_title"":""Super Smash Bros. Ultimate Enhanced Original Soundtrack (super-smash-bros.-ultimate-enhanced-original-soundtrack)"",""khinsider_album_kind"":""official_or_gamerip"",""khinsider_album_match_score"":100.0,""relevance_score_100"":100.0,""popularity_score_100"":50.986282507404624,""score_100"":80.39451300296184,""popularity_basis"":""BeatHit master-list game rank plus track position proxy""}"
687,Opening Stage [Mega Man X],Unknown credited artist,[],Super Smash Bros. Ultimate Enhanced Original Soundtrack (super-smash-bros.-ultimate-enhanced-original-soundtrack),,,"[""video game soundtrack""]","[""und""]",,,,Super Smash Bros. Ultimate,,,khinsider_track_prominence_proxy,50.986282507404624,score_0_100,,,,80.39451300296184,,,,https://downloads.khinsider.com/game-soundtracks/album/super-smash-bros.-ultimate-enhanced-original-soundtrack,2026-10-05,Track title is taken from KHInsider's soundtrack/gamerip album index. Popularity is an explicitly labelled proxy based on BeatHit game rank and track prominence.,"{""culture_category"":""video_game_music"",""video_game"":""Super Smash Bros. Ultimate"",""game_rank"":41,""game_association_kind"":""khinsider_game_soundtrack"",""khinsider_album_url"":""https://downloads.khinsider.com/game-soundtracks/album/super-smash-bros.-ultimate-enhanced-original-soundtrack"",""khinsider_album_title"":""Super Smash Bros. Ultimate Enhanced Original Soundtrack (super-smash-bros.-ultimate-enhanced-original-soundtrack)"",""khinsider_album_kind"":""official_or_gamerip"",""khinsider_album_match_score"":100.0,""relevance_score_100"":100.0,""popularity_score_100"":50.986282507404624,""score_100"":80.39451300296184,""popularity_basis"":""BeatHit master-list game rank plus track position proxy""}"
688,Vampire Killer [Castlevania],Unknown credited artist,[],Super Smash Bros. Ultimate Enhanced Original Soundtrack (super-smash-bros.-ultimate-enhanced-original-soundtrack),,,"[""video game soundtrack""]","[""und""]",,,,Super Smash Bros. Ultimate,,,khinsider_track_prominence_proxy,50.986282507404624,score_0_100,,,,80.39451300296184,,,,https://downloads.khinsider.com/game-soundtracks/album/super-smash-bros.-ultimate-enhanced-original-soundtrack,2026-10-05,Track title is taken from KHInsider's soundtrack/gamerip album index. Popularity is an explicitly labelled proxy based on BeatHit game rank and track prominence.,"{""culture_category"":""video_game_music"",""video_game"":""Super Smash Bros. Ultimate"",""game_rank"":41,""game_association_kind"":""khinsider_game_soundtrack"",""khinsider_album_url"":""https://downloads.khinsider.com/game-soundtracks/album/super-smash-bros.-ultimate-enhanced-original-soundtrack"",""khinsider_album_title"":""Super Smash Bros. Ultimate Enhanced Original Soundtrack (super-smash-bros.-ultimate-enhanced-original-soundtrack)"",""khinsider_album_kind"":""official_or_gamerip"",""khinsider_album_match_score"":100.0,""relevance_score_100"":100.0,""popularity_score_100"":50.986282507404624,""score_100"":80.39451300296184,""popularity_basis"":""BeatHit master-list game rank plus track position proxy""}"
689,Starker  Wicked Child [Castlevania],Unknown credited artist,[],Super Smash Bros. Ultimate Enhanced Original Soundtrack (super-smash-bros.-ultimate-enhanced-original-soundtrack),,,"[""video game soundtrack""]","[""und""]",,,,Super Smash Bros. Ultimate,,,khinsider_track_prominence_proxy,50.986282507404624,score_0_100,,,,80.39451300296184,,,,https://downloads.khinsider.com/game-soundtracks/album/super-smash-bros.-ultimate-enhanced-original-soundtrack,2026-10-05,Track title is taken from KHInsider's soundtrack/gamerip album index. Popularity is an explicitly labelled proxy based on BeatHit game rank and track prominence.,"{""culture_category"":""video_game_music"",""video_game"":""Super Smash Bros. Ultimate"",""game_rank"":41,""game_association_kind"":""khinsider_game_soundtrack"",""khinsider_album_url"":""https://downloads.khinsider.com/game-soundtracks/album/super-smash-bros.-ultimate-enhanced-original-soundtrack"",""khinsider_album_title"":""Super Smash Bros. Ultimate Enhanced Original Soundtrack (super-smash-bros.-ultimate-enhanced-original-soundtrack)"",""khinsider_album_kind"":""official_or_gamerip"",""khinsider_album_match_score"":100.0,""relevance_score_100"":100.0,""popularity_score_100"":50.986282507404624,""score_100"":80.39451300296184,""popularity_basis"":""BeatHit master-list game rank plus track position proxy""}"
690,Out of Time [Castlevania],Unknown credited artist,[],Super Smash Bros. Ultimate Enhanced Original Soundtrack (super-smash-bros.-ultimate-enhanced-original-soundtrack),,,"[""video game soundtrack""]","[""und""]",,,,Super Smash Bros. Ultimate,,,khinsider_track_prominence_proxy,50.986282507404624,score_0_100,,,,80.39451300296184,,,,https://downloads.khinsider.com/game-soundtracks/album/super-smash-bros.-ultimate-enhanced-original-soundtrack,2026-10-05,Track title is taken from KHInsider's soundtrack/gamerip album index. Popularity is an explicitly labelled proxy based on BeatHit game rank and track prominence.,"{""culture_category"":""video_game_music"",""video_game"":""Super Smash Bros. Ultimate"",""game_rank"":41,""game_association_kind"":""khinsider_game_soundtrack"",""khinsider_album_url"":""https://downloads.khinsider.com/game-soundtracks/album/super-smash-bros.-ultimate-enhanced-original-soundtrack"",""khinsider_album_title"":""Super Smash Bros. Ultimate Enhanced Original Soundtrack (super-smash-bros.-ultimate-enhanced-original-soundtrack)"",""khinsider_album_kind"":""official_or_gamerip"",""khinsider_album_match_score"":100.0,""relevance_score_100"":100.0,""popularity_score_100"":50.986282507404624,""score_100"":80.39451300296184,""popularity_basis"":""BeatHit master-list game rank plus track position proxy""}"
691,Bloody Tears  Monster Dance [Castlevania II Simon's Quest],Unknown credited artist,[],Super Smash Bros. Ultimate Enhanced Original Soundtrack (super-smash-bros.-ultimate-enhanced-original-soundtrack),,,"[""video game soundtrack""]","[""und""]",,,,Super Smash Bros. Ultimate,,,khinsider_track_prominence_proxy,50.986282507404624,score_0_100,,,,80.39451300296184,,,,https://downloads.khinsider.com/game-soundtracks/album/super-smash-bros.-ultimate-enhanced-original-soundtrack,2026-10-05,Track title is taken from KHInsider's soundtrack/gamerip album index. Popularity is an explicitly labelled proxy based on BeatHit game rank and track prominence.,"{""culture_category"":""video_game_music"",""video_game"":""Super Smash Bros. Ultimate"",""game_rank"":41,""game_association_kind"":""khinsider_game_soundtrack"",""khinsider_album_url"":""https://downloads.khinsider.com/game-soundtracks/album/super-smash-bros.-ultimate-enhanced-original-soundtrack"",""khinsider_album_title"":""Super Smash Bros. Ultimate Enhanced Original Soundtrack (super-smash-bros.-ultimate-enhanced-original-soundtrack)"",""khinsider_album_kind"":""official_or_gamerip"",""khinsider_album_match_score"":100.0,""relevance_score_100"":100.0,""popularity_score_100"":50.986282507404624,""score_100"":80.39451300296184,""popularity_basis"":""BeatHit master-list game rank plus track position proxy""}"
692,Cross Your Heart [Haunted Castle],Unknown credited artist,[],Super Smash Bros. Ultimate Enhanced Original Soundtrack (super-smash-bros.-ultimate-enhanced-original-soundtrack),,,"[""video game soundtrack""]","[""und""]",,,,Super Smash Bros. Ultimate,,,khinsider_track_prominence_proxy,50.986282507404624,score_0_100,,,,80.39451300296184,,,,https://downloads.khinsider.com/game-soundtracks/album/super-smash-bros.-ultimate-enhanced-original-soundtrack,2026-10-05,Track title is taken from KHInsider's soundtrack/gamerip album index. Popularity is an explicitly labelled proxy based on BeatHit game rank and track prominence.,"{""culture_category"":""video_game_music"",""video_game"":""Super Smash Bros. Ultimate"",""game_rank"":41,""game_association_kind"":""khinsider_game_soundtrack"",""khinsider_album_url"":""https://downloads.khinsider.com/game-soundtracks/album/super-smash-bros.-ultimate-enhanced-original-soundtrack"",""khinsider_album_title"":""Super Smash Bros. Ultimate Enhanced Original Soundtrack (super-smash-bros.-ultimate-enhanced-original-soundtrack)"",""khinsider_album_kind"":""official_or_gamerip"",""khinsider_album_match_score"":100.0,""relevance_score_100"":100.0,""popularity_score_100"":50.986282507404624,""score_100"":80.39451300296184,""popularity_basis"":""BeatHit master-list game rank plus track position proxy""}"
693,Beginning [Castlevania III Dracula's Curse],Unknown credited artist,[],Super Smash Bros. Ultimate Enhanced Original Soundtrack (super-smash-bros.-ultimate-enhanced-original-soundtrack),,,"[""video game soundtrack""]","[""und""]",,,,Super Smash Bros. Ultimate,,,khinsider_track_prominence_proxy,50.986282507404624,score_0_100,,,,80.39451300296184,,,,https://downloads.khinsider.com/game-soundtracks/album/super-smash-bros.-ultimate-enhanced-original-soundtrack,2026-10-05,Track title is taken from KHInsider's soundtrack/gamerip album index. Popularity is an explicitly labelled proxy based on BeatHit game rank and track prominence.,"{""culture_category"":""video_game_music"",""video_game"":""Super Smash Bros. Ultimate"",""game_rank"":41,""game_association_kind"":""khinsider_game_soundtrack"",""khinsider_album_url"":""https://downloads.khinsider.com/game-soundtracks/album/super-smash-bros.-ultimate-enhanced-original-soundtrack"",""khinsider_album_title"":""Super Smash Bros. Ultimate Enhanced Original Soundtrack (super-smash-bros.-ultimate-enhanced-original-soundtrack)"",""khinsider_album_kind"":""official_or_gamerip"",""khinsider_album_match_score"":100.0,""relevance_score_100"":100.0,""popularity_score_100"":50.986282507404624,""score_100"":80.39451300296184,""popularity_basis"":""BeatHit master-list game rank plus track position proxy""}"
694,Aquarius [Castlevania III Dracula's Curse],Unknown credited artist,[],Super Smash Bros. Ultimate Enhanced Original Soundtrack (super-smash-bros.-ultimate-enhanced-original-soundtrack),,,"[""video game soundtrack""]","[""und""]",,,,Super Smash Bros. Ultimate,,,khinsider_track_prominence_proxy,50.986282507404624,score_0_100,,,,80.39451300296184,,,,https://downloads.khinsider.com/game-soundtracks/album/super-smash-bros.-ultimate-enhanced-original-soundtrack,2026-10-05,Track title is taken from KHInsider's soundtrack/gamerip album index. Popularity is an explicitly labelled proxy based on BeatHit game rank and track prominence.,"{""culture_category"":""video_game_music"",""video_game"":""Super Smash Bros. Ultimate"",""game_rank"":41,""game_association_kind"":""khinsider_game_soundtrack"",""khinsider_album_url"":""https://downloads.khinsider.com/game-soundtracks/album/super-smash-bros.-ultimate-enhanced-original-soundtrack"",""khinsider_album_title"":""Super Smash Bros. Ultimate Enhanced Original Soundtrack (super-smash-bros.-ultimate-enhanced-original-soundtrack)"",""khinsider_album_kind"":""official_or_gamerip"",""khinsider_album_match_score"":100.0,""relevance_score_100"":100.0,""popularity_score_100"":50.986282507404624,""score_100"":80.39451300296184,""popularity_basis"":""BeatHit master-list game rank plus track position proxy""}"
695,Divine Bloodlines [Castlevania Rondo of Blood],Unknown credited artist,[],Super Smash Bros. Ultimate Enhanced Original Soundtrack (super-smash-bros.-ultimate-enhanced-original-soundtrack),,,"[""video game soundtrack""]","[""und""]",,,,Super Smash Bros. Ultimate,,,khinsider_track_prominence_proxy,50.986282507404624,score_0_100,,,,80.39451300296184,,,,https://downloads.khinsider.com/game-soundtracks/album/super-smash-bros.-ultimate-enhanced-original-soundtrack,2026-10-05,Track title is taken from KHInsider's soundtrack/gamerip album index. Popularity is an explicitly labelled proxy based on BeatHit game rank and track prominence.,"{""culture_category"":""video_game_music"",""video_game"":""Super Smash Bros. Ultimate"",""game_rank"":41,""game_association_kind"":""khinsider_game_soundtrack"",""khinsider_album_url"":""https://downloads.khinsider.com/game-soundtracks/album/super-smash-bros.-ultimate-enhanced-original-soundtrack"",""khinsider_album_title"":""Super Smash Bros. Ultimate Enhanced Original Soundtrack (super-smash-bros.-ultimate-enhanced-original-soundtrack)"",""khinsider_album_kind"":""official_or_gamerip"",""khinsider_album_match_score"":100.0,""relevance_score_100"":100.0,""popularity_score_100"":50.986282507404624,""score_100"":80.39451300296184,""popularity_basis"":""BeatHit master-list game rank plus track position proxy""}"
696,Iron Blue Intention [Castlevania Bloodlines],Unknown credited artist,[],Super Smash Bros. Ultimate Enhanced Original Soundtrack (super-smash-bros.-ultimate-enhanced-original-soundtrack),,,"[""video game soundtrack""]","[""und""]",,,,Super Smash Bros. Ultimate,,,khinsider_track_prominence_proxy,50.986282507404624,score_0_100,,,,80.39451300296184,,,,https://downloads.khinsider.com/game-soundtracks/album/super-smash-bros.-ultimate-enhanced-original-soundtrack,2026-10-05,Track title is taken from KHInsider's soundtrack/gamerip album index. Popularity is an explicitly labelled proxy based on BeatHit game rank and track prominence.,"{""culture_category"":""video_game_music"",""video_game"":""Super Smash Bros. Ultimate"",""game_rank"":41,""game_association_kind"":""khinsider_game_soundtrack"",""khinsider_album_url"":""https://downloads.khinsider.com/game-soundtracks/album/super-smash-bros.-ultimate-enhanced-original-soundtrack"",""khinsider_album_title"":""Super Smash Bros. Ultimate Enhanced Original Soundtrack (super-smash-bros.-ultimate-enhanced-original-soundtrack)"",""khinsider_album_kind"":""official_or_gamerip"",""khinsider_album_match_score"":100.0,""relevance_score_100"":100.0,""popularity_score_100"":50.986282507404624,""score_100"":80.39451300296184,""popularity_basis"":""BeatHit master-list game rank plus track position proxy""}"
697,Dance of Gold [Castlevania Symphony of the Night],Unknown credited artist,[],Super Smash Bros. Ultimate Enhanced Original Soundtrack (super-smash-bros.-ultimate-enhanced-original-soundtrack),,,"[""video game soundtrack""]","[""und""]",,,,Super Smash Bros. Ultimate,,,khinsider_track_prominence_proxy,50.986282507404624,score_0_100,,,,80.39451300296184,,,,https://downloads.khinsider.com/game-soundtracks/album/super-smash-bros.-ultimate-enhanced-original-soundtrack,2026-10-05,Track title is taken from KHInsider's soundtrack/gamerip album index. Popularity is an explicitly labelled proxy based on BeatHit game rank and track prominence.,"{""culture_category"":""video_game_music"",""video_game"":""Super Smash Bros. Ultimate"",""game_rank"":41,""game_association_kind"":""khinsider_game_soundtrack"",""khinsider_album_url"":""https://downloads.khinsider.com/game-soundtracks/album/super-smash-bros.-ultimate-enhanced-original-soundtrack"",""khinsider_album_title"":""Super Smash Bros. Ultimate Enhanced Original Soundtrack (super-smash-bros.-ultimate-enhanced-original-soundtrack)"",""khinsider_album_kind"":""official_or_gamerip"",""khinsider_album_match_score"":100.0,""relevance_score_100"":100.0,""popularity_score_100"":50.986282507404624,""score_100"":80.39451300296184,""popularity_basis"":""BeatHit master-list game rank plus track position proxy""}"
698,Lost Painting [Castlevania Symphony of the Night],Unknown credited artist,[],Super Smash Bros. Ultimate Enhanced Original Soundtrack (super-smash-bros.-ultimate-enhanced-original-soundtrack),,,"[""video game soundtrack""]","[""und""]",,,,Super Smash Bros. Ultimate,,,khinsider_track_prominence_proxy,50.986282507404624,score_0_100,,,,80.39451300296184,,,,https://downloads.khinsider.com/game-soundtracks/album/super-smash-bros.-ultimate-enhanced-original-soundtrack,2026-10-05,Track title is taken from KHInsider's soundtrack/gamerip album index. Popularity is an explicitly labelled proxy based on BeatHit game rank and track prominence.,"{""culture_category"":""video_game_music"",""video_game"":""Super Smash Bros. Ultimate"",""game_rank"":41,""game_association_kind"":""khinsider_game_soundtrack"",""khinsider_album_url"":""https://downloads.khinsider.com/game-soundtracks/album/super-smash-bros.-ultimate-enhanced-original-soundtrack"",""khinsider_album_title"":""Super Smash Bros. Ultimate Enhanced Original Soundtrack (super-smash-bros.-ultimate-enhanced-original-soundtrack)"",""khinsider_album_kind"":""official_or_gamerip"",""khinsider_album_match_score"":100.0,""relevance_score_100"":100.0,""popularity_score_100"":50.986282507404624,""score_100"":80.39451300296184,""popularity_basis"":""BeatHit master-list game rank plus track position proxy""}"
699,Awake [Castlevania Circle of the Moon],Unknown credited artist,[],Super Smash Bros. Ultimate Enhanced Original Soundtrack (super-smash-bros.-ultimate-enhanced-original-soundtrack),,,"[""video game soundtrack""]","[""und""]",,,,Super Smash Bros. Ultimate,,,khinsider_track_prominence_proxy,50.986282507404624,score_0_100,,,,80.39451300296184,,,,https://downloads.khinsider.com/game-soundtracks/album/super-smash-bros.-ultimate-enhanced-original-soundtrack,2026-10-05,Track title is taken from KHInsider's soundtrack/gamerip album index. Popularity is an explicitly labelled proxy based on BeatHit game rank and track prominence.,"{""culture_category"":""video_game_music"",""video_game"":""Super Smash Bros. Ultimate"",""game_rank"":41,""game_association_kind"":""khinsider_game_soundtrack"",""khinsider_album_url"":""https://downloads.khinsider.com/game-soundtracks/album/super-smash-bros.-ultimate-enhanced-original-soundtrack"",""khinsider_album_title"":""Super Smash Bros. Ultimate Enhanced Original Soundtrack (super-smash-bros.-ultimate-enhanced-original-soundtrack)"",""khinsider_album_kind"":""official_or_gamerip"",""khinsider_album_match_score"":100.0,""relevance_score_100"":100.0,""popularity_score_100"":50.986282507404624,""score_100"":80.39451300296184,""popularity_basis"":""BeatHit master-list game rank plus track position proxy""}"
700,Lament of Innocence [Castlevania Lament of Innocence],Unknown credited artist,[],Super Smash Bros. Ultimate Enhanced Original Soundtrack (super-smash-bros.-ultimate-enhanced-original-soundtrack),,,"[""video game soundtrack""]","[""und""]",,,,Super Smash Bros. Ultimate,,,khinsider_track_prominence_proxy,50.986282507404624,score_0_100,,,,80.39451300296184,,,,https://downloads.khinsider.com/game-soundtracks/album/super-smash-bros.-ultimate-enhanced-original-soundtrack,2026-10-05,Track title is taken from KHInsider's soundtrack/gamerip album index. Popularity is an explicitly labelled proxy based on BeatHit game rank and track prominence.,"{""culture_category"":""video_game_music"",""video_game"":""Super Smash Bros. Ultimate"",""game_rank"":41,""game_association_kind"":""khinsider_game_soundtrack"",""khinsider_album_url"":""https://downloads.khinsider.com/game-soundtracks/album/super-smash-bros.-ultimate-enhanced-original-soundtrack"",""khinsider_album_title"":""Super Smash Bros. Ultimate Enhanced Original Soundtrack (super-smash-bros.-ultimate-enhanced-original-soundtrack)"",""khinsider_album_kind"":""official_or_gamerip"",""khinsider_album_match_score"":100.0,""relevance_score_100"":100.0,""popularity_score_100"":50.986282507404624,""score_100"":80.39451300296184,""popularity_basis"":""BeatHit master-list game rank plus track position proxy""}"
701,Victory! [Castlevania],Unknown credited artist,[],Super Smash Bros. Ultimate Enhanced Original Soundtrack (super-smash-bros.-ultimate-enhanced-original-soundtrack),,,"[""video game soundtrack""]","[""und""]",,,,Super Smash Bros. Ultimate,,,khinsider_track_prominence_proxy,50.986282507404624,score_0_100,,,,80.39451300296184,,,,https://downloads.khinsider.com/game-soundtracks/album/super-smash-bros.-ultimate-enhanced-original-soundtrack,2026-10-05,Track title is taken from KHInsider's soundtrack/gamerip album index. Popularity is an explicitly labelled proxy based on BeatHit game rank and track prominence.,"{""culture_category"":""video_game_music"",""video_game"":""Super Smash Bros. Ultimate"",""game_rank"":41,""game_association_kind"":""khinsider_game_soundtrack"",""khinsider_album_url"":""https://downloads.khinsider.com/game-soundtracks/album/super-smash-bros.-ultimate-enhanced-original-soundtrack"",""khinsider_album_title"":""Super Smash Bros. Ultimate Enhanced Original Soundtrack (super-smash-bros.-ultimate-enhanced-original-soundtrack)"",""khinsider_album_kind"":""official_or_gamerip"",""khinsider_album_match_score"":100.0,""relevance_score_100"":100.0,""popularity_score_100"":50.986282507404624,""score_100"":80.39451300296184,""popularity_basis"":""BeatHit master-list game rank plus track position proxy""}"
702,Mob Smash,Unknown credited artist,[],Super Smash Bros. Ultimate Enhanced Original Soundtrack (super-smash-bros.-ultimate-enhanced-original-soundtrack),,,"[""video game soundtrack""]","[""und""]",,,,Super Smash Bros. Ultimate,,,khinsider_track_prominence_proxy,50.986282507404624,score_0_100,,,,80.39451300296184,,,,https://downloads.khinsider.com/game-soundtracks/album/super-smash-bros.-ultimate-enhanced-original-soundtrack,2026-10-05,Track title is taken from KHInsider's soundtrack/gamerip album index. Popularity is an explicitly labelled proxy based on BeatHit game rank and track prominence.,"{""culture_category"":""video_game_music"",""video_game"":""Super Smash Bros. Ultimate"",""game_rank"":41,""game_association_kind"":""khinsider_game_soundtrack"",""khinsider_album_url"":""https://downloads.khinsider.com/game-soundtracks/album/super-smash-bros.-ultimate-enhanced-original-soundtrack"",""khinsider_album_title"":""Super Smash Bros. Ultimate Enhanced Original Soundtrack (super-smash-bros.-ultimate-enhanced-original-soundtrack)"",""khinsider_album_kind"":""official_or_gamerip"",""khinsider_album_match_score"":100.0,""relevance_score_100"":100.0,""popularity_score_100"":50.986282507404624,""score_100"":80.39451300296184,""popularity_basis"":""BeatHit master-list game rank plus track position proxy""}"
703,Duck Hunt Medley,Unknown credited artist,[],Super Smash Bros. Ultimate Enhanced Original Soundtrack (super-smash-bros.-ultimate-enhanced-original-soundtrack),,,"[""video game soundtrack""]","[""und""]",,,,Super Smash Bros. Ultimate,,,khinsider_track_prominence_proxy,50.986282507404624,score_0_100,,,,80.39451300296184,,,,https://downloads.khinsider.com/game-soundtracks/album/super-smash-bros.-ultimate-enhanced-original-soundtrack,2026-10-05,Track title is taken from KHInsider's soundtrack/gamerip album index. Popularity is an explicitly labelled proxy based on BeatHit game rank and track prominence.,"{""culture_category"":""video_game_music"",""video_game"":""Super Smash Bros. Ultimate"",""game_rank"":41,""game_association_kind"":""khinsider_game_soundtrack"",""khinsider_album_url"":""https://downloads.khinsider.com/game-soundtracks/album/super-smash-bros.-ultimate-enhanced-original-soundtrack"",""khinsider_album_title"":""Super Smash Bros. Ultimate Enhanced Original Soundtrack (super-smash-bros.-ultimate-enhanced-original-soundtrack)"",""khinsider_album_kind"":""official_or_gamerip"",""khinsider_album_match_score"":100.0,""relevance_score_100"":100.0,""popularity_score_100"":50.986282507404624,""score_100"":80.39451300296184,""popularity_basis"":""BeatHit master-list game rank plus track position proxy""}"
704,Victory! [Duck Hunt],Unknown credited artist,[],Super Smash Bros. Ultimate Enhanced Original Soundtrack (super-smash-bros.-ultimate-enhanced-original-soundtrack),,,"[""video game soundtrack""]","[""und""]",,,,Super Smash Bros. Ultimate,,,khinsider_track_prominence_proxy,50.986282507404624,score_0_100,,,,80.39451300296184,,,,https://downloads.khinsider.com/game-soundtracks/album/super-smash-bros.-ultimate-enhanced-original-soundtrack,2026-10-05,Track title is taken from KHInsider's soundtrack/gamerip album index. Popularity is an explicitly labelled proxy based on BeatHit game rank and track prominence.,"{""culture_category"":""video_game_music"",""video_game"":""Super Smash Bros. Ultimate"",""game_rank"":41,""game_association_kind"":""khinsider_game_soundtrack"",""khinsider_album_url"":""https://downloads.khinsider.com/game-soundtracks/album/super-smash-bros.-ultimate-enhanced-original-soundtrack"",""khinsider_album_title"":""Super Smash Bros. Ultimate Enhanced Original Soundtrack (super-smash-bros.-ultimate-enhanced-original-soundtrack)"",""khinsider_album_kind"":""official_or_gamerip"",""khinsider_album_match_score"":100.0,""relevance_score_100"":100.0,""popularity_score_100"":50.986282507404624,""score_100"":80.39451300296184,""popularity_basis"":""BeatHit master-list game rank plus track position proxy""}"
705,Wrecking Crew Medley,Unknown credited artist,[],Super Smash Bros. Ultimate Enhanced Original Soundtrack (super-smash-bros.-ultimate-enhanced-original-soundtrack),,,"[""video game soundtrack""]","[""und""]",,,,Super Smash Bros. Ultimate,,,khinsider_track_prominence_proxy,50.986282507404624,score_0_100,,,,80.39451300296184,,,,https://downloads.khinsider.com/game-soundtracks/album/super-smash-bros.-ultimate-enhanced-original-soundtrack,2026-10-05,Track title is taken from KHInsider's soundtrack/gamerip album index. Popularity is an explicitly labelled proxy based on BeatHit game rank and track prominence.,"{""culture_category"":""video_game_music"",""video_game"":""Super Smash Bros. Ultimate"",""game_rank"":41,""game_association_kind"":""khinsider_game_soundtrack"",""khinsider_album_url"":""https://downloads.khinsider.com/game-soundtracks/album/super-smash-bros.-ultimate-enhanced-original-soundtrack"",""khinsider_album_title"":""Super Smash Bros. Ultimate Enhanced Original Soundtrack (super-smash-bros.-ultimate-enhanced-original-soundtrack)"",""khinsider_album_kind"":""official_or_gamerip"",""khinsider_album_match_score"":100.0,""relevance_score_100"":100.0,""popularity_score_100"":50.986282507404624,""score_100"":80.39451300296184,""popularity_basis"":""BeatHit master-list game rank plus track position proxy""}"
706,Yūyūki Medley,Unknown credited artist,[],Super Smash Bros. Ultimate Enhanced Original Soundtrack (super-smash-bros.-ultimate-enhanced-original-soundtrack),,,"[""video game soundtrack""]","[""und""]",,,,Super Smash Bros. Ultimate,,,khinsider_track_prominence_proxy,50.986282507404624,score_0_100,,,,80.39451300296184,,,,https://downloads.khinsider.com/game-soundtracks/album/super-smash-bros.-ultimate-enhanced-original-soundtrack,2026-10-05,Track title is taken from KHInsider's soundtrack/gamerip album index. Popularity is an explicitly labelled proxy based on BeatHit game rank and track prominence.,"{""culture_category"":""video_game_music"",""video_game"":""Super Smash Bros. Ultimate"",""game_rank"":41,""game_association_kind"":""khinsider_game_soundtrack"",""khinsider_album_url"":""https://downloads.khinsider.com/game-soundtracks/album/super-smash-bros.-ultimate-enhanced-original-soundtrack"",""khinsider_album_title"":""Super Smash Bros. Ultimate Enhanced Original Soundtrack (super-smash-bros.-ultimate-enhanced-original-soundtrack)"",""khinsider_album_kind"":""official_or_gamerip"",""khinsider_album_match_score"":100.0,""relevance_score_100"":100.0,""popularity_score_100"":50.986282507404624,""score_100"":80.39451300296184,""popularity_basis"":""BeatHit master-list game rank plus track position proxy""}"
707,Victory! [Ice Climbers],Unknown credited artist,[],Super Smash Bros. Ultimate Enhanced Original Soundtrack (super-smash-bros.-ultimate-enhanced-original-soundtrack),,,"[""video game soundtrack""]","[""und""]",,,,Super Smash Bros. Ultimate,,,khinsider_track_prominence_proxy,50.986282507404624,score_0_100,,,,80.39451300296184,,,,https://downloads.khinsider.com/game-soundtracks/album/super-smash-bros.-ultimate-enhanced-original-soundtrack,2026-10-05,Track title is taken from KHInsider's soundtrack/gamerip album index. Popularity is an explicitly labelled proxy based on BeatHit game rank and track prominence.,"{""culture_category"":""video_game_music"",""video_game"":""Super Smash Bros. Ultimate"",""game_rank"":41,""game_association_kind"":""khinsider_game_soundtrack"",""khinsider_album_url"":""https://downloads.khinsider.com/game-soundtracks/album/super-smash-bros.-ultimate-enhanced-original-soundtrack"",""khinsider_album_title"":""Super Smash Bros. Ultimate Enhanced Original Soundtrack (super-smash-bros.-ultimate-enhanced-original-soundtrack)"",""khinsider_album_kind"":""official_or_gamerip"",""khinsider_album_match_score"":100.0,""relevance_score_100"":100.0,""popularity_score_100"":50.986282507404624,""score_100"":80.39451300296184,""popularity_basis"":""BeatHit master-list game rank plus track position proxy""}"
708,Light Plane [Pilotwings],Unknown credited artist,[],Super Smash Bros. Ultimate Enhanced Original Soundtrack (super-smash-bros.-ultimate-enhanced-original-soundtrack),,,"[""video game soundtrack""]","[""und""]",,,,Super Smash Bros. Ultimate,,,khinsider_track_prominence_proxy,50.986282507404624,score_0_100,,,,80.39451300296184,,,,https://downloads.khinsider.com/game-soundtracks/album/super-smash-bros.-ultimate-enhanced-original-soundtrack,2026-10-05,Track title is taken from KHInsider's soundtrack/gamerip album index. Popularity is an explicitly labelled proxy based on BeatHit game rank and track prominence.,"{""culture_category"":""video_game_music"",""video_game"":""Super Smash Bros. Ultimate"",""game_rank"":41,""game_association_kind"":""khinsider_game_soundtrack"",""khinsider_album_url"":""https://downloads.khinsider.com/game-soundtracks/album/super-smash-bros.-ultimate-enhanced-original-soundtrack"",""khinsider_album_title"":""Super Smash Bros. Ultimate Enhanced Original Soundtrack (super-smash-bros.-ultimate-enhanced-original-soundtrack)"",""khinsider_album_kind"":""official_or_gamerip"",""khinsider_album_match_score"":100.0,""relevance_score_100"":100.0,""popularity_score_100"":50.986282507404624,""score_100"":80.39451300296184,""popularity_basis"":""BeatHit master-list game rank plus track position proxy""}"
709,Electroplankton,Unknown credited artist,[],Super Smash Bros. Ultimate Enhanced Original Soundtrack (super-smash-bros.-ultimate-enhanced-original-soundtrack),,,"[""video game soundtrack""]","[""und""]",,,,Super Smash Bros. Ultimate,,,khinsider_track_prominence_proxy,50.986282507404624,score_0_100,,,,80.39451300296184,,,,https://downloads.khinsider.com/game-soundtracks/album/super-smash-bros.-ultimate-enhanced-original-soundtrack,2026-10-05,Track title is taken from KHInsider's soundtrack/gamerip album index. Popularity is an explicitly labelled proxy based on BeatHit game rank and track prominence.,"{""culture_category"":""video_game_music"",""video_game"":""Super Smash Bros. Ultimate"",""game_rank"":41,""game_association_kind"":""khinsider_game_soundtrack"",""khinsider_album_url"":""https://downloads.khinsider.com/game-soundtracks/album/super-smash-bros.-ultimate-enhanced-original-soundtrack"",""khinsider_album_title"":""Super Smash Bros. Ultimate Enhanced Original Soundtrack (super-smash-bros.-ultimate-enhanced-original-soundtrack)"",""khinsider_album_kind"":""official_or_gamerip"",""khinsider_album_match_score"":100.0,""relevance_score_100"":100.0,""popularity_score_100"":50.986282507404624,""score_100"":80.39451300296184,""popularity_basis"":""BeatHit master-list game rank plus track position proxy""}"
710,Bathtime Theme [nintendogs],Unknown credited artist,[],Super Smash Bros. Ultimate Enhanced Original Soundtrack (super-smash-bros.-ultimate-enhanced-original-soundtrack),,,"[""video game soundtrack""]","[""und""]",,,,Super Smash Bros. Ultimate,,,khinsider_track_prominence_proxy,50.986282507404624,score_0_100,,,,80.39451300296184,,,,https://downloads.khinsider.com/game-soundtracks/album/super-smash-bros.-ultimate-enhanced-original-soundtrack,2026-10-05,Track title is taken from KHInsider's soundtrack/gamerip album index. Popularity is an explicitly labelled proxy based on BeatHit game rank and track prominence.,"{""culture_category"":""video_game_music"",""video_game"":""Super Smash Bros. Ultimate"",""game_rank"":41,""game_association_kind"":""khinsider_game_soundtrack"",""khinsider_album_url"":""https://downloads.khinsider.com/game-soundtracks/album/super-smash-bros.-ultimate-enhanced-original-soundtrack"",""khinsider_album_title"":""Super Smash Bros. Ultimate Enhanced Original Soundtrack (super-smash-bros.-ultimate-enhanced-original-soundtrack)"",""khinsider_album_kind"":""official_or_gamerip"",""khinsider_album_match_score"":100.0,""relevance_score_100"":100.0,""popularity_score_100"":50.986282507404624,""score_100"":80.39451300296184,""popularity_basis"":""BeatHit master-list game rank plus track position proxy""}"
711,Title Theme - Wii Sports,Unknown credited artist,[],Super Smash Bros. Ultimate Enhanced Original Soundtrack (super-smash-bros.-ultimate-enhanced-original-soundtrack),,,"[""video game soundtrack""]","[""und""]",,,,Super Smash Bros. Ultimate,,,khinsider_track_prominence_proxy,50.986282507404624,score_0_100,,,,80.39451300296184,,,,https://downloads.khinsider.com/game-soundtracks/album/super-smash-bros.-ultimate-enhanced-original-soundtrack,2026-10-05,Track title is taken from KHInsider's soundtrack/gamerip album index. Popularity is an explicitly labelled proxy based on BeatHit game rank and track prominence.,"{""culture_category"":""video_game_music"",""video_game"":""Super Smash Bros. Ultimate"",""game_rank"":41,""game_association_kind"":""khinsider_game_soundtrack"",""khinsider_album_url"":""https://downloads.khinsider.com/game-soundtracks/album/super-smash-bros.-ultimate-enhanced-original-soundtrack"",""khinsider_album_title"":""Super Smash Bros. Ultimate Enhanced Original Soundtrack (super-smash-bros.-ultimate-enhanced-original-soundtrack)"",""khinsider_album_kind"":""official_or_gamerip"",""khinsider_album_match_score"":100.0,""relevance_score_100"":100.0,""popularity_score_100"":50.986282507404624,""score_100"":80.39451300296184,""popularity_basis"":""BeatHit master-list game rank plus track position proxy""}"
712,Title Theme - Wii Sports Club,Unknown credited artist,[],Super Smash Bros. Ultimate Enhanced Original Soundtrack (super-smash-bros.-ultimate-enhanced-original-soundtrack),,,"[""video game soundtrack""]","[""und""]",,,,Super Smash Bros. Ultimate,,,khinsider_track_prominence_proxy,50.986282507404624,score_0_100,,,,80.39451300296184,,,,https://downloads.khinsider.com/game-soundtracks/album/super-smash-bros.-ultimate-enhanced-original-soundtrack,2026-10-05,Track title is taken from KHInsider's soundtrack/gamerip album index. Popularity is an explicitly labelled proxy based on BeatHit game rank and track prominence.,"{""culture_category"":""video_game_music"",""video_game"":""Super Smash Bros. Ultimate"",""game_rank"":41,""game_association_kind"":""khinsider_game_soundtrack"",""khinsider_album_url"":""https://downloads.khinsider.com/game-soundtracks/album/super-smash-bros.-ultimate-enhanced-original-soundtrack"",""khinsider_album_title"":""Super Smash Bros. Ultimate Enhanced Original Soundtrack (super-smash-bros.-ultimate-enhanced-original-soundtrack)"",""khinsider_album_kind"":""official_or_gamerip"",""khinsider_album_match_score"":100.0,""relevance_score_100"":100.0,""popularity_score_100"":50.986282507404624,""score_100"":80.39451300296184,""popularity_basis"":""BeatHit master-list game rank plus track position proxy""}"
713,Afternoon on the Island [Tomodachi Life],Unknown credited artist,[],Super Smash Bros. Ultimate Enhanced Original Soundtrack (super-smash-bros.-ultimate-enhanced-original-soundtrack),,,"[""video game soundtrack""]","[""und""]",,,,Super Smash Bros. Ultimate,,,khinsider_track_prominence_proxy,50.986282507404624,score_0_100,,,,80.39451300296184,,,,https://downloads.khinsider.com/game-soundtracks/album/super-smash-bros.-ultimate-enhanced-original-soundtrack,2026-10-05,Track title is taken from KHInsider's soundtrack/gamerip album index. Popularity is an explicitly labelled proxy based on BeatHit game rank and track prominence.,"{""culture_category"":""video_game_music"",""video_game"":""Super Smash Bros. Ultimate"",""game_rank"":41,""game_association_kind"":""khinsider_game_soundtrack"",""khinsider_album_url"":""https://downloads.khinsider.com/game-soundtracks/album/super-smash-bros.-ultimate-enhanced-original-soundtrack"",""khinsider_album_title"":""Super Smash Bros. Ultimate Enhanced Original Soundtrack (super-smash-bros.-ultimate-enhanced-original-soundtrack)"",""khinsider_album_kind"":""official_or_gamerip"",""khinsider_album_match_score"":100.0,""relevance_score_100"":100.0,""popularity_score_100"":50.986282507404624,""score_100"":80.39451300296184,""popularity_basis"":""BeatHit master-list game rank plus track position proxy""}"
714,Find Mii  Find Mii II Medley,Unknown credited artist,[],Super Smash Bros. Ultimate Enhanced Original Soundtrack (super-smash-bros.-ultimate-enhanced-original-soundtrack),,,"[""video game soundtrack""]","[""und""]",,,,Super Smash Bros. Ultimate,,,khinsider_track_prominence_proxy,50.986282507404624,score_0_100,,,,80.39451300296184,,,,https://downloads.khinsider.com/game-soundtracks/album/super-smash-bros.-ultimate-enhanced-original-soundtrack,2026-10-05,Track title is taken from KHInsider's soundtrack/gamerip album index. Popularity is an explicitly labelled proxy based on BeatHit game rank and track prominence.,"{""culture_category"":""video_game_music"",""video_game"":""Super Smash Bros. Ultimate"",""game_rank"":41,""game_association_kind"":""khinsider_game_soundtrack"",""khinsider_album_url"":""https://downloads.khinsider.com/game-soundtracks/album/super-smash-bros.-ultimate-enhanced-original-soundtrack"",""khinsider_album_title"":""Super Smash Bros. Ultimate Enhanced Original Soundtrack (super-smash-bros.-ultimate-enhanced-original-soundtrack)"",""khinsider_album_kind"":""official_or_gamerip"",""khinsider_album_match_score"":100.0,""relevance_score_100"":100.0,""popularity_score_100"":50.986282507404624,""score_100"":80.39451300296184,""popularity_basis"":""BeatHit master-list game rank plus track position proxy""}"
715,Victory! [Mii Fighter],Unknown credited artist,[],Super Smash Bros. Ultimate Enhanced Original Soundtrack (super-smash-bros.-ultimate-enhanced-original-soundtrack),,,"[""video game soundtrack""]","[""und""]",,,,Super Smash Bros. Ultimate,,,khinsider_track_prominence_proxy,50.986282507404624,score_0_100,,,,80.39451300296184,,,,https://downloads.khinsider.com/game-soundtracks/album/super-smash-bros.-ultimate-enhanced-original-soundtrack,2026-10-05,Track title is taken from KHInsider's soundtrack/gamerip album index. Popularity is an explicitly labelled proxy based on BeatHit game rank and track prominence.,"{""culture_category"":""video_game_music"",""video_game"":""Super Smash Bros. Ultimate"",""game_rank"":41,""game_association_kind"":""khinsider_game_soundtrack"",""khinsider_album_url"":""https://downloads.khinsider.com/game-soundtracks/album/super-smash-bros.-ultimate-enhanced-original-soundtrack"",""khinsider_album_title"":""Super Smash Bros. Ultimate Enhanced Original Soundtrack (super-smash-bros.-ultimate-enhanced-original-soundtrack)"",""khinsider_album_kind"":""official_or_gamerip"",""khinsider_album_match_score"":100.0,""relevance_score_100"":100.0,""popularity_score_100"":50.986282507404624,""score_100"":80.39451300296184,""popularity_basis"":""BeatHit master-list game rank plus track position proxy""}"
716,Trouble Brewing II [Code Name S.T.E.A.M.],Unknown credited artist,[],Super Smash Bros. Ultimate Enhanced Original Soundtrack (super-smash-bros.-ultimate-enhanced-original-soundtrack),,,"[""video game soundtrack""]","[""und""]",,,,Super Smash Bros. Ultimate,,,khinsider_track_prominence_proxy,50.986282507404624,score_0_100,,,,80.39451300296184,,,,https://downloads.khinsider.com/game-soundtracks/album/super-smash-bros.-ultimate-enhanced-original-soundtrack,2026-10-05,Track title is taken from KHInsider's soundtrack/gamerip album index. Popularity is an explicitly labelled proxy based on BeatHit game rank and track prominence.,"{""culture_category"":""video_game_music"",""video_game"":""Super Smash Bros. Ultimate"",""game_rank"":41,""game_association_kind"":""khinsider_game_soundtrack"",""khinsider_album_url"":""https://downloads.khinsider.com/game-soundtracks/album/super-smash-bros.-ultimate-enhanced-original-soundtrack"",""khinsider_album_title"":""Super Smash Bros. Ultimate Enhanced Original Soundtrack (super-smash-bros.-ultimate-enhanced-original-soundtrack)"",""khinsider_album_kind"":""official_or_gamerip"",""khinsider_album_match_score"":100.0,""relevance_score_100"":100.0,""popularity_score_100"":50.986282507404624,""score_100"":80.39451300296184,""popularity_basis"":""BeatHit master-list game rank plus track position proxy""}"
717,"Noisy Notebook [Snipperclips - Cut it out, together!]",Unknown credited artist,[],Super Smash Bros. Ultimate Enhanced Original Soundtrack (super-smash-bros.-ultimate-enhanced-original-soundtrack),,,"[""video game soundtrack""]","[""und""]",,,,Super Smash Bros. Ultimate,,,khinsider_track_prominence_proxy,50.986282507404624,score_0_100,,,,80.39451300296184,,,,https://downloads.khinsider.com/game-soundtracks/album/super-smash-bros.-ultimate-enhanced-original-soundtrack,2026-10-05,Track title is taken from KHInsider's soundtrack/gamerip album index. Popularity is an explicitly labelled proxy based on BeatHit game rank and track prominence.,"{""culture_category"":""video_game_music"",""video_game"":""Super Smash Bros. Ultimate"",""game_rank"":41,""game_association_kind"":""khinsider_game_soundtrack"",""khinsider_album_url"":""https://downloads.khinsider.com/game-soundtracks/album/super-smash-bros.-ultimate-enhanced-original-soundtrack"",""khinsider_album_title"":""Super Smash Bros. Ultimate Enhanced Original Soundtrack (super-smash-bros.-ultimate-enhanced-original-soundtrack)"",""khinsider_album_kind"":""official_or_gamerip"",""khinsider_album_match_score"":100.0,""relevance_score_100"":100.0,""popularity_score_100"":50.986282507404624,""score_100"":80.39451300296184,""popularity_basis"":""BeatHit master-list game rank plus track position proxy""}"
718,Victory! [Xenoblade],Unknown credited artist,[],Super Smash Bros. Ultimate Enhanced Original Soundtrack (super-smash-bros.-ultimate-enhanced-original-soundtrack),,,"[""video game soundtrack""]","[""und""]",,,,Super Smash Bros. Ultimate,,,khinsider_track_prominence_proxy,50.986282507404624,score_0_100,,,,80.39451300296184,,,,https://downloads.khinsider.com/game-soundtracks/album/super-smash-bros.-ultimate-enhanced-original-soundtrack,2026-10-05,Track title is taken from KHInsider's soundtrack/gamerip album index. Popularity is an explicitly labelled proxy based on BeatHit game rank and track prominence.,"{""culture_category"":""video_game_music"",""video_game"":""Super Smash Bros. Ultimate"",""game_rank"":41,""game_association_kind"":""khinsider_game_soundtrack"",""khinsider_album_url"":""https://downloads.khinsider.com/game-soundtracks/album/super-smash-bros.-ultimate-enhanced-original-soundtrack"",""khinsider_album_title"":""Super Smash Bros. Ultimate Enhanced Original Soundtrack (super-smash-bros.-ultimate-enhanced-original-soundtrack)"",""khinsider_album_kind"":""official_or_gamerip"",""khinsider_album_match_score"":100.0,""relevance_score_100"":100.0,""popularity_score_100"":50.986282507404624,""score_100"":80.39451300296184,""popularity_basis"":""BeatHit master-list game rank plus track position proxy""}"
719,Shop,Unknown credited artist,[],Super Smash Bros. Ultimate Enhanced Original Soundtrack (super-smash-bros.-ultimate-enhanced-original-soundtrack),,,"[""video game soundtrack""]","[""und""]",,,,Super Smash Bros. Ultimate,,,khinsider_track_prominence_proxy,50.986282507404624,score_0_100,,,,80.39451300296184,,,,https://downloads.khinsider.com/game-soundtracks/album/super-smash-bros.-ultimate-enhanced-original-soundtrack,2026-10-05,Track title is taken from KHInsider's soundtrack/gamerip album index. Popularity is an explicitly labelled proxy based on BeatHit game rank and track prominence.,"{""culture_category"":""video_game_music"",""video_game"":""Super Smash Bros. Ultimate"",""game_rank"":41,""game_association_kind"":""khinsider_game_soundtrack"",""khinsider_album_url"":""https://downloads.khinsider.com/game-soundtracks/album/super-smash-bros.-ultimate-enhanced-original-soundtrack"",""khinsider_album_title"":""Super Smash Bros. Ultimate Enhanced Original Soundtrack (super-smash-bros.-ultimate-enhanced-original-soundtrack)"",""khinsider_album_kind"":""official_or_gamerip"",""khinsider_album_match_score"":100.0,""relevance_score_100"":100.0,""popularity_score_100"":50.986282507404624,""score_100"":80.39451300296184,""popularity_basis"":""BeatHit master-list game rank plus track position proxy""}"
720,Vault,Unknown credited artist,[],Super Smash Bros. Ultimate Enhanced Original Soundtrack (super-smash-bros.-ultimate-enhanced-original-soundtrack),,,"[""video game soundtrack""]","[""und""]",,,,Super Smash Bros. Ultimate,,,khinsider_track_prominence_proxy,50.986282507404624,score_0_100,,,,80.39451300296184,,,,https://downloads.khinsider.com/game-soundtracks/album/super-smash-bros.-ultimate-enhanced-original-soundtrack,2026-10-05,Track title is taken from KHInsider's soundtrack/gamerip album index. Popularity is an explicitly labelled proxy based on BeatHit game rank and track prominence.,"{""culture_category"":""video_game_music"",""video_game"":""Super Smash Bros. Ultimate"",""game_rank"":41,""game_association_kind"":""khinsider_game_soundtrack"",""khinsider_album_url"":""https://downloads.khinsider.com/game-soundtracks/album/super-smash-bros.-ultimate-enhanced-original-soundtrack"",""khinsider_album_title"":""Super Smash Bros. Ultimate Enhanced Original Soundtrack (super-smash-bros.-ultimate-enhanced-original-soundtrack)"",""khinsider_album_kind"":""official_or_gamerip"",""khinsider_album_match_score"":100.0,""relevance_score_100"":100.0,""popularity_score_100"":50.986282507404624,""score_100"":80.39451300296184,""popularity_basis"":""BeatHit master-list game rank plus track position proxy""}"
721,How to Play - Super Smash Bros. Melee,Unknown credited artist,[],Super Smash Bros. Ultimate Enhanced Original Soundtrack (super-smash-bros.-ultimate-enhanced-original-soundtrack),,,"[""video game soundtrack""]","[""und""]",,,,Super Smash Bros. Ultimate,,,khinsider_track_prominence_proxy,50.986282507404624,score_0_100,,,,80.39451300296184,,,,https://downloads.khinsider.com/game-soundtracks/album/super-smash-bros.-ultimate-enhanced-original-soundtrack,2026-10-05,Track title is taken from KHInsider's soundtrack/gamerip album index. Popularity is an explicitly labelled proxy based on BeatHit game rank and track prominence.,"{""culture_category"":""video_game_music"",""video_game"":""Super Smash Bros. Ultimate"",""game_rank"":41,""game_association_kind"":""khinsider_game_soundtrack"",""khinsider_album_url"":""https://downloads.khinsider.com/game-soundtracks/album/super-smash-bros.-ultimate-enhanced-original-soundtrack"",""khinsider_album_title"":""Super Smash Bros. Ultimate Enhanced Original Soundtrack (super-smash-bros.-ultimate-enhanced-original-soundtrack)"",""khinsider_album_kind"":""official_or_gamerip"",""khinsider_album_match_score"":100.0,""relevance_score_100"":100.0,""popularity_score_100"":50.986282507404624,""score_100"":80.39451300296184,""popularity_basis"":""BeatHit master-list game rank plus track position proxy""}"
722,Final Destination,Unknown credited artist,[],Super Smash Bros. Ultimate Enhanced Original Soundtrack (super-smash-bros.-ultimate-enhanced-original-soundtrack),,,"[""video game soundtrack""]","[""und""]",,,,Super Smash Bros. Ultimate,,,khinsider_track_prominence_proxy,50.986282507404624,score_0_100,,,,80.39451300296184,,,,https://downloads.khinsider.com/game-soundtracks/album/super-smash-bros.-ultimate-enhanced-original-soundtrack,2026-10-05,Track title is taken from KHInsider's soundtrack/gamerip album index. Popularity is an explicitly labelled proxy based on BeatHit game rank and track prominence.,"{""culture_category"":""video_game_music"",""video_game"":""Super Smash Bros. Ultimate"",""game_rank"":41,""game_association_kind"":""khinsider_game_soundtrack"",""khinsider_album_url"":""https://downloads.khinsider.com/game-soundtracks/album/super-smash-bros.-ultimate-enhanced-original-soundtrack"",""khinsider_album_title"":""Super Smash Bros. Ultimate Enhanced Original Soundtrack (super-smash-bros.-ultimate-enhanced-original-soundtrack)"",""khinsider_album_kind"":""official_or_gamerip"",""khinsider_album_match_score"":100.0,""relevance_score_100"":100.0,""popularity_score_100"":50.986282507404624,""score_100"":80.39451300296184,""popularity_basis"":""BeatHit master-list game rank plus track position proxy""}"
723,The Light Realm Prologue,Unknown credited artist,[],Super Smash Bros. Ultimate Enhanced Original Soundtrack (super-smash-bros.-ultimate-enhanced-original-soundtrack),,,"[""video game soundtrack""]","[""und""]",,,,Super Smash Bros. Ultimate,,,khinsider_track_prominence_proxy,50.986282507404624,score_0_100,,,,80.39451300296184,,,,https://downloads.khinsider.com/game-soundtracks/album/super-smash-bros.-ultimate-enhanced-original-soundtrack,2026-10-05,Track title is taken from KHInsider's soundtrack/gamerip album index. Popularity is an explicitly labelled proxy based on BeatHit game rank and track prominence.,"{""culture_category"":""video_game_music"",""video_game"":""Super Smash Bros. Ultimate"",""game_rank"":41,""game_association_kind"":""khinsider_game_soundtrack"",""khinsider_album_url"":""https://downloads.khinsider.com/game-soundtracks/album/super-smash-bros.-ultimate-enhanced-original-soundtrack"",""khinsider_album_title"":""Super Smash Bros. Ultimate Enhanced Original Soundtrack (super-smash-bros.-ultimate-enhanced-original-soundtrack)"",""khinsider_album_kind"":""official_or_gamerip"",""khinsider_album_match_score"":100.0,""relevance_score_100"":100.0,""popularity_score_100"":50.986282507404624,""score_100"":80.39451300296184,""popularity_basis"":""BeatHit master-list game rank plus track position proxy""}"
724,Free the Spirit!,Unknown credited artist,[],Super Smash Bros. Ultimate Enhanced Original Soundtrack (super-smash-bros.-ultimate-enhanced-original-soundtrack),,,"[""video game soundtrack""]","[""und""]",,,,Super Smash Bros. Ultimate,,,khinsider_track_prominence_proxy,50.986282507404624,score_0_100,,,,80.39451300296184,,,,https://downloads.khinsider.com/game-soundtracks/album/super-smash-bros.-ultimate-enhanced-original-soundtrack,2026-10-05,Track title is taken from KHInsider's soundtrack/gamerip album index. Popularity is an explicitly labelled proxy based on BeatHit game rank and track prominence.,"{""culture_category"":""video_game_music"",""video_game"":""Super Smash Bros. Ultimate"",""game_rank"":41,""game_association_kind"":""khinsider_game_soundtrack"",""khinsider_album_url"":""https://downloads.khinsider.com/game-soundtracks/album/super-smash-bros.-ultimate-enhanced-original-soundtrack"",""khinsider_album_title"":""Super Smash Bros. Ultimate Enhanced Original Soundtrack (super-smash-bros.-ultimate-enhanced-original-soundtrack)"",""khinsider_album_kind"":""official_or_gamerip"",""khinsider_album_match_score"":100.0,""relevance_score_100"":100.0,""popularity_score_100"":50.986282507404624,""score_100"":80.39451300296184,""popularity_basis"":""BeatHit master-list game rank plus track position proxy""}"
725,Spirits Collection,Unknown credited artist,[],Super Smash Bros. Ultimate Enhanced Original Soundtrack (super-smash-bros.-ultimate-enhanced-original-soundtrack),,,"[""video game soundtrack""]","[""und""]",,,,Super Smash Bros. Ultimate,,,khinsider_track_prominence_proxy,50.986282507404624,score_0_100,,,,80.39451300296184,,,,https://downloads.khinsider.com/game-soundtracks/album/super-smash-bros.-ultimate-enhanced-original-soundtrack,2026-10-05,Track title is taken from KHInsider's soundtrack/gamerip album index. Popularity is an explicitly labelled proxy based on BeatHit game rank and track prominence.,"{""culture_category"":""video_game_music"",""video_game"":""Super Smash Bros. Ultimate"",""game_rank"":41,""game_association_kind"":""khinsider_game_soundtrack"",""khinsider_album_url"":""https://downloads.khinsider.com/game-soundtracks/album/super-smash-bros.-ultimate-enhanced-original-soundtrack"",""khinsider_album_title"":""Super Smash Bros. Ultimate Enhanced Original Soundtrack (super-smash-bros.-ultimate-enhanced-original-soundtrack)"",""khinsider_album_kind"":""official_or_gamerip"",""khinsider_album_match_score"":100.0,""relevance_score_100"":100.0,""popularity_score_100"":50.986282507404624,""score_100"":80.39451300296184,""popularity_basis"":""BeatHit master-list game rank plus track position proxy""}"
726,The Light Realm March,Unknown credited artist,[],Super Smash Bros. Ultimate Enhanced Original Soundtrack (super-smash-bros.-ultimate-enhanced-original-soundtrack),,,"[""video game soundtrack""]","[""und""]",,,,Super Smash Bros. Ultimate,,,khinsider_track_prominence_proxy,50.986282507404624,score_0_100,,,,80.39451300296184,,,,https://downloads.khinsider.com/game-soundtracks/album/super-smash-bros.-ultimate-enhanced-original-soundtrack,2026-10-05,Track title is taken from KHInsider's soundtrack/gamerip album index. Popularity is an explicitly labelled proxy based on BeatHit game rank and track prominence.,"{""culture_category"":""video_game_music"",""video_game"":""Super Smash Bros. Ultimate"",""game_rank"":41,""game_association_kind"":""khinsider_game_soundtrack"",""khinsider_album_url"":""https://downloads.khinsider.com/game-soundtracks/album/super-smash-bros.-ultimate-enhanced-original-soundtrack"",""khinsider_album_title"":""Super Smash Bros. Ultimate Enhanced Original Soundtrack (super-smash-bros.-ultimate-enhanced-original-soundtrack)"",""khinsider_album_kind"":""official_or_gamerip"",""khinsider_album_match_score"":100.0,""relevance_score_100"":100.0,""popularity_score_100"":50.986282507404624,""score_100"":80.39451300296184,""popularity_basis"":""BeatHit master-list game rank plus track position proxy""}"
727,Master Hand,Unknown credited artist,[],Super Smash Bros. Ultimate Enhanced Original Soundtrack (super-smash-bros.-ultimate-enhanced-original-soundtrack),,,"[""video game soundtrack""]","[""und""]",,,,Super Smash Bros. Ultimate,,,khinsider_track_prominence_proxy,50.986282507404624,score_0_100,,,,80.39451300296184,,,,https://downloads.khinsider.com/game-soundtracks/album/super-smash-bros.-ultimate-enhanced-original-soundtrack,2026-10-05,Track title is taken from KHInsider's soundtrack/gamerip album index. Popularity is an explicitly labelled proxy based on BeatHit game rank and track prominence.,"{""culture_category"":""video_game_music"",""video_game"":""Super Smash Bros. Ultimate"",""game_rank"":41,""game_association_kind"":""khinsider_game_soundtrack"",""khinsider_album_url"":""https://downloads.khinsider.com/game-soundtracks/album/super-smash-bros.-ultimate-enhanced-original-soundtrack"",""khinsider_album_title"":""Super Smash Bros. Ultimate Enhanced Original Soundtrack (super-smash-bros.-ultimate-enhanced-original-soundtrack)"",""khinsider_album_kind"":""official_or_gamerip"",""khinsider_album_match_score"":100.0,""relevance_score_100"":100.0,""popularity_score_100"":50.986282507404624,""score_100"":80.39451300296184,""popularity_basis"":""BeatHit master-list game rank plus track position proxy""}"
728,Spirits InventoryItems,Unknown credited artist,[],Super Smash Bros. Ultimate Enhanced Original Soundtrack (super-smash-bros.-ultimate-enhanced-original-soundtrack),,,"[""video game soundtrack""]","[""und""]",,,,Super Smash Bros. Ultimate,,,khinsider_track_prominence_proxy,50.986282507404624,score_0_100,,,,80.39451300296184,,,,https://downloads.khinsider.com/game-soundtracks/album/super-smash-bros.-ultimate-enhanced-original-soundtrack,2026-10-05,Track title is taken from KHInsider's soundtrack/gamerip album index. Popularity is an explicitly labelled proxy based on BeatHit game rank and track prominence.,"{""culture_category"":""video_game_music"",""video_game"":""Super Smash Bros. Ultimate"",""game_rank"":41,""game_association_kind"":""khinsider_game_soundtrack"",""khinsider_album_url"":""https://downloads.khinsider.com/game-soundtracks/album/super-smash-bros.-ultimate-enhanced-original-soundtrack"",""khinsider_album_title"":""Super Smash Bros. Ultimate Enhanced Original Soundtrack (super-smash-bros.-ultimate-enhanced-original-soundtrack)"",""khinsider_album_kind"":""official_or_gamerip"",""khinsider_album_match_score"":100.0,""relevance_score_100"":100.0,""popularity_score_100"":50.986282507404624,""score_100"":80.39451300296184,""popularity_basis"":""BeatHit master-list game rank plus track position proxy""}"
729,Spirits Spirit Enhanced!,Unknown credited artist,[],Super Smash Bros. Ultimate Enhanced Original Soundtrack (super-smash-bros.-ultimate-enhanced-original-soundtrack),,,"[""video game soundtrack""]","[""und""]",,,,Super Smash Bros. Ultimate,,,khinsider_track_prominence_proxy,50.986282507404624,score_0_100,,,,80.39451300296184,,,,https://downloads.khinsider.com/game-soundtracks/album/super-smash-bros.-ultimate-enhanced-original-soundtrack,2026-10-05,Track title is taken from KHInsider's soundtrack/gamerip album index. Popularity is an explicitly labelled proxy based on BeatHit game rank and track prominence.,"{""culture_category"":""video_game_music"",""video_game"":""Super Smash Bros. Ultimate"",""game_rank"":41,""game_association_kind"":""khinsider_game_soundtrack"",""khinsider_album_url"":""https://downloads.khinsider.com/game-soundtracks/album/super-smash-bros.-ultimate-enhanced-original-soundtrack"",""khinsider_album_title"":""Super Smash Bros. Ultimate Enhanced Original Soundtrack (super-smash-bros.-ultimate-enhanced-original-soundtrack)"",""khinsider_album_kind"":""official_or_gamerip"",""khinsider_album_match_score"":100.0,""relevance_score_100"":100.0,""popularity_score_100"":50.986282507404624,""score_100"":80.39451300296184,""popularity_basis"":""BeatHit master-list game rank plus track position proxy""}"
730,The Light Realm Base,Unknown credited artist,[],Super Smash Bros. Ultimate Enhanced Original Soundtrack (super-smash-bros.-ultimate-enhanced-original-soundtrack),,,"[""video game soundtrack""]","[""und""]",,,,Super Smash Bros. Ultimate,,,khinsider_track_prominence_proxy,50.986282507404624,score_0_100,,,,80.39451300296184,,,,https://downloads.khinsider.com/game-soundtracks/album/super-smash-bros.-ultimate-enhanced-original-soundtrack,2026-10-05,Track title is taken from KHInsider's soundtrack/gamerip album index. Popularity is an explicitly labelled proxy based on BeatHit game rank and track prominence.,"{""culture_category"":""video_game_music"",""video_game"":""Super Smash Bros. Ultimate"",""game_rank"":41,""game_association_kind"":""khinsider_game_soundtrack"",""khinsider_album_url"":""https://downloads.khinsider.com/game-soundtracks/album/super-smash-bros.-ultimate-enhanced-original-soundtrack"",""khinsider_album_title"":""Super Smash Bros. Ultimate Enhanced Original Soundtrack (super-smash-bros.-ultimate-enhanced-original-soundtrack)"",""khinsider_album_kind"":""official_or_gamerip"",""khinsider_album_match_score"":100.0,""relevance_score_100"":100.0,""popularity_score_100"":50.986282507404624,""score_100"":80.39451300296184,""popularity_basis"":""BeatHit master-list game rank plus track position proxy""}"
731,Galeem,Unknown credited artist,[],Super Smash Bros. Ultimate Enhanced Original Soundtrack (super-smash-bros.-ultimate-enhanced-original-soundtrack),,,"[""video game soundtrack""]","[""und""]",,,,Super Smash Bros. Ultimate,,,khinsider_track_prominence_proxy,50.986282507404624,score_0_100,,,,80.39451300296184,,,,https://downloads.khinsider.com/game-soundtracks/album/super-smash-bros.-ultimate-enhanced-original-soundtrack,2026-10-05,Track title is taken from KHInsider's soundtrack/gamerip album index. Popularity is an explicitly labelled proxy based on BeatHit game rank and track prominence.,"{""culture_category"":""video_game_music"",""video_game"":""Super Smash Bros. Ultimate"",""game_rank"":41,""game_association_kind"":""khinsider_game_soundtrack"",""khinsider_album_url"":""https://downloads.khinsider.com/game-soundtracks/album/super-smash-bros.-ultimate-enhanced-original-soundtrack"",""khinsider_album_title"":""Super Smash Bros. Ultimate Enhanced Original Soundtrack (super-smash-bros.-ultimate-enhanced-original-soundtrack)"",""khinsider_album_kind"":""official_or_gamerip"",""khinsider_album_match_score"":100.0,""relevance_score_100"":100.0,""popularity_score_100"":50.986282507404624,""score_100"":80.39451300296184,""popularity_basis"":""BeatHit master-list game rank plus track position proxy""}"
732,The Dark Realm,Unknown credited artist,[],Super Smash Bros. Ultimate Enhanced Original Soundtrack (super-smash-bros.-ultimate-enhanced-original-soundtrack),,,"[""video game soundtrack""]","[""und""]",,,,Super Smash Bros. Ultimate,,,khinsider_track_prominence_proxy,50.986282507404624,score_0_100,,,,80.39451300296184,,,,https://downloads.khinsider.com/game-soundtracks/album/super-smash-bros.-ultimate-enhanced-original-soundtrack,2026-10-05,Track title is taken from KHInsider's soundtrack/gamerip album index. Popularity is an explicitly labelled proxy based on BeatHit game rank and track prominence.,"{""culture_category"":""video_game_music"",""video_game"":""Super Smash Bros. Ultimate"",""game_rank"":41,""game_association_kind"":""khinsider_game_soundtrack"",""khinsider_album_url"":""https://downloads.khinsider.com/game-soundtracks/album/super-smash-bros.-ultimate-enhanced-original-soundtrack"",""khinsider_album_title"":""Super Smash Bros. Ultimate Enhanced Original Soundtrack (super-smash-bros.-ultimate-enhanced-original-soundtrack)"",""khinsider_album_kind"":""official_or_gamerip"",""khinsider_album_match_score"":100.0,""relevance_score_100"":100.0,""popularity_score_100"":50.986282507404624,""score_100"":80.39451300296184,""popularity_basis"":""BeatHit master-list game rank plus track position proxy""}"
733,Crazy Hand,Unknown credited artist,[],Super Smash Bros. Ultimate Enhanced Original Soundtrack (super-smash-bros.-ultimate-enhanced-original-soundtrack),,,"[""video game soundtrack""]","[""und""]",,,,Super Smash Bros. Ultimate,,,khinsider_track_prominence_proxy,50.986282507404624,score_0_100,,,,80.39451300296184,,,,https://downloads.khinsider.com/game-soundtracks/album/super-smash-bros.-ultimate-enhanced-original-soundtrack,2026-10-05,Track title is taken from KHInsider's soundtrack/gamerip album index. Popularity is an explicitly labelled proxy based on BeatHit game rank and track prominence.,"{""culture_category"":""video_game_music"",""video_game"":""Super Smash Bros. Ultimate"",""game_rank"":41,""game_association_kind"":""khinsider_game_soundtrack"",""khinsider_album_url"":""https://downloads.khinsider.com/game-soundtracks/album/super-smash-bros.-ultimate-enhanced-original-soundtrack"",""khinsider_album_title"":""Super Smash Bros. Ultimate Enhanced Original Soundtrack (super-smash-bros.-ultimate-enhanced-original-soundtrack)"",""khinsider_album_kind"":""official_or_gamerip"",""khinsider_album_match_score"":100.0,""relevance_score_100"":100.0,""popularity_score_100"":50.986282507404624,""score_100"":80.39451300296184,""popularity_basis"":""BeatHit master-list game rank plus track position proxy""}"
734,The Dark Realm The Mysterious Space,Unknown credited artist,[],Super Smash Bros. Ultimate Enhanced Original Soundtrack (super-smash-bros.-ultimate-enhanced-original-soundtrack),,,"[""video game soundtrack""]","[""und""]",,,,Super Smash Bros. Ultimate,,,khinsider_track_prominence_proxy,50.986282507404624,score_0_100,,,,80.39451300296184,,,,https://downloads.khinsider.com/game-soundtracks/album/super-smash-bros.-ultimate-enhanced-original-soundtrack,2026-10-05,Track title is taken from KHInsider's soundtrack/gamerip album index. Popularity is an explicitly labelled proxy based on BeatHit game rank and track prominence.,"{""culture_category"":""video_game_music"",""video_game"":""Super Smash Bros. Ultimate"",""game_rank"":41,""game_association_kind"":""khinsider_game_soundtrack"",""khinsider_album_url"":""https://downloads.khinsider.com/game-soundtracks/album/super-smash-bros.-ultimate-enhanced-original-soundtrack"",""khinsider_album_title"":""Super Smash Bros. Ultimate Enhanced Original Soundtrack (super-smash-bros.-ultimate-enhanced-original-soundtrack)"",""khinsider_album_kind"":""official_or_gamerip"",""khinsider_album_match_score"":100.0,""relevance_score_100"":100.0,""popularity_score_100"":50.986282507404624,""score_100"":80.39451300296184,""popularity_basis"":""BeatHit master-list game rank plus track position proxy""}"
735,Dharkon,Unknown credited artist,[],Super Smash Bros. Ultimate Enhanced Original Soundtrack (super-smash-bros.-ultimate-enhanced-original-soundtrack),,,"[""video game soundtrack""]","[""und""]",,,,Super Smash Bros. Ultimate,,,khinsider_track_prominence_proxy,50.986282507404624,score_0_100,,,,80.39451300296184,,,,https://downloads.khinsider.com/game-soundtracks/album/super-smash-bros.-ultimate-enhanced-original-soundtrack,2026-10-05,Track title is taken from KHInsider's soundtrack/gamerip album index. Popularity is an explicitly labelled proxy based on BeatHit game rank and track prominence.,"{""culture_category"":""video_game_music"",""video_game"":""Super Smash Bros. Ultimate"",""game_rank"":41,""game_association_kind"":""khinsider_game_soundtrack"",""khinsider_album_url"":""https://downloads.khinsider.com/game-soundtracks/album/super-smash-bros.-ultimate-enhanced-original-soundtrack"",""khinsider_album_title"":""Super Smash Bros. Ultimate Enhanced Original Soundtrack (super-smash-bros.-ultimate-enhanced-original-soundtrack)"",""khinsider_album_kind"":""official_or_gamerip"",""khinsider_album_match_score"":100.0,""relevance_score_100"":100.0,""popularity_score_100"":50.986282507404624,""score_100"":80.39451300296184,""popularity_basis"":""BeatHit master-list game rank plus track position proxy""}"
736,The Final Battle,Unknown credited artist,[],Super Smash Bros. Ultimate Enhanced Original Soundtrack (super-smash-bros.-ultimate-enhanced-original-soundtrack),,,"[""video game soundtrack""]","[""und""]",,,,Super Smash Bros. Ultimate,,,khinsider_track_prominence_proxy,50.986282507404624,score_0_100,,,,80.39451300296184,,,,https://downloads.khinsider.com/game-soundtracks/album/super-smash-bros.-ultimate-enhanced-original-soundtrack,2026-10-05,Track title is taken from KHInsider's soundtrack/gamerip album index. Popularity is an explicitly labelled proxy based on BeatHit game rank and track prominence.,"{""culture_category"":""video_game_music"",""video_game"":""Super Smash Bros. Ultimate"",""game_rank"":41,""game_association_kind"":""khinsider_game_soundtrack"",""khinsider_album_url"":""https://downloads.khinsider.com/game-soundtracks/album/super-smash-bros.-ultimate-enhanced-original-soundtrack"",""khinsider_album_title"":""Super Smash Bros. Ultimate Enhanced Original Soundtrack (super-smash-bros.-ultimate-enhanced-original-soundtrack)"",""khinsider_album_kind"":""official_or_gamerip"",""khinsider_album_match_score"":100.0,""relevance_score_100"":100.0,""popularity_score_100"":50.986282507404624,""score_100"":80.39451300296184,""popularity_basis"":""BeatHit master-list game rank plus track position proxy""}"
737,The Final Battle After the Transformation,Unknown credited artist,[],Super Smash Bros. Ultimate Enhanced Original Soundtrack (super-smash-bros.-ultimate-enhanced-original-soundtrack),,,"[""video game soundtrack""]","[""und""]",,,,Super Smash Bros. Ultimate,,,khinsider_track_prominence_proxy,50.986282507404624,score_0_100,,,,80.39451300296184,,,,https://downloads.khinsider.com/game-soundtracks/album/super-smash-bros.-ultimate-enhanced-original-soundtrack,2026-10-05,Track title is taken from KHInsider's soundtrack/gamerip album index. Popularity is an explicitly labelled proxy based on BeatHit game rank and track prominence.,"{""culture_category"":""video_game_music"",""video_game"":""Super Smash Bros. Ultimate"",""game_rank"":41,""game_association_kind"":""khinsider_game_soundtrack"",""khinsider_album_url"":""https://downloads.khinsider.com/game-soundtracks/album/super-smash-bros.-ultimate-enhanced-original-soundtrack"",""khinsider_album_title"":""Super Smash Bros. Ultimate Enhanced Original Soundtrack (super-smash-bros.-ultimate-enhanced-original-soundtrack)"",""khinsider_album_kind"":""official_or_gamerip"",""khinsider_album_match_score"":100.0,""relevance_score_100"":100.0,""popularity_score_100"":50.986282507404624,""score_100"":80.39451300296184,""popularity_basis"":""BeatHit master-list game rank plus track position proxy""}"
738,GaleemDharkon,Unknown credited artist,[],Super Smash Bros. Ultimate Enhanced Original Soundtrack (super-smash-bros.-ultimate-enhanced-original-soundtrack),,,"[""video game soundtrack""]","[""und""]",,,,Super Smash Bros. Ultimate,,,khinsider_track_prominence_proxy,50.986282507404624,score_0_100,,,,80.39451300296184,,,,https://downloads.khinsider.com/game-soundtracks/album/super-smash-bros.-ultimate-enhanced-original-soundtrack,2026-10-05,Track title is taken from KHInsider's soundtrack/gamerip album index. Popularity is an explicitly labelled proxy based on BeatHit game rank and track prominence.,"{""culture_category"":""video_game_music"",""video_game"":""Super Smash Bros. Ultimate"",""game_rank"":41,""game_association_kind"":""khinsider_game_soundtrack"",""khinsider_album_url"":""https://downloads.khinsider.com/game-soundtracks/album/super-smash-bros.-ultimate-enhanced-original-soundtrack"",""khinsider_album_title"":""Super Smash Bros. Ultimate Enhanced Original Soundtrack (super-smash-bros.-ultimate-enhanced-original-soundtrack)"",""khinsider_album_kind"":""official_or_gamerip"",""khinsider_album_match_score"":100.0,""relevance_score_100"":100.0,""popularity_score_100"":50.986282507404624,""score_100"":80.39451300296184,""popularity_basis"":""BeatHit master-list game rank plus track position proxy""}"
739,Main Theme Piano Solo,Unknown credited artist,[],Super Smash Bros. Ultimate Enhanced Original Soundtrack (super-smash-bros.-ultimate-enhanced-original-soundtrack),,,"[""video game soundtrack""]","[""und""]",,,,Super Smash Bros. Ultimate,,,khinsider_track_prominence_proxy,50.986282507404624,score_0_100,,,,80.39451300296184,,,,https://downloads.khinsider.com/game-soundtracks/album/super-smash-bros.-ultimate-enhanced-original-soundtrack,2026-10-05,Track title is taken from KHInsider's soundtrack/gamerip album index. Popularity is an explicitly labelled proxy based on BeatHit game rank and track prominence.,"{""culture_category"":""video_game_music"",""video_game"":""Super Smash Bros. Ultimate"",""game_rank"":41,""game_association_kind"":""khinsider_game_soundtrack"",""khinsider_album_url"":""https://downloads.khinsider.com/game-soundtracks/album/super-smash-bros.-ultimate-enhanced-original-soundtrack"",""khinsider_album_title"":""Super Smash Bros. Ultimate Enhanced Original Soundtrack (super-smash-bros.-ultimate-enhanced-original-soundtrack)"",""khinsider_album_kind"":""official_or_gamerip"",""khinsider_album_match_score"":100.0,""relevance_score_100"":100.0,""popularity_score_100"":50.986282507404624,""score_100"":80.39451300296184,""popularity_basis"":""BeatHit master-list game rank plus track position proxy""}"
740,Beneath the Mask [Persona 5],Unknown credited artist,[],Super Smash Bros. Ultimate Enhanced Original Soundtrack (super-smash-bros.-ultimate-enhanced-original-soundtrack),,,"[""video game soundtrack""]","[""und""]",,,,Super Smash Bros. Ultimate,,,khinsider_track_prominence_proxy,50.986282507404624,score_0_100,,,,80.39451300296184,,,,https://downloads.khinsider.com/game-soundtracks/album/super-smash-bros.-ultimate-enhanced-original-soundtrack,2026-10-05,Track title is taken from KHInsider's soundtrack/gamerip album index. Popularity is an explicitly labelled proxy based on BeatHit game rank and track prominence.,"{""culture_category"":""video_game_music"",""video_game"":""Super Smash Bros. Ultimate"",""game_rank"":41,""game_association_kind"":""khinsider_game_soundtrack"",""khinsider_album_url"":""https://downloads.khinsider.com/game-soundtracks/album/super-smash-bros.-ultimate-enhanced-original-soundtrack"",""khinsider_album_title"":""Super Smash Bros. Ultimate Enhanced Original Soundtrack (super-smash-bros.-ultimate-enhanced-original-soundtrack)"",""khinsider_album_kind"":""official_or_gamerip"",""khinsider_album_match_score"":100.0,""relevance_score_100"":100.0,""popularity_score_100"":50.986282507404624,""score_100"":80.39451300296184,""popularity_basis"":""BeatHit master-list game rank plus track position proxy""}"
741,I'll Face Myself [Persona 4],Unknown credited artist,[],Super Smash Bros. Ultimate Enhanced Original Soundtrack (super-smash-bros.-ultimate-enhanced-original-soundtrack),,,"[""video game soundtrack""]","[""und""]",,,,Super Smash Bros. Ultimate,,,khinsider_track_prominence_proxy,50.986282507404624,score_0_100,,,,80.39451300296184,,,,https://downloads.khinsider.com/game-soundtracks/album/super-smash-bros.-ultimate-enhanced-original-soundtrack,2026-10-05,Track title is taken from KHInsider's soundtrack/gamerip album index. Popularity is an explicitly labelled proxy based on BeatHit game rank and track prominence.,"{""culture_category"":""video_game_music"",""video_game"":""Super Smash Bros. Ultimate"",""game_rank"":41,""game_association_kind"":""khinsider_game_soundtrack"",""khinsider_album_url"":""https://downloads.khinsider.com/game-soundtracks/album/super-smash-bros.-ultimate-enhanced-original-soundtrack"",""khinsider_album_title"":""Super Smash Bros. Ultimate Enhanced Original Soundtrack (super-smash-bros.-ultimate-enhanced-original-soundtrack)"",""khinsider_album_kind"":""official_or_gamerip"",""khinsider_album_match_score"":100.0,""relevance_score_100"":100.0,""popularity_score_100"":50.986282507404624,""score_100"":80.39451300296184,""popularity_basis"":""BeatHit master-list game rank plus track position proxy""}"
742,Aria of the Soul [Revelations Persona],Unknown credited artist,[],Super Smash Bros. Ultimate Enhanced Original Soundtrack (super-smash-bros.-ultimate-enhanced-original-soundtrack),,,"[""video game soundtrack""]","[""und""]",,,,Super Smash Bros. Ultimate,,,khinsider_track_prominence_proxy,50.986282507404624,score_0_100,,,,80.39451300296184,,,,https://downloads.khinsider.com/game-soundtracks/album/super-smash-bros.-ultimate-enhanced-original-soundtrack,2026-10-05,Track title is taken from KHInsider's soundtrack/gamerip album index. Popularity is an explicitly labelled proxy based on BeatHit game rank and track prominence.,"{""culture_category"":""video_game_music"",""video_game"":""Super Smash Bros. Ultimate"",""game_rank"":41,""game_association_kind"":""khinsider_game_soundtrack"",""khinsider_album_url"":""https://downloads.khinsider.com/game-soundtracks/album/super-smash-bros.-ultimate-enhanced-original-soundtrack"",""khinsider_album_title"":""Super Smash Bros. Ultimate Enhanced Original Soundtrack (super-smash-bros.-ultimate-enhanced-original-soundtrack)"",""khinsider_album_kind"":""official_or_gamerip"",""khinsider_album_match_score"":100.0,""relevance_score_100"":100.0,""popularity_score_100"":50.986282507404624,""score_100"":80.39451300296184,""popularity_basis"":""BeatHit master-list game rank plus track position proxy""}"
743,Victory! [Hero],Unknown credited artist,[],Super Smash Bros. Ultimate Enhanced Original Soundtrack (super-smash-bros.-ultimate-enhanced-original-soundtrack),,,"[""video game soundtrack""]","[""und""]",,,,Super Smash Bros. Ultimate,,,khinsider_track_prominence_proxy,50.986282507404624,score_0_100,,,,80.39451300296184,,,,https://downloads.khinsider.com/game-soundtracks/album/super-smash-bros.-ultimate-enhanced-original-soundtrack,2026-10-05,Track title is taken from KHInsider's soundtrack/gamerip album index. Popularity is an explicitly labelled proxy based on BeatHit game rank and track prominence.,"{""culture_category"":""video_game_music"",""video_game"":""Super Smash Bros. Ultimate"",""game_rank"":41,""game_association_kind"":""khinsider_game_soundtrack"",""khinsider_album_url"":""https://downloads.khinsider.com/game-soundtracks/album/super-smash-bros.-ultimate-enhanced-original-soundtrack"",""khinsider_album_title"":""Super Smash Bros. Ultimate Enhanced Original Soundtrack (super-smash-bros.-ultimate-enhanced-original-soundtrack)"",""khinsider_album_kind"":""official_or_gamerip"",""khinsider_album_match_score"":100.0,""relevance_score_100"":100.0,""popularity_score_100"":50.986282507404624,""score_100"":80.39451300296184,""popularity_basis"":""BeatHit master-list game rank plus track position proxy""}"
744,Main Theme - Banjo-Kazooie,Unknown credited artist,[],Super Smash Bros. Ultimate Enhanced Original Soundtrack (super-smash-bros.-ultimate-enhanced-original-soundtrack),,,"[""video game soundtrack""]","[""und""]",,,,Super Smash Bros. Ultimate,,,khinsider_track_prominence_proxy,50.986282507404624,score_0_100,,,,80.39451300296184,,,,https://downloads.khinsider.com/game-soundtracks/album/super-smash-bros.-ultimate-enhanced-original-soundtrack,2026-10-05,Track title is taken from KHInsider's soundtrack/gamerip album index. Popularity is an explicitly labelled proxy based on BeatHit game rank and track prominence.,"{""culture_category"":""video_game_music"",""video_game"":""Super Smash Bros. Ultimate"",""game_rank"":41,""game_association_kind"":""khinsider_game_soundtrack"",""khinsider_album_url"":""https://downloads.khinsider.com/game-soundtracks/album/super-smash-bros.-ultimate-enhanced-original-soundtrack"",""khinsider_album_title"":""Super Smash Bros. Ultimate Enhanced Original Soundtrack (super-smash-bros.-ultimate-enhanced-original-soundtrack)"",""khinsider_album_kind"":""official_or_gamerip"",""khinsider_album_match_score"":100.0,""relevance_score_100"":100.0,""popularity_score_100"":50.986282507404624,""score_100"":80.39451300296184,""popularity_basis"":""BeatHit master-list game rank plus track position proxy""}"
745,Spiral Mountain [Banjo-Kazooie],Unknown credited artist,[],Super Smash Bros. Ultimate Enhanced Original Soundtrack (super-smash-bros.-ultimate-enhanced-original-soundtrack),,,"[""video game soundtrack""]","[""und""]",,,,Super Smash Bros. Ultimate,,,khinsider_track_prominence_proxy,50.986282507404624,score_0_100,,,,80.39451300296184,,,,https://downloads.khinsider.com/game-soundtracks/album/super-smash-bros.-ultimate-enhanced-original-soundtrack,2026-10-05,Track title is taken from KHInsider's soundtrack/gamerip album index. Popularity is an explicitly labelled proxy based on BeatHit game rank and track prominence.,"{""culture_category"":""video_game_music"",""video_game"":""Super Smash Bros. Ultimate"",""game_rank"":41,""game_association_kind"":""khinsider_game_soundtrack"",""khinsider_album_url"":""https://downloads.khinsider.com/game-soundtracks/album/super-smash-bros.-ultimate-enhanced-original-soundtrack"",""khinsider_album_title"":""Super Smash Bros. Ultimate Enhanced Original Soundtrack (super-smash-bros.-ultimate-enhanced-original-soundtrack)"",""khinsider_album_kind"":""official_or_gamerip"",""khinsider_album_match_score"":100.0,""relevance_score_100"":100.0,""popularity_score_100"":50.986282507404624,""score_100"":80.39451300296184,""popularity_basis"":""BeatHit master-list game rank plus track position proxy""}"
746,Mumbo's Mountain [Banjo-Kazooie],Unknown credited artist,[],Super Smash Bros. Ultimate Enhanced Original Soundtrack (super-smash-bros.-ultimate-enhanced-original-soundtrack),,,"[""video game soundtrack""]","[""und""]",,,,Super Smash Bros. Ultimate,,,khinsider_track_prominence_proxy,50.986282507404624,score_0_100,,,,80.39451300296184,,,,https://downloads.khinsider.com/game-soundtracks/album/super-smash-bros.-ultimate-enhanced-original-soundtrack,2026-10-05,Track title is taken from KHInsider's soundtrack/gamerip album index. Popularity is an explicitly labelled proxy based on BeatHit game rank and track prominence.,"{""culture_category"":""video_game_music"",""video_game"":""Super Smash Bros. Ultimate"",""game_rank"":41,""game_association_kind"":""khinsider_game_soundtrack"",""khinsider_album_url"":""https://downloads.khinsider.com/game-soundtracks/album/super-smash-bros.-ultimate-enhanced-original-soundtrack"",""khinsider_album_title"":""Super Smash Bros. Ultimate Enhanced Original Soundtrack (super-smash-bros.-ultimate-enhanced-original-soundtrack)"",""khinsider_album_kind"":""official_or_gamerip"",""khinsider_album_match_score"":100.0,""relevance_score_100"":100.0,""popularity_score_100"":50.986282507404624,""score_100"":80.39451300296184,""popularity_basis"":""BeatHit master-list game rank plus track position proxy""}"
747,Treasure Trove Cove [Banjo-Kazooie],Unknown credited artist,[],Super Smash Bros. Ultimate Enhanced Original Soundtrack (super-smash-bros.-ultimate-enhanced-original-soundtrack),,,"[""video game soundtrack""]","[""und""]",,,,Super Smash Bros. Ultimate,,,khinsider_track_prominence_proxy,50.986282507404624,score_0_100,,,,80.39451300296184,,,,https://downloads.khinsider.com/game-soundtracks/album/super-smash-bros.-ultimate-enhanced-original-soundtrack,2026-10-05,Track title is taken from KHInsider's soundtrack/gamerip album index. Popularity is an explicitly labelled proxy based on BeatHit game rank and track prominence.,"{""culture_category"":""video_game_music"",""video_game"":""Super Smash Bros. Ultimate"",""game_rank"":41,""game_association_kind"":""khinsider_game_soundtrack"",""khinsider_album_url"":""https://downloads.khinsider.com/game-soundtracks/album/super-smash-bros.-ultimate-enhanced-original-soundtrack"",""khinsider_album_title"":""Super Smash Bros. Ultimate Enhanced Original Soundtrack (super-smash-bros.-ultimate-enhanced-original-soundtrack)"",""khinsider_album_kind"":""official_or_gamerip"",""khinsider_album_match_score"":100.0,""relevance_score_100"":100.0,""popularity_score_100"":50.986282507404624,""score_100"":80.39451300296184,""popularity_basis"":""BeatHit master-list game rank plus track position proxy""}"
748,Gobi's Valley [Banjo-Kazooie],Unknown credited artist,[],Super Smash Bros. Ultimate Enhanced Original Soundtrack (super-smash-bros.-ultimate-enhanced-original-soundtrack),,,"[""video game soundtrack""]","[""und""]",,,,Super Smash Bros. Ultimate,,,khinsider_track_prominence_proxy,50.986282507404624,score_0_100,,,,80.39451300296184,,,,https://downloads.khinsider.com/game-soundtracks/album/super-smash-bros.-ultimate-enhanced-original-soundtrack,2026-10-05,Track title is taken from KHInsider's soundtrack/gamerip album index. Popularity is an explicitly labelled proxy based on BeatHit game rank and track prominence.,"{""culture_category"":""video_game_music"",""video_game"":""Super Smash Bros. Ultimate"",""game_rank"":41,""game_association_kind"":""khinsider_game_soundtrack"",""khinsider_album_url"":""https://downloads.khinsider.com/game-soundtracks/album/super-smash-bros.-ultimate-enhanced-original-soundtrack"",""khinsider_album_title"":""Super Smash Bros. Ultimate Enhanced Original Soundtrack (super-smash-bros.-ultimate-enhanced-original-soundtrack)"",""khinsider_album_kind"":""official_or_gamerip"",""khinsider_album_match_score"":100.0,""relevance_score_100"":100.0,""popularity_score_100"":50.986282507404624,""score_100"":80.39451300296184,""popularity_basis"":""BeatHit master-list game rank plus track position proxy""}"
749,Mad Monster Mansion [Banjo-Kazooie],Unknown credited artist,[],Super Smash Bros. Ultimate Enhanced Original Soundtrack (super-smash-bros.-ultimate-enhanced-original-soundtrack),,,"[""video game soundtrack""]","[""und""]",,,,Super Smash Bros. Ultimate,,,khinsider_track_prominence_proxy,50.986282507404624,score_0_100,,,,80.39451300296184,,,,https://downloads.khinsider.com/game-soundtracks/album/super-smash-bros.-ultimate-enhanced-original-soundtrack,2026-10-05,Track title is taken from KHInsider's soundtrack/gamerip album index. Popularity is an explicitly labelled proxy based on BeatHit game rank and track prominence.,"{""culture_category"":""video_game_music"",""video_game"":""Super Smash Bros. Ultimate"",""game_rank"":41,""game_association_kind"":""khinsider_game_soundtrack"",""khinsider_album_url"":""https://downloads.khinsider.com/game-soundtracks/album/super-smash-bros.-ultimate-enhanced-original-soundtrack"",""khinsider_album_title"":""Super Smash Bros. Ultimate Enhanced Original Soundtrack (super-smash-bros.-ultimate-enhanced-original-soundtrack)"",""khinsider_album_kind"":""official_or_gamerip"",""khinsider_album_match_score"":100.0,""relevance_score_100"":100.0,""popularity_score_100"":50.986282507404624,""score_100"":80.39451300296184,""popularity_basis"":""BeatHit master-list game rank plus track position proxy""}"
750,Vs. Klungo [Banjo-Tooie],Unknown credited artist,[],Super Smash Bros. Ultimate Enhanced Original Soundtrack (super-smash-bros.-ultimate-enhanced-original-soundtrack),,,"[""video game soundtrack""]","[""und""]",,,,Super Smash Bros. Ultimate,,,khinsider_track_prominence_proxy,50.986282507404624,score_0_100,,,,80.39451300296184,,,,https://downloads.khinsider.com/game-soundtracks/album/super-smash-bros.-ultimate-enhanced-original-soundtrack,2026-10-05,Track title is taken from KHInsider's soundtrack/gamerip album index. Popularity is an explicitly labelled proxy based on BeatHit game rank and track prominence.,"{""culture_category"":""video_game_music"",""video_game"":""Super Smash Bros. Ultimate"",""game_rank"":41,""game_association_kind"":""khinsider_game_soundtrack"",""khinsider_album_url"":""https://downloads.khinsider.com/game-soundtracks/album/super-smash-bros.-ultimate-enhanced-original-soundtrack"",""khinsider_album_title"":""Super Smash Bros. Ultimate Enhanced Original Soundtrack (super-smash-bros.-ultimate-enhanced-original-soundtrack)"",""khinsider_album_kind"":""official_or_gamerip"",""khinsider_album_match_score"":100.0,""relevance_score_100"":100.0,""popularity_score_100"":50.986282507404624,""score_100"":80.39451300296184,""popularity_basis"":""BeatHit master-list game rank plus track position proxy""}"
751,Victory! [Banjo-Kazooie],Unknown credited artist,[],Super Smash Bros. Ultimate Enhanced Original Soundtrack (super-smash-bros.-ultimate-enhanced-original-soundtrack),,,"[""video game soundtrack""]","[""und""]",,,,Super Smash Bros. Ultimate,,,khinsider_track_prominence_proxy,50.986282507404624,score_0_100,,,,80.39451300296184,,,,https://downloads.khinsider.com/game-soundtracks/album/super-smash-bros.-ultimate-enhanced-original-soundtrack,2026-10-05,Track title is taken from KHInsider's soundtrack/gamerip album index. Popularity is an explicitly labelled proxy based on BeatHit game rank and track prominence.,"{""culture_category"":""video_game_music"",""video_game"":""Super Smash Bros. Ultimate"",""game_rank"":41,""game_association_kind"":""khinsider_game_soundtrack"",""khinsider_album_url"":""https://downloads.khinsider.com/game-soundtracks/album/super-smash-bros.-ultimate-enhanced-original-soundtrack"",""khinsider_album_title"":""Super Smash Bros. Ultimate Enhanced Original Soundtrack (super-smash-bros.-ultimate-enhanced-original-soundtrack)"",""khinsider_album_kind"":""official_or_gamerip"",""khinsider_album_match_score"":100.0,""relevance_score_100"":100.0,""popularity_score_100"":50.986282507404624,""score_100"":80.39451300296184,""popularity_basis"":""BeatHit master-list game rank plus track position proxy""}"
752,Tourney Winner Announcment [No Intro],Unknown credited artist,[],Super Smash Bros. Ultimate Enhanced Original Soundtrack (super-smash-bros.-ultimate-enhanced-original-soundtrack),,,"[""video game soundtrack""]","[""und""]",,,,Super Smash Bros. Ultimate,,,khinsider_track_prominence_proxy,50.986282507404624,score_0_100,,,,80.39451300296184,,,,https://downloads.khinsider.com/game-soundtracks/album/super-smash-bros.-ultimate-enhanced-original-soundtrack,2026-10-05,Track title is taken from KHInsider's soundtrack/gamerip album index. Popularity is an explicitly labelled proxy based on BeatHit game rank and track prominence.,"{""culture_category"":""video_game_music"",""video_game"":""Super Smash Bros. Ultimate"",""game_rank"":41,""game_association_kind"":""khinsider_game_soundtrack"",""khinsider_album_url"":""https://downloads.khinsider.com/game-soundtracks/album/super-smash-bros.-ultimate-enhanced-original-soundtrack"",""khinsider_album_title"":""Super Smash Bros. Ultimate Enhanced Original Soundtrack (super-smash-bros.-ultimate-enhanced-original-soundtrack)"",""khinsider_album_kind"":""official_or_gamerip"",""khinsider_album_match_score"":100.0,""relevance_score_100"":100.0,""popularity_score_100"":50.986282507404624,""score_100"":80.39451300296184,""popularity_basis"":""BeatHit master-list game rank plus track position proxy""}"
753,MEGALOVANIA [Undertale],Unknown credited artist,[],Super Smash Bros. Ultimate Enhanced Original Soundtrack (super-smash-bros.-ultimate-enhanced-original-soundtrack),,,"[""video game soundtrack""]","[""und""]",,,,Super Smash Bros. Ultimate,,,khinsider_track_prominence_proxy,50.986282507404624,score_0_100,,,,80.39451300296184,,,,https://downloads.khinsider.com/game-soundtracks/album/super-smash-bros.-ultimate-enhanced-original-soundtrack,2026-10-05,Track title is taken from KHInsider's soundtrack/gamerip album index. Popularity is an explicitly labelled proxy based on BeatHit game rank and track prominence.,"{""culture_category"":""video_game_music"",""video_game"":""Super Smash Bros. Ultimate"",""game_rank"":41,""game_association_kind"":""khinsider_game_soundtrack"",""khinsider_album_url"":""https://downloads.khinsider.com/game-soundtracks/album/super-smash-bros.-ultimate-enhanced-original-soundtrack"",""khinsider_album_title"":""Super Smash Bros. Ultimate Enhanced Original Soundtrack (super-smash-bros.-ultimate-enhanced-original-soundtrack)"",""khinsider_album_kind"":""official_or_gamerip"",""khinsider_album_match_score"":100.0,""relevance_score_100"":100.0,""popularity_score_100"":50.986282507404624,""score_100"":80.39451300296184,""popularity_basis"":""BeatHit master-list game rank plus track position proxy""}"
754,Haremar Faith Capoeira School - Song of the Fight (Believers Will Be Saved) - FATAL FURY [FATAL FURY King of Fighters],Unknown credited artist,[],Super Smash Bros. Ultimate Enhanced Original Soundtrack (super-smash-bros.-ultimate-enhanced-original-soundtrack),,,"[""video game soundtrack""]","[""und""]",,,,Super Smash Bros. Ultimate,,,khinsider_track_prominence_proxy,50.986282507404624,score_0_100,,,,80.39451300296184,,,,https://downloads.khinsider.com/game-soundtracks/album/super-smash-bros.-ultimate-enhanced-original-soundtrack,2026-10-05,Track title is taken from KHInsider's soundtrack/gamerip album index. Popularity is an explicitly labelled proxy based on BeatHit game rank and track prominence.,"{""culture_category"":""video_game_music"",""video_game"":""Super Smash Bros. Ultimate"",""game_rank"":41,""game_association_kind"":""khinsider_game_soundtrack"",""khinsider_album_url"":""https://downloads.khinsider.com/game-soundtracks/album/super-smash-bros.-ultimate-enhanced-original-soundtrack"",""khinsider_album_title"":""Super Smash Bros. Ultimate Enhanced Original Soundtrack (super-smash-bros.-ultimate-enhanced-original-soundtrack)"",""khinsider_album_kind"":""official_or_gamerip"",""khinsider_album_match_score"":100.0,""relevance_score_100"":100.0,""popularity_score_100"":50.986282507404624,""score_100"":80.39451300296184,""popularity_basis"":""BeatHit master-list game rank plus track position proxy""}"
755,Kurikinton - FATAL FURY 2,Unknown credited artist,[],Super Smash Bros. Ultimate Enhanced Original Soundtrack (super-smash-bros.-ultimate-enhanced-original-soundtrack),,,"[""video game soundtrack""]","[""und""]",,,,Super Smash Bros. Ultimate,,,khinsider_track_prominence_proxy,50.986282507404624,score_0_100,,,,80.39451300296184,,,,https://downloads.khinsider.com/game-soundtracks/album/super-smash-bros.-ultimate-enhanced-original-soundtrack,2026-10-05,Track title is taken from KHInsider's soundtrack/gamerip album index. Popularity is an explicitly labelled proxy based on BeatHit game rank and track prominence.,"{""culture_category"":""video_game_music"",""video_game"":""Super Smash Bros. Ultimate"",""game_rank"":41,""game_association_kind"":""khinsider_game_soundtrack"",""khinsider_album_url"":""https://downloads.khinsider.com/game-soundtracks/album/super-smash-bros.-ultimate-enhanced-original-soundtrack"",""khinsider_album_title"":""Super Smash Bros. Ultimate Enhanced Original Soundtrack (super-smash-bros.-ultimate-enhanced-original-soundtrack)"",""khinsider_album_kind"":""official_or_gamerip"",""khinsider_album_match_score"":100.0,""relevance_score_100"":100.0,""popularity_score_100"":50.986282507404624,""score_100"":80.39451300296184,""popularity_basis"":""BeatHit master-list game rank plus track position proxy""}"
756,Pasta - FATAL FURY 2,Unknown credited artist,[],Super Smash Bros. Ultimate Enhanced Original Soundtrack (super-smash-bros.-ultimate-enhanced-original-soundtrack),,,"[""video game soundtrack""]","[""und""]",,,,Super Smash Bros. Ultimate,,,khinsider_track_prominence_proxy,50.986282507404624,score_0_100,,,,80.39451300296184,,,,https://downloads.khinsider.com/game-soundtracks/album/super-smash-bros.-ultimate-enhanced-original-soundtrack,2026-10-05,Track title is taken from KHInsider's soundtrack/gamerip album index. Popularity is an explicitly labelled proxy based on BeatHit game rank and track prominence.,"{""culture_category"":""video_game_music"",""video_game"":""Super Smash Bros. Ultimate"",""game_rank"":41,""game_association_kind"":""khinsider_game_soundtrack"",""khinsider_album_url"":""https://downloads.khinsider.com/game-soundtracks/album/super-smash-bros.-ultimate-enhanced-original-soundtrack"",""khinsider_album_title"":""Super Smash Bros. Ultimate Enhanced Original Soundtrack (super-smash-bros.-ultimate-enhanced-original-soundtrack)"",""khinsider_album_kind"":""official_or_gamerip"",""khinsider_album_match_score"":100.0,""relevance_score_100"":100.0,""popularity_score_100"":50.986282507404624,""score_100"":80.39451300296184,""popularity_basis"":""BeatHit master-list game rank plus track position proxy""}"
757,Tarkun and Kitapy - FATAL FURY 2,Unknown credited artist,[],Super Smash Bros. Ultimate Enhanced Original Soundtrack (super-smash-bros.-ultimate-enhanced-original-soundtrack),,,"[""video game soundtrack""]","[""und""]",,,,Super Smash Bros. Ultimate,,,khinsider_track_prominence_proxy,50.986282507404624,score_0_100,,,,80.39451300296184,,,,https://downloads.khinsider.com/game-soundtracks/album/super-smash-bros.-ultimate-enhanced-original-soundtrack,2026-10-05,Track title is taken from KHInsider's soundtrack/gamerip album index. Popularity is an explicitly labelled proxy based on BeatHit game rank and track prominence.,"{""culture_category"":""video_game_music"",""video_game"":""Super Smash Bros. Ultimate"",""game_rank"":41,""game_association_kind"":""khinsider_game_soundtrack"",""khinsider_album_url"":""https://downloads.khinsider.com/game-soundtracks/album/super-smash-bros.-ultimate-enhanced-original-soundtrack"",""khinsider_album_title"":""Super Smash Bros. Ultimate Enhanced Original Soundtrack (super-smash-bros.-ultimate-enhanced-original-soundtrack)"",""khinsider_album_kind"":""official_or_gamerip"",""khinsider_album_match_score"":100.0,""relevance_score_100"":100.0,""popularity_score_100"":50.986282507404624,""score_100"":80.39451300296184,""popularity_basis"":""BeatHit master-list game rank plus track position proxy""}"
758,Let's Go to Seoul! - FATAL FURY 2,Unknown credited artist,[],Super Smash Bros. Ultimate Enhanced Original Soundtrack (super-smash-bros.-ultimate-enhanced-original-soundtrack),,,"[""video game soundtrack""]","[""und""]",,,,Super Smash Bros. Ultimate,,,khinsider_track_prominence_proxy,50.986282507404624,score_0_100,,,,80.39451300296184,,,,https://downloads.khinsider.com/game-soundtracks/album/super-smash-bros.-ultimate-enhanced-original-soundtrack,2026-10-05,Track title is taken from KHInsider's soundtrack/gamerip album index. Popularity is an explicitly labelled proxy based on BeatHit game rank and track prominence.,"{""culture_category"":""video_game_music"",""video_game"":""Super Smash Bros. Ultimate"",""game_rank"":41,""game_association_kind"":""khinsider_game_soundtrack"",""khinsider_album_url"":""https://downloads.khinsider.com/game-soundtracks/album/super-smash-bros.-ultimate-enhanced-original-soundtrack"",""khinsider_album_title"":""Super Smash Bros. Ultimate Enhanced Original Soundtrack (super-smash-bros.-ultimate-enhanced-original-soundtrack)"",""khinsider_album_kind"":""official_or_gamerip"",""khinsider_album_match_score"":100.0,""relevance_score_100"":100.0,""popularity_score_100"":50.986282507404624,""score_100"":80.39451300296184,""popularity_basis"":""BeatHit master-list game rank plus track position proxy""}"
759,The London March - FATAL FURY 2,Unknown credited artist,[],Super Smash Bros. Ultimate Enhanced Original Soundtrack (super-smash-bros.-ultimate-enhanced-original-soundtrack),,,"[""video game soundtrack""]","[""und""]",,,,Super Smash Bros. Ultimate,,,khinsider_track_prominence_proxy,50.986282507404624,score_0_100,,,,80.39451300296184,,,,https://downloads.khinsider.com/game-soundtracks/album/super-smash-bros.-ultimate-enhanced-original-soundtrack,2026-10-05,Track title is taken from KHInsider's soundtrack/gamerip album index. Popularity is an explicitly labelled proxy based on BeatHit game rank and track prominence.,"{""culture_category"":""video_game_music"",""video_game"":""Super Smash Bros. Ultimate"",""game_rank"":41,""game_association_kind"":""khinsider_game_soundtrack"",""khinsider_album_url"":""https://downloads.khinsider.com/game-soundtracks/album/super-smash-bros.-ultimate-enhanced-original-soundtrack"",""khinsider_album_title"":""Super Smash Bros. Ultimate Enhanced Original Soundtrack (super-smash-bros.-ultimate-enhanced-original-soundtrack)"",""khinsider_album_kind"":""official_or_gamerip"",""khinsider_album_match_score"":100.0,""relevance_score_100"":100.0,""popularity_score_100"":50.986282507404624,""score_100"":80.39451300296184,""popularity_basis"":""BeatHit master-list game rank plus track position proxy""}"
760,11th Street - FATAL FURY WILD AMBITION,Unknown credited artist,[],Super Smash Bros. Ultimate Enhanced Original Soundtrack (super-smash-bros.-ultimate-enhanced-original-soundtrack),,,"[""video game soundtrack""]","[""und""]",,,,Super Smash Bros. Ultimate,,,khinsider_track_prominence_proxy,50.986282507404624,score_0_100,,,,80.39451300296184,,,,https://downloads.khinsider.com/game-soundtracks/album/super-smash-bros.-ultimate-enhanced-original-soundtrack,2026-10-05,Track title is taken from KHInsider's soundtrack/gamerip album index. Popularity is an explicitly labelled proxy based on BeatHit game rank and track prominence.,"{""culture_category"":""video_game_music"",""video_game"":""Super Smash Bros. Ultimate"",""game_rank"":41,""game_association_kind"":""khinsider_game_soundtrack"",""khinsider_album_url"":""https://downloads.khinsider.com/game-soundtracks/album/super-smash-bros.-ultimate-enhanced-original-soundtrack"",""khinsider_album_title"":""Super Smash Bros. Ultimate Enhanced Original Soundtrack (super-smash-bros.-ultimate-enhanced-original-soundtrack)"",""khinsider_album_kind"":""official_or_gamerip"",""khinsider_album_match_score"":100.0,""relevance_score_100"":100.0,""popularity_score_100"":50.986282507404624,""score_100"":80.39451300296184,""popularity_basis"":""BeatHit master-list game rank plus track position proxy""}"
761,Stormy Saxophone 2 - KOF '96 [THE KING OF FIGHTERS '96],Unknown credited artist,[],Super Smash Bros. Ultimate Enhanced Original Soundtrack (super-smash-bros.-ultimate-enhanced-original-soundtrack),,,"[""video game soundtrack""]","[""und""]",,,,Super Smash Bros. Ultimate,,,khinsider_track_prominence_proxy,50.986282507404624,score_0_100,,,,80.39451300296184,,,,https://downloads.khinsider.com/game-soundtracks/album/super-smash-bros.-ultimate-enhanced-original-soundtrack,2026-10-05,Track title is taken from KHInsider's soundtrack/gamerip album index. Popularity is an explicitly labelled proxy based on BeatHit game rank and track prominence.,"{""culture_category"":""video_game_music"",""video_game"":""Super Smash Bros. Ultimate"",""game_rank"":41,""game_association_kind"":""khinsider_game_soundtrack"",""khinsider_album_url"":""https://downloads.khinsider.com/game-soundtracks/album/super-smash-bros.-ultimate-enhanced-original-soundtrack"",""khinsider_album_title"":""Super Smash Bros. Ultimate Enhanced Original Soundtrack (super-smash-bros.-ultimate-enhanced-original-soundtrack)"",""khinsider_album_kind"":""official_or_gamerip"",""khinsider_album_match_score"":100.0,""relevance_score_100"":100.0,""popularity_score_100"":50.986282507404624,""score_100"":80.39451300296184,""popularity_basis"":""BeatHit master-list game rank plus track position proxy""}"
762,Theme of SYD - Alpha Mission,Unknown credited artist,[],Super Smash Bros. Ultimate Enhanced Original Soundtrack (super-smash-bros.-ultimate-enhanced-original-soundtrack),,,"[""video game soundtrack""]","[""und""]",,,,Super Smash Bros. Ultimate,,,khinsider_track_prominence_proxy,50.986282507404624,score_0_100,,,,80.39451300296184,,,,https://downloads.khinsider.com/game-soundtracks/album/super-smash-bros.-ultimate-enhanced-original-soundtrack,2026-10-05,Track title is taken from KHInsider's soundtrack/gamerip album index. Popularity is an explicitly labelled proxy based on BeatHit game rank and track prominence.,"{""culture_category"":""video_game_music"",""video_game"":""Super Smash Bros. Ultimate"",""game_rank"":41,""game_association_kind"":""khinsider_game_soundtrack"",""khinsider_album_url"":""https://downloads.khinsider.com/game-soundtracks/album/super-smash-bros.-ultimate-enhanced-original-soundtrack"",""khinsider_album_title"":""Super Smash Bros. Ultimate Enhanced Original Soundtrack (super-smash-bros.-ultimate-enhanced-original-soundtrack)"",""khinsider_album_kind"":""official_or_gamerip"",""khinsider_album_match_score"":100.0,""relevance_score_100"":100.0,""popularity_score_100"":50.986282507404624,""score_100"":80.39451300296184,""popularity_basis"":""BeatHit master-list game rank plus track position proxy""}"
763,Forest World - Athena,Unknown credited artist,[],Super Smash Bros. Ultimate Enhanced Original Soundtrack (super-smash-bros.-ultimate-enhanced-original-soundtrack),,,"[""video game soundtrack""]","[""und""]",,,,Super Smash Bros. Ultimate,,,khinsider_track_prominence_proxy,50.986282507404624,score_0_100,,,,80.39451300296184,,,,https://downloads.khinsider.com/game-soundtracks/album/super-smash-bros.-ultimate-enhanced-original-soundtrack,2026-10-05,Track title is taken from KHInsider's soundtrack/gamerip album index. Popularity is an explicitly labelled proxy based on BeatHit game rank and track prominence.,"{""culture_category"":""video_game_music"",""video_game"":""Super Smash Bros. Ultimate"",""game_rank"":41,""game_association_kind"":""khinsider_game_soundtrack"",""khinsider_album_url"":""https://downloads.khinsider.com/game-soundtracks/album/super-smash-bros.-ultimate-enhanced-original-soundtrack"",""khinsider_album_title"":""Super Smash Bros. Ultimate Enhanced Original Soundtrack (super-smash-bros.-ultimate-enhanced-original-soundtrack)"",""khinsider_album_kind"":""official_or_gamerip"",""khinsider_album_match_score"":100.0,""relevance_score_100"":100.0,""popularity_score_100"":50.986282507404624,""score_100"":80.39451300296184,""popularity_basis"":""BeatHit master-list game rank plus track position proxy""}"
764,Psycho Soldier Theme,Unknown credited artist,[],Super Smash Bros. Ultimate Enhanced Original Soundtrack (super-smash-bros.-ultimate-enhanced-original-soundtrack),,,"[""video game soundtrack""]","[""und""]",,,,Super Smash Bros. Ultimate,,,khinsider_track_prominence_proxy,50.986282507404624,score_0_100,,,,80.39451300296184,,,,https://downloads.khinsider.com/game-soundtracks/album/super-smash-bros.-ultimate-enhanced-original-soundtrack,2026-10-05,Track title is taken from KHInsider's soundtrack/gamerip album index. Popularity is an explicitly labelled proxy based on BeatHit game rank and track prominence.,"{""culture_category"":""video_game_music"",""video_game"":""Super Smash Bros. Ultimate"",""game_rank"":41,""game_association_kind"":""khinsider_game_soundtrack"",""khinsider_album_url"":""https://downloads.khinsider.com/game-soundtracks/album/super-smash-bros.-ultimate-enhanced-original-soundtrack"",""khinsider_album_title"":""Super Smash Bros. Ultimate Enhanced Original Soundtrack (super-smash-bros.-ultimate-enhanced-original-soundtrack)"",""khinsider_album_kind"":""official_or_gamerip"",""khinsider_album_match_score"":100.0,""relevance_score_100"":100.0,""popularity_score_100"":50.986282507404624,""score_100"":80.39451300296184,""popularity_basis"":""BeatHit master-list game rank plus track position proxy""}"
765,Psycho Soldier Theme (Overseas Version),Unknown credited artist,[],Super Smash Bros. Ultimate Enhanced Original Soundtrack (super-smash-bros.-ultimate-enhanced-original-soundtrack),,,"[""video game soundtrack""]","[""und""]",,,,Super Smash Bros. Ultimate,,,khinsider_track_prominence_proxy,50.986282507404624,score_0_100,,,,80.39451300296184,,,,https://downloads.khinsider.com/game-soundtracks/album/super-smash-bros.-ultimate-enhanced-original-soundtrack,2026-10-05,Track title is taken from KHInsider's soundtrack/gamerip album index. Popularity is an explicitly labelled proxy based on BeatHit game rank and track prominence.,"{""culture_category"":""video_game_music"",""video_game"":""Super Smash Bros. Ultimate"",""game_rank"":41,""game_association_kind"":""khinsider_game_soundtrack"",""khinsider_album_url"":""https://downloads.khinsider.com/game-soundtracks/album/super-smash-bros.-ultimate-enhanced-original-soundtrack"",""khinsider_album_title"":""Super Smash Bros. Ultimate Enhanced Original Soundtrack (super-smash-bros.-ultimate-enhanced-original-soundtrack)"",""khinsider_album_kind"":""official_or_gamerip"",""khinsider_album_match_score"":100.0,""relevance_score_100"":100.0,""popularity_score_100"":50.986282507404624,""score_100"":80.39451300296184,""popularity_basis"":""BeatHit master-list game rank plus track position proxy""}"
766,ART OF FIGHT - Art of Fighting,Unknown credited artist,[],Super Smash Bros. Ultimate Enhanced Original Soundtrack (super-smash-bros.-ultimate-enhanced-original-soundtrack),,,"[""video game soundtrack""]","[""und""]",,,,Super Smash Bros. Ultimate,,,khinsider_track_prominence_proxy,50.986282507404624,score_0_100,,,,80.39451300296184,,,,https://downloads.khinsider.com/game-soundtracks/album/super-smash-bros.-ultimate-enhanced-original-soundtrack,2026-10-05,Track title is taken from KHInsider's soundtrack/gamerip album index. Popularity is an explicitly labelled proxy based on BeatHit game rank and track prominence.,"{""culture_category"":""video_game_music"",""video_game"":""Super Smash Bros. Ultimate"",""game_rank"":41,""game_association_kind"":""khinsider_game_soundtrack"",""khinsider_album_url"":""https://downloads.khinsider.com/game-soundtracks/album/super-smash-bros.-ultimate-enhanced-original-soundtrack"",""khinsider_album_title"":""Super Smash Bros. Ultimate Enhanced Original Soundtrack (super-smash-bros.-ultimate-enhanced-original-soundtrack)"",""khinsider_album_kind"":""official_or_gamerip"",""khinsider_album_match_score"":100.0,""relevance_score_100"":100.0,""popularity_score_100"":50.986282507404624,""score_100"":80.39451300296184,""popularity_basis"":""BeatHit master-list game rank plus track position proxy""}"
767,Banquet of Nature - SAMURAI SHODOWN,Unknown credited artist,[],Super Smash Bros. Ultimate Enhanced Original Soundtrack (super-smash-bros.-ultimate-enhanced-original-soundtrack),,,"[""video game soundtrack""]","[""und""]",,,,Super Smash Bros. Ultimate,,,khinsider_track_prominence_proxy,50.986282507404624,score_0_100,,,,80.39451300296184,,,,https://downloads.khinsider.com/game-soundtracks/album/super-smash-bros.-ultimate-enhanced-original-soundtrack,2026-10-05,Track title is taken from KHInsider's soundtrack/gamerip album index. Popularity is an explicitly labelled proxy based on BeatHit game rank and track prominence.,"{""culture_category"":""video_game_music"",""video_game"":""Super Smash Bros. Ultimate"",""game_rank"":41,""game_association_kind"":""khinsider_game_soundtrack"",""khinsider_album_url"":""https://downloads.khinsider.com/game-soundtracks/album/super-smash-bros.-ultimate-enhanced-original-soundtrack"",""khinsider_album_title"":""Super Smash Bros. Ultimate Enhanced Original Soundtrack (super-smash-bros.-ultimate-enhanced-original-soundtrack)"",""khinsider_album_kind"":""official_or_gamerip"",""khinsider_album_match_score"":100.0,""relevance_score_100"":100.0,""popularity_score_100"":50.986282507404624,""score_100"":80.39451300296184,""popularity_basis"":""BeatHit master-list game rank plus track position proxy""}"
768,Gaia - SAMURAI SHODOWN,Unknown credited artist,[],Super Smash Bros. Ultimate Enhanced Original Soundtrack (super-smash-bros.-ultimate-enhanced-original-soundtrack),,,"[""video game soundtrack""]","[""und""]",,,,Super Smash Bros. Ultimate,,,khinsider_track_prominence_proxy,50.986282507404624,score_0_100,,,,80.39451300296184,,,,https://downloads.khinsider.com/game-soundtracks/album/super-smash-bros.-ultimate-enhanced-original-soundtrack,2026-10-05,Track title is taken from KHInsider's soundtrack/gamerip album index. Popularity is an explicitly labelled proxy based on BeatHit game rank and track prominence.,"{""culture_category"":""video_game_music"",""video_game"":""Super Smash Bros. Ultimate"",""game_rank"":41,""game_association_kind"":""khinsider_game_soundtrack"",""khinsider_album_url"":""https://downloads.khinsider.com/game-soundtracks/album/super-smash-bros.-ultimate-enhanced-original-soundtrack"",""khinsider_album_title"":""Super Smash Bros. Ultimate Enhanced Original Soundtrack (super-smash-bros.-ultimate-enhanced-original-soundtrack)"",""khinsider_album_kind"":""official_or_gamerip"",""khinsider_album_match_score"":100.0,""relevance_score_100"":100.0,""popularity_score_100"":50.986282507404624,""score_100"":80.39451300296184,""popularity_basis"":""BeatHit master-list game rank plus track position proxy""}"
769,Main Theme from Metal Slug - METAL SLUG,Unknown credited artist,[],Super Smash Bros. Ultimate Enhanced Original Soundtrack (super-smash-bros.-ultimate-enhanced-original-soundtrack),,,"[""video game soundtrack""]","[""und""]",,,,Super Smash Bros. Ultimate,,,khinsider_track_prominence_proxy,50.986282507404624,score_0_100,,,,80.39451300296184,,,,https://downloads.khinsider.com/game-soundtracks/album/super-smash-bros.-ultimate-enhanced-original-soundtrack,2026-10-05,Track title is taken from KHInsider's soundtrack/gamerip album index. Popularity is an explicitly labelled proxy based on BeatHit game rank and track prominence.,"{""culture_category"":""video_game_music"",""video_game"":""Super Smash Bros. Ultimate"",""game_rank"":41,""game_association_kind"":""khinsider_game_soundtrack"",""khinsider_album_url"":""https://downloads.khinsider.com/game-soundtracks/album/super-smash-bros.-ultimate-enhanced-original-soundtrack"",""khinsider_album_title"":""Super Smash Bros. Ultimate Enhanced Original Soundtrack (super-smash-bros.-ultimate-enhanced-original-soundtrack)"",""khinsider_album_kind"":""official_or_gamerip"",""khinsider_album_match_score"":100.0,""relevance_score_100"":100.0,""popularity_score_100"":50.986282507404624,""score_100"":80.39451300296184,""popularity_basis"":""BeatHit master-list game rank plus track position proxy""}"
770,Assault Theme - METAL SLUG 1-3,Unknown credited artist,[],Super Smash Bros. Ultimate Enhanced Original Soundtrack (super-smash-bros.-ultimate-enhanced-original-soundtrack),,,"[""video game soundtrack""]","[""und""]",,,,Super Smash Bros. Ultimate,,,khinsider_track_prominence_proxy,50.986282507404624,score_0_100,,,,80.39451300296184,,,,https://downloads.khinsider.com/game-soundtracks/album/super-smash-bros.-ultimate-enhanced-original-soundtrack,2026-10-05,Track title is taken from KHInsider's soundtrack/gamerip album index. Popularity is an explicitly labelled proxy based on BeatHit game rank and track prominence.,"{""culture_category"":""video_game_music"",""video_game"":""Super Smash Bros. Ultimate"",""game_rank"":41,""game_association_kind"":""khinsider_game_soundtrack"",""khinsider_album_url"":""https://downloads.khinsider.com/game-soundtracks/album/super-smash-bros.-ultimate-enhanced-original-soundtrack"",""khinsider_album_title"":""Super Smash Bros. Ultimate Enhanced Original Soundtrack (super-smash-bros.-ultimate-enhanced-original-soundtrack)"",""khinsider_album_kind"":""official_or_gamerip"",""khinsider_album_match_score"":100.0,""relevance_score_100"":100.0,""popularity_score_100"":50.986282507404624,""score_100"":80.39451300296184,""popularity_basis"":""BeatHit master-list game rank plus track position proxy""}"
771,Victory! [Terry],Unknown credited artist,[],Super Smash Bros. Ultimate Enhanced Original Soundtrack (super-smash-bros.-ultimate-enhanced-original-soundtrack),,,"[""video game soundtrack""]","[""und""]",,,,Super Smash Bros. Ultimate,,,khinsider_track_prominence_proxy,50.986282507404624,score_0_100,,,,80.39451300296184,,,,https://downloads.khinsider.com/game-soundtracks/album/super-smash-bros.-ultimate-enhanced-original-soundtrack,2026-10-05,Track title is taken from KHInsider's soundtrack/gamerip album index. Popularity is an explicitly labelled proxy based on BeatHit game rank and track prominence.,"{""culture_category"":""video_game_music"",""video_game"":""Super Smash Bros. Ultimate"",""game_rank"":41,""game_association_kind"":""khinsider_game_soundtrack"",""khinsider_album_url"":""https://downloads.khinsider.com/game-soundtracks/album/super-smash-bros.-ultimate-enhanced-original-soundtrack"",""khinsider_album_title"":""Super Smash Bros. Ultimate Enhanced Original Soundtrack (super-smash-bros.-ultimate-enhanced-original-soundtrack)"",""khinsider_album_kind"":""official_or_gamerip"",""khinsider_album_match_score"":100.0,""relevance_score_100"":100.0,""popularity_score_100"":50.986282507404624,""score_100"":80.39451300296184,""popularity_basis"":""BeatHit master-list game rank plus track position proxy""}"
772,Fire Emblem Three Houses Main Theme (JP),Unknown credited artist,[],Super Smash Bros. Ultimate Enhanced Original Soundtrack (super-smash-bros.-ultimate-enhanced-original-soundtrack),,,"[""video game soundtrack""]","[""und""]",,,,Super Smash Bros. Ultimate,,,khinsider_track_prominence_proxy,50.986282507404624,score_0_100,,,,80.39451300296184,,,,https://downloads.khinsider.com/game-soundtracks/album/super-smash-bros.-ultimate-enhanced-original-soundtrack,2026-10-05,Track title is taken from KHInsider's soundtrack/gamerip album index. Popularity is an explicitly labelled proxy based on BeatHit game rank and track prominence.,"{""culture_category"":""video_game_music"",""video_game"":""Super Smash Bros. Ultimate"",""game_rank"":41,""game_association_kind"":""khinsider_game_soundtrack"",""khinsider_album_url"":""https://downloads.khinsider.com/game-soundtracks/album/super-smash-bros.-ultimate-enhanced-original-soundtrack"",""khinsider_album_title"":""Super Smash Bros. Ultimate Enhanced Original Soundtrack (super-smash-bros.-ultimate-enhanced-original-soundtrack)"",""khinsider_album_kind"":""official_or_gamerip"",""khinsider_album_match_score"":100.0,""relevance_score_100"":100.0,""popularity_score_100"":50.986282507404624,""score_100"":80.39451300296184,""popularity_basis"":""BeatHit master-list game rank plus track position proxy""}"
773,Fire Emblem Three Houses Main Theme,Unknown credited artist,[],Super Smash Bros. Ultimate Enhanced Original Soundtrack (super-smash-bros.-ultimate-enhanced-original-soundtrack),,,"[""video game soundtrack""]","[""und""]",,,,Super Smash Bros. Ultimate,,,khinsider_track_prominence_proxy,50.986282507404624,score_0_100,,,,80.39451300296184,,,,https://downloads.khinsider.com/game-soundtracks/album/super-smash-bros.-ultimate-enhanced-original-soundtrack,2026-10-05,Track title is taken from KHInsider's soundtrack/gamerip album index. Popularity is an explicitly labelled proxy based on BeatHit game rank and track prominence.,"{""culture_category"":""video_game_music"",""video_game"":""Super Smash Bros. Ultimate"",""game_rank"":41,""game_association_kind"":""khinsider_game_soundtrack"",""khinsider_album_url"":""https://downloads.khinsider.com/game-soundtracks/album/super-smash-bros.-ultimate-enhanced-original-soundtrack"",""khinsider_album_title"":""Super Smash Bros. Ultimate Enhanced Original Soundtrack (super-smash-bros.-ultimate-enhanced-original-soundtrack)"",""khinsider_album_kind"":""official_or_gamerip"",""khinsider_album_match_score"":100.0,""relevance_score_100"":100.0,""popularity_score_100"":50.986282507404624,""score_100"":80.39451300296184,""popularity_basis"":""BeatHit master-list game rank plus track position proxy""}"
774,Victory! [Byleth],Unknown credited artist,[],Super Smash Bros. Ultimate Enhanced Original Soundtrack (super-smash-bros.-ultimate-enhanced-original-soundtrack),,,"[""video game soundtrack""]","[""und""]",,,,Super Smash Bros. Ultimate,,,khinsider_track_prominence_proxy,50.986282507404624,score_0_100,,,,80.39451300296184,,,,https://downloads.khinsider.com/game-soundtracks/album/super-smash-bros.-ultimate-enhanced-original-soundtrack,2026-10-05,Track title is taken from KHInsider's soundtrack/gamerip album index. Popularity is an explicitly labelled proxy based on BeatHit game rank and track prominence.,"{""culture_category"":""video_game_music"",""video_game"":""Super Smash Bros. Ultimate"",""game_rank"":41,""game_association_kind"":""khinsider_game_soundtrack"",""khinsider_album_url"":""https://downloads.khinsider.com/game-soundtracks/album/super-smash-bros.-ultimate-enhanced-original-soundtrack"",""khinsider_album_title"":""Super Smash Bros. Ultimate Enhanced Original Soundtrack (super-smash-bros.-ultimate-enhanced-original-soundtrack)"",""khinsider_album_kind"":""official_or_gamerip"",""khinsider_album_match_score"":100.0,""relevance_score_100"":100.0,""popularity_score_100"":50.986282507404624,""score_100"":80.39451300296184,""popularity_basis"":""BeatHit master-list game rank plus track position proxy""}"
775,ARMS Grand Prix Official Theme Song [ARMS],Unknown credited artist,[],Super Smash Bros. Ultimate Enhanced Original Soundtrack (super-smash-bros.-ultimate-enhanced-original-soundtrack),,,"[""video game soundtrack""]","[""und""]",,,,Super Smash Bros. Ultimate,,,khinsider_track_prominence_proxy,50.986282507404624,score_0_100,,,,80.39451300296184,,,,https://downloads.khinsider.com/game-soundtracks/album/super-smash-bros.-ultimate-enhanced-original-soundtrack,2026-10-05,Track title is taken from KHInsider's soundtrack/gamerip album index. Popularity is an explicitly labelled proxy based on BeatHit game rank and track prominence.,"{""culture_category"":""video_game_music"",""video_game"":""Super Smash Bros. Ultimate"",""game_rank"":41,""game_association_kind"":""khinsider_game_soundtrack"",""khinsider_album_url"":""https://downloads.khinsider.com/game-soundtracks/album/super-smash-bros.-ultimate-enhanced-original-soundtrack"",""khinsider_album_title"":""Super Smash Bros. Ultimate Enhanced Original Soundtrack (super-smash-bros.-ultimate-enhanced-original-soundtrack)"",""khinsider_album_kind"":""official_or_gamerip"",""khinsider_album_match_score"":100.0,""relevance_score_100"":100.0,""popularity_score_100"":50.986282507404624,""score_100"":80.39451300296184,""popularity_basis"":""BeatHit master-list game rank plus track position proxy""}"
776,Ramen Bowl [ARMS],Unknown credited artist,[],Super Smash Bros. Ultimate Enhanced Original Soundtrack (super-smash-bros.-ultimate-enhanced-original-soundtrack),,,"[""video game soundtrack""]","[""und""]",,,,Super Smash Bros. Ultimate,,,khinsider_track_prominence_proxy,50.986282507404624,score_0_100,,,,80.39451300296184,,,,https://downloads.khinsider.com/game-soundtracks/album/super-smash-bros.-ultimate-enhanced-original-soundtrack,2026-10-05,Track title is taken from KHInsider's soundtrack/gamerip album index. Popularity is an explicitly labelled proxy based on BeatHit game rank and track prominence.,"{""culture_category"":""video_game_music"",""video_game"":""Super Smash Bros. Ultimate"",""game_rank"":41,""game_association_kind"":""khinsider_game_soundtrack"",""khinsider_album_url"":""https://downloads.khinsider.com/game-soundtracks/album/super-smash-bros.-ultimate-enhanced-original-soundtrack"",""khinsider_album_title"":""Super Smash Bros. Ultimate Enhanced Original Soundtrack (super-smash-bros.-ultimate-enhanced-original-soundtrack)"",""khinsider_album_kind"":""official_or_gamerip"",""khinsider_album_match_score"":100.0,""relevance_score_100"":100.0,""popularity_score_100"":50.986282507404624,""score_100"":80.39451300296184,""popularity_basis"":""BeatHit master-list game rank plus track position proxy""}"
777,Victory! [Min Min],Unknown credited artist,[],Super Smash Bros. Ultimate Enhanced Original Soundtrack (super-smash-bros.-ultimate-enhanced-original-soundtrack),,,"[""video game soundtrack""]","[""und""]",,,,Super Smash Bros. Ultimate,,,khinsider_track_prominence_proxy,50.986282507404624,score_0_100,,,,80.39451300296184,,,,https://downloads.khinsider.com/game-soundtracks/album/super-smash-bros.-ultimate-enhanced-original-soundtrack,2026-10-05,Track title is taken from KHInsider's soundtrack/gamerip album index. Popularity is an explicitly labelled proxy based on BeatHit game rank and track prominence.,"{""culture_category"":""video_game_music"",""video_game"":""Super Smash Bros. Ultimate"",""game_rank"":41,""game_association_kind"":""khinsider_game_soundtrack"",""khinsider_album_url"":""https://downloads.khinsider.com/game-soundtracks/album/super-smash-bros.-ultimate-enhanced-original-soundtrack"",""khinsider_album_title"":""Super Smash Bros. Ultimate Enhanced Original Soundtrack (super-smash-bros.-ultimate-enhanced-original-soundtrack)"",""khinsider_album_kind"":""official_or_gamerip"",""khinsider_album_match_score"":100.0,""relevance_score_100"":100.0,""popularity_score_100"":50.986282507404624,""score_100"":80.39451300296184,""popularity_basis"":""BeatHit master-list game rank plus track position proxy""}"
778,Halland  Dalarna [Minecraft Dungeons],Unknown credited artist,[],Super Smash Bros. Ultimate Enhanced Original Soundtrack (super-smash-bros.-ultimate-enhanced-original-soundtrack),,,"[""video game soundtrack""]","[""und""]",,,,Super Smash Bros. Ultimate,,,khinsider_track_prominence_proxy,50.986282507404624,score_0_100,,,,80.39451300296184,,,,https://downloads.khinsider.com/game-soundtracks/album/super-smash-bros.-ultimate-enhanced-original-soundtrack,2026-10-05,Track title is taken from KHInsider's soundtrack/gamerip album index. Popularity is an explicitly labelled proxy based on BeatHit game rank and track prominence.,"{""culture_category"":""video_game_music"",""video_game"":""Super Smash Bros. Ultimate"",""game_rank"":41,""game_association_kind"":""khinsider_game_soundtrack"",""khinsider_album_url"":""https://downloads.khinsider.com/game-soundtracks/album/super-smash-bros.-ultimate-enhanced-original-soundtrack"",""khinsider_album_title"":""Super Smash Bros. Ultimate Enhanced Original Soundtrack (super-smash-bros.-ultimate-enhanced-original-soundtrack)"",""khinsider_album_kind"":""official_or_gamerip"",""khinsider_album_match_score"":100.0,""relevance_score_100"":100.0,""popularity_score_100"":50.986282507404624,""score_100"":80.39451300296184,""popularity_basis"":""BeatHit master-list game rank plus track position proxy""}"
779,Earth [Minecraft Earth],Unknown credited artist,[],Super Smash Bros. Ultimate Enhanced Original Soundtrack (super-smash-bros.-ultimate-enhanced-original-soundtrack),,,"[""video game soundtrack""]","[""und""]",,,,Super Smash Bros. Ultimate,,,khinsider_track_prominence_proxy,50.986282507404624,score_0_100,,,,80.39451300296184,,,,https://downloads.khinsider.com/game-soundtracks/album/super-smash-bros.-ultimate-enhanced-original-soundtrack,2026-10-05,Track title is taken from KHInsider's soundtrack/gamerip album index. Popularity is an explicitly labelled proxy based on BeatHit game rank and track prominence.,"{""culture_category"":""video_game_music"",""video_game"":""Super Smash Bros. Ultimate"",""game_rank"":41,""game_association_kind"":""khinsider_game_soundtrack"",""khinsider_album_url"":""https://downloads.khinsider.com/game-soundtracks/album/super-smash-bros.-ultimate-enhanced-original-soundtrack"",""khinsider_album_title"":""Super Smash Bros. Ultimate Enhanced Original Soundtrack (super-smash-bros.-ultimate-enhanced-original-soundtrack)"",""khinsider_album_kind"":""official_or_gamerip"",""khinsider_album_match_score"":100.0,""relevance_score_100"":100.0,""popularity_score_100"":50.986282507404624,""score_100"":80.39451300296184,""popularity_basis"":""BeatHit master-list game rank plus track position proxy""}"
780,Toys on a Tear [Minecraft],Unknown credited artist,[],Super Smash Bros. Ultimate Enhanced Original Soundtrack (super-smash-bros.-ultimate-enhanced-original-soundtrack),,,"[""video game soundtrack""]","[""und""]",,,,Super Smash Bros. Ultimate,,,khinsider_track_prominence_proxy,50.986282507404624,score_0_100,,,,80.39451300296184,,,,https://downloads.khinsider.com/game-soundtracks/album/super-smash-bros.-ultimate-enhanced-original-soundtrack,2026-10-05,Track title is taken from KHInsider's soundtrack/gamerip album index. Popularity is an explicitly labelled proxy based on BeatHit game rank and track prominence.,"{""culture_category"":""video_game_music"",""video_game"":""Super Smash Bros. Ultimate"",""game_rank"":41,""game_association_kind"":""khinsider_game_soundtrack"",""khinsider_album_url"":""https://downloads.khinsider.com/game-soundtracks/album/super-smash-bros.-ultimate-enhanced-original-soundtrack"",""khinsider_album_title"":""Super Smash Bros. Ultimate Enhanced Original Soundtrack (super-smash-bros.-ultimate-enhanced-original-soundtrack)"",""khinsider_album_kind"":""official_or_gamerip"",""khinsider_album_match_score"":100.0,""relevance_score_100"":100.0,""popularity_score_100"":50.986282507404624,""score_100"":80.39451300296184,""popularity_basis"":""BeatHit master-list game rank plus track position proxy""}"
781,Dance of the Blocks [Minecraft],Unknown credited artist,[],Super Smash Bros. Ultimate Enhanced Original Soundtrack (super-smash-bros.-ultimate-enhanced-original-soundtrack),,,"[""video game soundtrack""]","[""und""]",,,,Super Smash Bros. Ultimate,,,khinsider_track_prominence_proxy,50.986282507404624,score_0_100,,,,80.39451300296184,,,,https://downloads.khinsider.com/game-soundtracks/album/super-smash-bros.-ultimate-enhanced-original-soundtrack,2026-10-05,Track title is taken from KHInsider's soundtrack/gamerip album index. Popularity is an explicitly labelled proxy based on BeatHit game rank and track prominence.,"{""culture_category"":""video_game_music"",""video_game"":""Super Smash Bros. Ultimate"",""game_rank"":41,""game_association_kind"":""khinsider_game_soundtrack"",""khinsider_album_url"":""https://downloads.khinsider.com/game-soundtracks/album/super-smash-bros.-ultimate-enhanced-original-soundtrack"",""khinsider_album_title"":""Super Smash Bros. Ultimate Enhanced Original Soundtrack (super-smash-bros.-ultimate-enhanced-original-soundtrack)"",""khinsider_album_kind"":""official_or_gamerip"",""khinsider_album_match_score"":100.0,""relevance_score_100"":100.0,""popularity_score_100"":50.986282507404624,""score_100"":80.39451300296184,""popularity_basis"":""BeatHit master-list game rank plus track position proxy""}"
782,Glide [Minecraft],Unknown credited artist,[],Super Smash Bros. Ultimate Enhanced Original Soundtrack (super-smash-bros.-ultimate-enhanced-original-soundtrack),,,"[""video game soundtrack""]","[""und""]",,,,Super Smash Bros. Ultimate,,,khinsider_track_prominence_proxy,50.986282507404624,score_0_100,,,,80.39451300296184,,,,https://downloads.khinsider.com/game-soundtracks/album/super-smash-bros.-ultimate-enhanced-original-soundtrack,2026-10-05,Track title is taken from KHInsider's soundtrack/gamerip album index. Popularity is an explicitly labelled proxy based on BeatHit game rank and track prominence.,"{""culture_category"":""video_game_music"",""video_game"":""Super Smash Bros. Ultimate"",""game_rank"":41,""game_association_kind"":""khinsider_game_soundtrack"",""khinsider_album_url"":""https://downloads.khinsider.com/game-soundtracks/album/super-smash-bros.-ultimate-enhanced-original-soundtrack"",""khinsider_album_title"":""Super Smash Bros. Ultimate Enhanced Original Soundtrack (super-smash-bros.-ultimate-enhanced-original-soundtrack)"",""khinsider_album_kind"":""official_or_gamerip"",""khinsider_album_match_score"":100.0,""relevance_score_100"":100.0,""popularity_score_100"":50.986282507404624,""score_100"":80.39451300296184,""popularity_basis"":""BeatHit master-list game rank plus track position proxy""}"
783,The Arch-Illager [Minecraft Dungeons],Unknown credited artist,[],Super Smash Bros. Ultimate Enhanced Original Soundtrack (super-smash-bros.-ultimate-enhanced-original-soundtrack),,,"[""video game soundtrack""]","[""und""]",,,,Super Smash Bros. Ultimate,,,khinsider_track_prominence_proxy,50.986282507404624,score_0_100,,,,80.39451300296184,,,,https://downloads.khinsider.com/game-soundtracks/album/super-smash-bros.-ultimate-enhanced-original-soundtrack,2026-10-05,Track title is taken from KHInsider's soundtrack/gamerip album index. Popularity is an explicitly labelled proxy based on BeatHit game rank and track prominence.,"{""culture_category"":""video_game_music"",""video_game"":""Super Smash Bros. Ultimate"",""game_rank"":41,""game_association_kind"":""khinsider_game_soundtrack"",""khinsider_album_url"":""https://downloads.khinsider.com/game-soundtracks/album/super-smash-bros.-ultimate-enhanced-original-soundtrack"",""khinsider_album_title"":""Super Smash Bros. Ultimate Enhanced Original Soundtrack (super-smash-bros.-ultimate-enhanced-original-soundtrack)"",""khinsider_album_kind"":""official_or_gamerip"",""khinsider_album_match_score"":100.0,""relevance_score_100"":100.0,""popularity_score_100"":50.986282507404624,""score_100"":80.39451300296184,""popularity_basis"":""BeatHit master-list game rank plus track position proxy""}"
784,Victory! [Minecraft],Unknown credited artist,[],Super Smash Bros. Ultimate Enhanced Original Soundtrack (super-smash-bros.-ultimate-enhanced-original-soundtrack),,,"[""video game soundtrack""]","[""und""]",,,,Super Smash Bros. Ultimate,,,khinsider_track_prominence_proxy,50.986282507404624,score_0_100,,,,80.39451300296184,,,,https://downloads.khinsider.com/game-soundtracks/album/super-smash-bros.-ultimate-enhanced-original-soundtrack,2026-10-05,Track title is taken from KHInsider's soundtrack/gamerip album index. Popularity is an explicitly labelled proxy based on BeatHit game rank and track prominence.,"{""culture_category"":""video_game_music"",""video_game"":""Super Smash Bros. Ultimate"",""game_rank"":41,""game_association_kind"":""khinsider_game_soundtrack"",""khinsider_album_url"":""https://downloads.khinsider.com/game-soundtracks/album/super-smash-bros.-ultimate-enhanced-original-soundtrack"",""khinsider_album_title"":""Super Smash Bros. Ultimate Enhanced Original Soundtrack (super-smash-bros.-ultimate-enhanced-original-soundtrack)"",""khinsider_album_kind"":""official_or_gamerip"",""khinsider_album_match_score"":100.0,""relevance_score_100"":100.0,""popularity_score_100"":50.986282507404624,""score_100"":80.39451300296184,""popularity_basis"":""BeatHit master-list game rank plus track position proxy""}"
785,Victory! [Sephiroth Challenge],Unknown credited artist,[],Super Smash Bros. Ultimate Enhanced Original Soundtrack (super-smash-bros.-ultimate-enhanced-original-soundtrack),,,"[""video game soundtrack""]","[""und""]",,,,Super Smash Bros. Ultimate,,,khinsider_track_prominence_proxy,50.986282507404624,score_0_100,,,,80.39451300296184,,,,https://downloads.khinsider.com/game-soundtracks/album/super-smash-bros.-ultimate-enhanced-original-soundtrack,2026-10-05,Track title is taken from KHInsider's soundtrack/gamerip album index. Popularity is an explicitly labelled proxy based on BeatHit game rank and track prominence.,"{""culture_category"":""video_game_music"",""video_game"":""Super Smash Bros. Ultimate"",""game_rank"":41,""game_association_kind"":""khinsider_game_soundtrack"",""khinsider_album_url"":""https://downloads.khinsider.com/game-soundtracks/album/super-smash-bros.-ultimate-enhanced-original-soundtrack"",""khinsider_album_title"":""Super Smash Bros. Ultimate Enhanced Original Soundtrack (super-smash-bros.-ultimate-enhanced-original-soundtrack)"",""khinsider_album_kind"":""official_or_gamerip"",""khinsider_album_match_score"":100.0,""relevance_score_100"":100.0,""popularity_score_100"":50.986282507404624,""score_100"":80.39451300296184,""popularity_basis"":""BeatHit master-list game rank plus track position proxy""}"
786,Opening - Bombing Mission [FINAL FANTASY VII],Unknown credited artist,[],Super Smash Bros. Ultimate Enhanced Original Soundtrack (super-smash-bros.-ultimate-enhanced-original-soundtrack),,,"[""video game soundtrack""]","[""und""]",,,,Super Smash Bros. Ultimate,,,khinsider_track_prominence_proxy,50.986282507404624,score_0_100,,,,80.39451300296184,,,,https://downloads.khinsider.com/game-soundtracks/album/super-smash-bros.-ultimate-enhanced-original-soundtrack,2026-10-05,Track title is taken from KHInsider's soundtrack/gamerip album index. Popularity is an explicitly labelled proxy based on BeatHit game rank and track prominence.,"{""culture_category"":""video_game_music"",""video_game"":""Super Smash Bros. Ultimate"",""game_rank"":41,""game_association_kind"":""khinsider_game_soundtrack"",""khinsider_album_url"":""https://downloads.khinsider.com/game-soundtracks/album/super-smash-bros.-ultimate-enhanced-original-soundtrack"",""khinsider_album_title"":""Super Smash Bros. Ultimate Enhanced Original Soundtrack (super-smash-bros.-ultimate-enhanced-original-soundtrack)"",""khinsider_album_kind"":""official_or_gamerip"",""khinsider_album_match_score"":100.0,""relevance_score_100"":100.0,""popularity_score_100"":50.986282507404624,""score_100"":80.39451300296184,""popularity_basis"":""BeatHit master-list game rank plus track position proxy""}"
787,Aerith's Theme [FINAL FANTASY VII],Unknown credited artist,[],Super Smash Bros. Ultimate Enhanced Original Soundtrack (super-smash-bros.-ultimate-enhanced-original-soundtrack),,,"[""video game soundtrack""]","[""und""]",,,,Super Smash Bros. Ultimate,,,khinsider_track_prominence_proxy,50.986282507404624,score_0_100,,,,80.39451300296184,,,,https://downloads.khinsider.com/game-soundtracks/album/super-smash-bros.-ultimate-enhanced-original-soundtrack,2026-10-05,Track title is taken from KHInsider's soundtrack/gamerip album index. Popularity is an explicitly labelled proxy based on BeatHit game rank and track prominence.,"{""culture_category"":""video_game_music"",""video_game"":""Super Smash Bros. Ultimate"",""game_rank"":41,""game_association_kind"":""khinsider_game_soundtrack"",""khinsider_album_url"":""https://downloads.khinsider.com/game-soundtracks/album/super-smash-bros.-ultimate-enhanced-original-soundtrack"",""khinsider_album_title"":""Super Smash Bros. Ultimate Enhanced Original Soundtrack (super-smash-bros.-ultimate-enhanced-original-soundtrack)"",""khinsider_album_kind"":""official_or_gamerip"",""khinsider_album_match_score"":100.0,""relevance_score_100"":100.0,""popularity_score_100"":50.986282507404624,""score_100"":80.39451300296184,""popularity_basis"":""BeatHit master-list game rank plus track position proxy""}"
788,Main Theme of FINAL FANTASY VII,Unknown credited artist,[],Super Smash Bros. Ultimate Enhanced Original Soundtrack (super-smash-bros.-ultimate-enhanced-original-soundtrack),,,"[""video game soundtrack""]","[""und""]",,,,Super Smash Bros. Ultimate,,,khinsider_track_prominence_proxy,50.986282507404624,score_0_100,,,,80.39451300296184,,,,https://downloads.khinsider.com/game-soundtracks/album/super-smash-bros.-ultimate-enhanced-original-soundtrack,2026-10-05,Track title is taken from KHInsider's soundtrack/gamerip album index. Popularity is an explicitly labelled proxy based on BeatHit game rank and track prominence.,"{""culture_category"":""video_game_music"",""video_game"":""Super Smash Bros. Ultimate"",""game_rank"":41,""game_association_kind"":""khinsider_game_soundtrack"",""khinsider_album_url"":""https://downloads.khinsider.com/game-soundtracks/album/super-smash-bros.-ultimate-enhanced-original-soundtrack"",""khinsider_album_title"":""Super Smash Bros. Ultimate Enhanced Original Soundtrack (super-smash-bros.-ultimate-enhanced-original-soundtrack)"",""khinsider_album_kind"":""official_or_gamerip"",""khinsider_album_match_score"":100.0,""relevance_score_100"":100.0,""popularity_score_100"":50.986282507404624,""score_100"":80.39451300296184,""popularity_basis"":""BeatHit master-list game rank plus track position proxy""}"
789,Cosmo Canyon [FINAL FANTASY VII],Unknown credited artist,[],Super Smash Bros. Ultimate Enhanced Original Soundtrack (super-smash-bros.-ultimate-enhanced-original-soundtrack),,,"[""video game soundtrack""]","[""und""]",,,,Super Smash Bros. Ultimate,,,khinsider_track_prominence_proxy,50.986282507404624,score_0_100,,,,80.39451300296184,,,,https://downloads.khinsider.com/game-soundtracks/album/super-smash-bros.-ultimate-enhanced-original-soundtrack,2026-10-05,Track title is taken from KHInsider's soundtrack/gamerip album index. Popularity is an explicitly labelled proxy based on BeatHit game rank and track prominence.,"{""culture_category"":""video_game_music"",""video_game"":""Super Smash Bros. Ultimate"",""game_rank"":41,""game_association_kind"":""khinsider_game_soundtrack"",""khinsider_album_url"":""https://downloads.khinsider.com/game-soundtracks/album/super-smash-bros.-ultimate-enhanced-original-soundtrack"",""khinsider_album_title"":""Super Smash Bros. Ultimate Enhanced Original Soundtrack (super-smash-bros.-ultimate-enhanced-original-soundtrack)"",""khinsider_album_kind"":""official_or_gamerip"",""khinsider_album_match_score"":100.0,""relevance_score_100"":100.0,""popularity_score_100"":50.986282507404624,""score_100"":80.39451300296184,""popularity_basis"":""BeatHit master-list game rank plus track position proxy""}"
790,Victory! [Sephiroth],Unknown credited artist,[],Super Smash Bros. Ultimate Enhanced Original Soundtrack (super-smash-bros.-ultimate-enhanced-original-soundtrack),,,"[""video game soundtrack""]","[""und""]",,,,Super Smash Bros. Ultimate,,,khinsider_track_prominence_proxy,50.986282507404624,score_0_100,,,,80.39451300296184,,,,https://downloads.khinsider.com/game-soundtracks/album/super-smash-bros.-ultimate-enhanced-original-soundtrack,2026-10-05,Track title is taken from KHInsider's soundtrack/gamerip album index. Popularity is an explicitly labelled proxy based on BeatHit game rank and track prominence.,"{""culture_category"":""video_game_music"",""video_game"":""Super Smash Bros. Ultimate"",""game_rank"":41,""game_association_kind"":""khinsider_game_soundtrack"",""khinsider_album_url"":""https://downloads.khinsider.com/game-soundtracks/album/super-smash-bros.-ultimate-enhanced-original-soundtrack"",""khinsider_album_title"":""Super Smash Bros. Ultimate Enhanced Original Soundtrack (super-smash-bros.-ultimate-enhanced-original-soundtrack)"",""khinsider_album_kind"":""official_or_gamerip"",""khinsider_album_match_score"":100.0,""relevance_score_100"":100.0,""popularity_score_100"":50.986282507404624,""score_100"":80.39451300296184,""popularity_basis"":""BeatHit master-list game rank plus track position proxy""}"
791,Xenoblade Chronicles 2 Medley,Unknown credited artist,[],Super Smash Bros. Ultimate Enhanced Original Soundtrack (super-smash-bros.-ultimate-enhanced-original-soundtrack),,,"[""video game soundtrack""]","[""und""]",,,,Super Smash Bros. Ultimate,,,khinsider_track_prominence_proxy,50.986282507404624,score_0_100,,,,80.39451300296184,,,,https://downloads.khinsider.com/game-soundtracks/album/super-smash-bros.-ultimate-enhanced-original-soundtrack,2026-10-05,Track title is taken from KHInsider's soundtrack/gamerip album index. Popularity is an explicitly labelled proxy based on BeatHit game rank and track prominence.,"{""culture_category"":""video_game_music"",""video_game"":""Super Smash Bros. Ultimate"",""game_rank"":41,""game_association_kind"":""khinsider_game_soundtrack"",""khinsider_album_url"":""https://downloads.khinsider.com/game-soundtracks/album/super-smash-bros.-ultimate-enhanced-original-soundtrack"",""khinsider_album_title"":""Super Smash Bros. Ultimate Enhanced Original Soundtrack (super-smash-bros.-ultimate-enhanced-original-soundtrack)"",""khinsider_album_kind"":""official_or_gamerip"",""khinsider_album_match_score"":100.0,""relevance_score_100"":100.0,""popularity_score_100"":50.986282507404624,""score_100"":80.39451300296184,""popularity_basis"":""BeatHit master-list game rank plus track position proxy""}"
792,Tiger! Tiger! [Xenoblade Chronicles 2],Unknown credited artist,[],Super Smash Bros. Ultimate Enhanced Original Soundtrack (super-smash-bros.-ultimate-enhanced-original-soundtrack),,,"[""video game soundtrack""]","[""und""]",,,,Super Smash Bros. Ultimate,,,khinsider_track_prominence_proxy,50.986282507404624,score_0_100,,,,80.39451300296184,,,,https://downloads.khinsider.com/game-soundtracks/album/super-smash-bros.-ultimate-enhanced-original-soundtrack,2026-10-05,Track title is taken from KHInsider's soundtrack/gamerip album index. Popularity is an explicitly labelled proxy based on BeatHit game rank and track prominence.,"{""culture_category"":""video_game_music"",""video_game"":""Super Smash Bros. Ultimate"",""game_rank"":41,""game_association_kind"":""khinsider_game_soundtrack"",""khinsider_album_url"":""https://downloads.khinsider.com/game-soundtracks/album/super-smash-bros.-ultimate-enhanced-original-soundtrack"",""khinsider_album_title"":""Super Smash Bros. Ultimate Enhanced Original Soundtrack (super-smash-bros.-ultimate-enhanced-original-soundtrack)"",""khinsider_album_kind"":""official_or_gamerip"",""khinsider_album_match_score"":100.0,""relevance_score_100"":100.0,""popularity_score_100"":50.986282507404624,""score_100"":80.39451300296184,""popularity_basis"":""BeatHit master-list game rank plus track position proxy""}"
793,Counterattack [Xenoblade Chronicles 2],Unknown credited artist,[],Super Smash Bros. Ultimate Enhanced Original Soundtrack (super-smash-bros.-ultimate-enhanced-original-soundtrack),,,"[""video game soundtrack""]","[""und""]",,,,Super Smash Bros. Ultimate,,,khinsider_track_prominence_proxy,50.986282507404624,score_0_100,,,,80.39451300296184,,,,https://downloads.khinsider.com/game-soundtracks/album/super-smash-bros.-ultimate-enhanced-original-soundtrack,2026-10-05,Track title is taken from KHInsider's soundtrack/gamerip album index. Popularity is an explicitly labelled proxy based on BeatHit game rank and track prominence.,"{""culture_category"":""video_game_music"",""video_game"":""Super Smash Bros. Ultimate"",""game_rank"":41,""game_association_kind"":""khinsider_game_soundtrack"",""khinsider_album_url"":""https://downloads.khinsider.com/game-soundtracks/album/super-smash-bros.-ultimate-enhanced-original-soundtrack"",""khinsider_album_title"":""Super Smash Bros. Ultimate Enhanced Original Soundtrack (super-smash-bros.-ultimate-enhanced-original-soundtrack)"",""khinsider_album_kind"":""official_or_gamerip"",""khinsider_album_match_score"":100.0,""relevance_score_100"":100.0,""popularity_score_100"":50.986282507404624,""score_100"":80.39451300296184,""popularity_basis"":""BeatHit master-list game rank plus track position proxy""}"
794,Victory! [PyraMythra],Unknown credited artist,[],Super Smash Bros. Ultimate Enhanced Original Soundtrack (super-smash-bros.-ultimate-enhanced-original-soundtrack),,,"[""video game soundtrack""]","[""und""]",,,,Super Smash Bros. Ultimate,,,khinsider_track_prominence_proxy,50.986282507404624,score_0_100,,,,80.39451300296184,,,,https://downloads.khinsider.com/game-soundtracks/album/super-smash-bros.-ultimate-enhanced-original-soundtrack,2026-10-05,Track title is taken from KHInsider's soundtrack/gamerip album index. Popularity is an explicitly labelled proxy based on BeatHit game rank and track prominence.,"{""culture_category"":""video_game_music"",""video_game"":""Super Smash Bros. Ultimate"",""game_rank"":41,""game_association_kind"":""khinsider_game_soundtrack"",""khinsider_album_url"":""https://downloads.khinsider.com/game-soundtracks/album/super-smash-bros.-ultimate-enhanced-original-soundtrack"",""khinsider_album_title"":""Super Smash Bros. Ultimate Enhanced Original Soundtrack (super-smash-bros.-ultimate-enhanced-original-soundtrack)"",""khinsider_album_kind"":""official_or_gamerip"",""khinsider_album_match_score"":100.0,""relevance_score_100"":100.0,""popularity_score_100"":50.986282507404624,""score_100"":80.39451300296184,""popularity_basis"":""BeatHit master-list game rank plus track position proxy""}"
795,"Kazuya Mishima, Devil Kazuya [Tekken 2]",Unknown credited artist,[],Super Smash Bros. Ultimate Enhanced Original Soundtrack (super-smash-bros.-ultimate-enhanced-original-soundtrack),,,"[""video game soundtrack""]","[""und""]",,,,Super Smash Bros. Ultimate,,,khinsider_track_prominence_proxy,50.986282507404624,score_0_100,,,,80.39451300296184,,,,https://downloads.khinsider.com/game-soundtracks/album/super-smash-bros.-ultimate-enhanced-original-soundtrack,2026-10-05,Track title is taken from KHInsider's soundtrack/gamerip album index. Popularity is an explicitly labelled proxy based on BeatHit game rank and track prominence.,"{""culture_category"":""video_game_music"",""video_game"":""Super Smash Bros. Ultimate"",""game_rank"":41,""game_association_kind"":""khinsider_game_soundtrack"",""khinsider_album_url"":""https://downloads.khinsider.com/game-soundtracks/album/super-smash-bros.-ultimate-enhanced-original-soundtrack"",""khinsider_album_title"":""Super Smash Bros. Ultimate Enhanced Original Soundtrack (super-smash-bros.-ultimate-enhanced-original-soundtrack)"",""khinsider_album_kind"":""official_or_gamerip"",""khinsider_album_match_score"":100.0,""relevance_score_100"":100.0,""popularity_score_100"":50.986282507404624,""score_100"":80.39451300296184,""popularity_basis"":""BeatHit master-list game rank plus track position proxy""}"
796,Dist Thins Out [Tekken 6 Bloodline Rebellion],Unknown credited artist,[],Super Smash Bros. Ultimate Enhanced Original Soundtrack (super-smash-bros.-ultimate-enhanced-original-soundtrack),,,"[""video game soundtrack""]","[""und""]",,,,Super Smash Bros. Ultimate,,,khinsider_track_prominence_proxy,50.986282507404624,score_0_100,,,,80.39451300296184,,,,https://downloads.khinsider.com/game-soundtracks/album/super-smash-bros.-ultimate-enhanced-original-soundtrack,2026-10-05,Track title is taken from KHInsider's soundtrack/gamerip album index. Popularity is an explicitly labelled proxy based on BeatHit game rank and track prominence.,"{""culture_category"":""video_game_music"",""video_game"":""Super Smash Bros. Ultimate"",""game_rank"":41,""game_association_kind"":""khinsider_game_soundtrack"",""khinsider_album_url"":""https://downloads.khinsider.com/game-soundtracks/album/super-smash-bros.-ultimate-enhanced-original-soundtrack"",""khinsider_album_title"":""Super Smash Bros. Ultimate Enhanced Original Soundtrack (super-smash-bros.-ultimate-enhanced-original-soundtrack)"",""khinsider_album_kind"":""official_or_gamerip"",""khinsider_album_match_score"":100.0,""relevance_score_100"":100.0,""popularity_score_100"":50.986282507404624,""score_100"":80.39451300296184,""popularity_basis"":""BeatHit master-list game rank plus track position proxy""}"
797,Karma [Tekken 6 Bloodline Rebellion],Unknown credited artist,[],Super Smash Bros. Ultimate Enhanced Original Soundtrack (super-smash-bros.-ultimate-enhanced-original-soundtrack),,,"[""video game soundtrack""]","[""und""]",,,,Super Smash Bros. Ultimate,,,khinsider_track_prominence_proxy,50.986282507404624,score_0_100,,,,80.39451300296184,,,,https://downloads.khinsider.com/game-soundtracks/album/super-smash-bros.-ultimate-enhanced-original-soundtrack,2026-10-05,Track title is taken from KHInsider's soundtrack/gamerip album index. Popularity is an explicitly labelled proxy based on BeatHit game rank and track prominence.,"{""culture_category"":""video_game_music"",""video_game"":""Super Smash Bros. Ultimate"",""game_rank"":41,""game_association_kind"":""khinsider_game_soundtrack"",""khinsider_album_url"":""https://downloads.khinsider.com/game-soundtracks/album/super-smash-bros.-ultimate-enhanced-original-soundtrack"",""khinsider_album_title"":""Super Smash Bros. Ultimate Enhanced Original Soundtrack (super-smash-bros.-ultimate-enhanced-original-soundtrack)"",""khinsider_album_kind"":""official_or_gamerip"",""khinsider_album_match_score"":100.0,""relevance_score_100"":100.0,""popularity_score_100"":50.986282507404624,""score_100"":80.39451300296184,""popularity_basis"":""BeatHit master-list game rank plus track position proxy""}"
798,Landscape Under the Ghost-Kaminano [Tekken Tag Tournament 2],Unknown credited artist,[],Super Smash Bros. Ultimate Enhanced Original Soundtrack (super-smash-bros.-ultimate-enhanced-original-soundtrack),,,"[""video game soundtrack""]","[""und""]",,,,Super Smash Bros. Ultimate,,,khinsider_track_prominence_proxy,50.986282507404624,score_0_100,,,,80.39451300296184,,,,https://downloads.khinsider.com/game-soundtracks/album/super-smash-bros.-ultimate-enhanced-original-soundtrack,2026-10-05,Track title is taken from KHInsider's soundtrack/gamerip album index. Popularity is an explicitly labelled proxy based on BeatHit game rank and track prominence.,"{""culture_category"":""video_game_music"",""video_game"":""Super Smash Bros. Ultimate"",""game_rank"":41,""game_association_kind"":""khinsider_game_soundtrack"",""khinsider_album_url"":""https://downloads.khinsider.com/game-soundtracks/album/super-smash-bros.-ultimate-enhanced-original-soundtrack"",""khinsider_album_title"":""Super Smash Bros. Ultimate Enhanced Original Soundtrack (super-smash-bros.-ultimate-enhanced-original-soundtrack)"",""khinsider_album_kind"":""official_or_gamerip"",""khinsider_album_match_score"":100.0,""relevance_score_100"":100.0,""popularity_score_100"":50.986282507404624,""score_100"":80.39451300296184,""popularity_basis"":""BeatHit master-list game rank plus track position proxy""}"
799,Dojo (Japanese-Style Mix) [Tekken 7],Unknown credited artist,[],Super Smash Bros. Ultimate Enhanced Original Soundtrack (super-smash-bros.-ultimate-enhanced-original-soundtrack),,,"[""video game soundtrack""]","[""und""]",,,,Super Smash Bros. Ultimate,,,khinsider_track_prominence_proxy,50.986282507404624,score_0_100,,,,80.39451300296184,,,,https://downloads.khinsider.com/game-soundtracks/album/super-smash-bros.-ultimate-enhanced-original-soundtrack,2026-10-05,Track title is taken from KHInsider's soundtrack/gamerip album index. Popularity is an explicitly labelled proxy based on BeatHit game rank and track prominence.,"{""culture_category"":""video_game_music"",""video_game"":""Super Smash Bros. Ultimate"",""game_rank"":41,""game_association_kind"":""khinsider_game_soundtrack"",""khinsider_album_url"":""https://downloads.khinsider.com/game-soundtracks/album/super-smash-bros.-ultimate-enhanced-original-soundtrack"",""khinsider_album_title"":""Super Smash Bros. Ultimate Enhanced Original Soundtrack (super-smash-bros.-ultimate-enhanced-original-soundtrack)"",""khinsider_album_kind"":""official_or_gamerip"",""khinsider_album_match_score"":100.0,""relevance_score_100"":100.0,""popularity_score_100"":50.986282507404624,""score_100"":80.39451300296184,""popularity_basis"":""BeatHit master-list game rank plus track position proxy""}"
800,Moonsiders 1st [Tekken 7],Unknown credited artist,[],Super Smash Bros. Ultimate Enhanced Original Soundtrack (super-smash-bros.-ultimate-enhanced-original-soundtrack),,,"[""video game soundtrack""]","[""und""]",,,,Super Smash Bros. Ultimate,,,khinsider_track_prominence_proxy,50.986282507404624,score_0_100,,,,80.39451300296184,,,,https://downloads.khinsider.com/game-soundtracks/album/super-smash-bros.-ultimate-enhanced-original-soundtrack,2026-10-05,Track title is taken from KHInsider's soundtrack/gamerip album index. Popularity is an explicitly labelled proxy based on BeatHit game rank and track prominence.,"{""culture_category"":""video_game_music"",""video_game"":""Super Smash Bros. Ultimate"",""game_rank"":41,""game_association_kind"":""khinsider_game_soundtrack"",""khinsider_album_url"":""https://downloads.khinsider.com/game-soundtracks/album/super-smash-bros.-ultimate-enhanced-original-soundtrack"",""khinsider_album_title"":""Super Smash Bros. Ultimate Enhanced Original Soundtrack (super-smash-bros.-ultimate-enhanced-original-soundtrack)"",""khinsider_album_kind"":""official_or_gamerip"",""khinsider_album_match_score"":100.0,""relevance_score_100"":100.0,""popularity_score_100"":50.986282507404624,""score_100"":80.39451300296184,""popularity_basis"":""BeatHit master-list game rank plus track position proxy""}"
801,Desperate Struggle [Tekken 7],Unknown credited artist,[],Super Smash Bros. Ultimate Enhanced Original Soundtrack (super-smash-bros.-ultimate-enhanced-original-soundtrack),,,"[""video game soundtrack""]","[""und""]",,,,Super Smash Bros. Ultimate,,,khinsider_track_prominence_proxy,50.986282507404624,score_0_100,,,,80.39451300296184,,,,https://downloads.khinsider.com/game-soundtracks/album/super-smash-bros.-ultimate-enhanced-original-soundtrack,2026-10-05,Track title is taken from KHInsider's soundtrack/gamerip album index. Popularity is an explicitly labelled proxy based on BeatHit game rank and track prominence.,"{""culture_category"":""video_game_music"",""video_game"":""Super Smash Bros. Ultimate"",""game_rank"":41,""game_association_kind"":""khinsider_game_soundtrack"",""khinsider_album_url"":""https://downloads.khinsider.com/game-soundtracks/album/super-smash-bros.-ultimate-enhanced-original-soundtrack"",""khinsider_album_title"":""Super Smash Bros. Ultimate Enhanced Original Soundtrack (super-smash-bros.-ultimate-enhanced-original-soundtrack)"",""khinsider_album_kind"":""official_or_gamerip"",""khinsider_album_match_score"":100.0,""relevance_score_100"":100.0,""popularity_score_100"":50.986282507404624,""score_100"":80.39451300296184,""popularity_basis"":""BeatHit master-list game rank plus track position proxy""}"
802,Aloneness [Tekken 7],Unknown credited artist,[],Super Smash Bros. Ultimate Enhanced Original Soundtrack (super-smash-bros.-ultimate-enhanced-original-soundtrack),,,"[""video game soundtrack""]","[""und""]",,,,Super Smash Bros. Ultimate,,,khinsider_track_prominence_proxy,50.986282507404624,score_0_100,,,,80.39451300296184,,,,https://downloads.khinsider.com/game-soundtracks/album/super-smash-bros.-ultimate-enhanced-original-soundtrack,2026-10-05,Track title is taken from KHInsider's soundtrack/gamerip album index. Popularity is an explicitly labelled proxy based on BeatHit game rank and track prominence.,"{""culture_category"":""video_game_music"",""video_game"":""Super Smash Bros. Ultimate"",""game_rank"":41,""game_association_kind"":""khinsider_game_soundtrack"",""khinsider_album_url"":""https://downloads.khinsider.com/game-soundtracks/album/super-smash-bros.-ultimate-enhanced-original-soundtrack"",""khinsider_album_title"":""Super Smash Bros. Ultimate Enhanced Original Soundtrack (super-smash-bros.-ultimate-enhanced-original-soundtrack)"",""khinsider_album_kind"":""official_or_gamerip"",""khinsider_album_match_score"":100.0,""relevance_score_100"":100.0,""popularity_score_100"":50.986282507404624,""score_100"":80.39451300296184,""popularity_basis"":""BeatHit master-list game rank plus track position proxy""}"
803,Victory! [Sora],Unknown credited artist,[],Super Smash Bros. Ultimate Enhanced Original Soundtrack (super-smash-bros.-ultimate-enhanced-original-soundtrack),,,"[""video game soundtrack""]","[""und""]",,,,Super Smash Bros. Ultimate,,,khinsider_track_prominence_proxy,50.986282507404624,score_0_100,,,,80.39451300296184,,,,https://downloads.khinsider.com/game-soundtracks/album/super-smash-bros.-ultimate-enhanced-original-soundtrack,2026-10-05,Track title is taken from KHInsider's soundtrack/gamerip album index. Popularity is an explicitly labelled proxy based on BeatHit game rank and track prominence.,"{""culture_category"":""video_game_music"",""video_game"":""Super Smash Bros. Ultimate"",""game_rank"":41,""game_association_kind"":""khinsider_game_soundtrack"",""khinsider_album_url"":""https://downloads.khinsider.com/game-soundtracks/album/super-smash-bros.-ultimate-enhanced-original-soundtrack"",""khinsider_album_title"":""Super Smash Bros. Ultimate Enhanced Original Soundtrack (super-smash-bros.-ultimate-enhanced-original-soundtrack)"",""khinsider_album_kind"":""official_or_gamerip"",""khinsider_album_match_score"":100.0,""relevance_score_100"":100.0,""popularity_score_100"":50.986282507404624,""score_100"":80.39451300296184,""popularity_basis"":""BeatHit master-list game rank plus track position proxy""}"
804,Master Hand - Super Smash Bros. for 3DS  -  Wii U,Unknown credited artist,[],Super Smash Bros. Ultimate Vol. 01 - Super Smash Bros. (super-smash-bros.-ultimate-expanded-vol.-01-super-smash-bros.-switch-gamerip-2018),,,"[""video game soundtrack""]","[""und""]",,,,Super Smash Bros. Ultimate,,,khinsider_track_prominence_proxy,50.986282507404624,score_0_100,,,,80.39451300296184,,,,https://downloads.khinsider.com/game-soundtracks/album/super-smash-bros.-ultimate-expanded-vol.-01-super-smash-bros.-switch-gamerip-2018,2026-10-05,Track title is taken from KHInsider's soundtrack/gamerip album index. Popularity is an explicitly labelled proxy based on BeatHit game rank and track prominence.,"{""culture_category"":""video_game_music"",""video_game"":""Super Smash Bros. Ultimate"",""game_rank"":41,""game_association_kind"":""khinsider_game_soundtrack"",""khinsider_album_url"":""https://downloads.khinsider.com/game-soundtracks/album/super-smash-bros.-ultimate-expanded-vol.-01-super-smash-bros.-switch-gamerip-2018"",""khinsider_album_title"":""Super Smash Bros. Ultimate Vol. 01 - Super Smash Bros. (super-smash-bros.-ultimate-expanded-vol.-01-super-smash-bros.-switch-gamerip-2018)"",""khinsider_album_kind"":""official_or_gamerip"",""khinsider_album_match_score"":100.0,""relevance_score_100"":100.0,""popularity_score_100"":50.986282507404624,""score_100"":80.39451300296184,""popularity_basis"":""BeatHit master-list game rank plus track position proxy""}"
805,Master Core,Unknown credited artist,[],Super Smash Bros. Ultimate Vol. 01 - Super Smash Bros. (super-smash-bros.-ultimate-expanded-vol.-01-super-smash-bros.-switch-gamerip-2018),,,"[""video game soundtrack""]","[""und""]",,,,Super Smash Bros. Ultimate,,,khinsider_track_prominence_proxy,50.986282507404624,score_0_100,,,,80.39451300296184,,,,https://downloads.khinsider.com/game-soundtracks/album/super-smash-bros.-ultimate-expanded-vol.-01-super-smash-bros.-switch-gamerip-2018,2026-10-05,Track title is taken from KHInsider's soundtrack/gamerip album index. Popularity is an explicitly labelled proxy based on BeatHit game rank and track prominence.,"{""culture_category"":""video_game_music"",""video_game"":""Super Smash Bros. Ultimate"",""game_rank"":41,""game_association_kind"":""khinsider_game_soundtrack"",""khinsider_album_url"":""https://downloads.khinsider.com/game-soundtracks/album/super-smash-bros.-ultimate-expanded-vol.-01-super-smash-bros.-switch-gamerip-2018"",""khinsider_album_title"":""Super Smash Bros. Ultimate Vol. 01 - Super Smash Bros. (super-smash-bros.-ultimate-expanded-vol.-01-super-smash-bros.-switch-gamerip-2018)"",""khinsider_album_kind"":""official_or_gamerip"",""khinsider_album_match_score"":100.0,""relevance_score_100"":100.0,""popularity_score_100"":50.986282507404624,""score_100"":80.39451300296184,""popularity_basis"":""BeatHit master-list game rank plus track position proxy""}"
806,Master Fortress - First Wave,Unknown credited artist,[],Super Smash Bros. Ultimate Vol. 01 - Super Smash Bros. (super-smash-bros.-ultimate-expanded-vol.-01-super-smash-bros.-switch-gamerip-2018),,,"[""video game soundtrack""]","[""und""]",,,,Super Smash Bros. Ultimate,,,khinsider_track_prominence_proxy,50.986282507404624,score_0_100,,,,80.39451300296184,,,,https://downloads.khinsider.com/game-soundtracks/album/super-smash-bros.-ultimate-expanded-vol.-01-super-smash-bros.-switch-gamerip-2018,2026-10-05,Track title is taken from KHInsider's soundtrack/gamerip album index. Popularity is an explicitly labelled proxy based on BeatHit game rank and track prominence.,"{""culture_category"":""video_game_music"",""video_game"":""Super Smash Bros. Ultimate"",""game_rank"":41,""game_association_kind"":""khinsider_game_soundtrack"",""khinsider_album_url"":""https://downloads.khinsider.com/game-soundtracks/album/super-smash-bros.-ultimate-expanded-vol.-01-super-smash-bros.-switch-gamerip-2018"",""khinsider_album_title"":""Super Smash Bros. Ultimate Vol. 01 - Super Smash Bros. (super-smash-bros.-ultimate-expanded-vol.-01-super-smash-bros.-switch-gamerip-2018)"",""khinsider_album_kind"":""official_or_gamerip"",""khinsider_album_match_score"":100.0,""relevance_score_100"":100.0,""popularity_score_100"":50.986282507404624,""score_100"":80.39451300296184,""popularity_basis"":""BeatHit master-list game rank plus track position proxy""}"
807,Master Fortress - Second Wave,Unknown credited artist,[],Super Smash Bros. Ultimate Vol. 01 - Super Smash Bros. (super-smash-bros.-ultimate-expanded-vol.-01-super-smash-bros.-switch-gamerip-2018),,,"[""video game soundtrack""]","[""und""]",,,,Super Smash Bros. Ultimate,,,khinsider_track_prominence_proxy,50.986282507404624,score_0_100,,,,80.39451300296184,,,,https://downloads.khinsider.com/game-soundtracks/album/super-smash-bros.-ultimate-expanded-vol.-01-super-smash-bros.-switch-gamerip-2018,2026-10-05,Track title is taken from KHInsider's soundtrack/gamerip album index. Popularity is an explicitly labelled proxy based on BeatHit game rank and track prominence.,"{""culture_category"":""video_game_music"",""video_game"":""Super Smash Bros. Ultimate"",""game_rank"":41,""game_association_kind"":""khinsider_game_soundtrack"",""khinsider_album_url"":""https://downloads.khinsider.com/game-soundtracks/album/super-smash-bros.-ultimate-expanded-vol.-01-super-smash-bros.-switch-gamerip-2018"",""khinsider_album_title"":""Super Smash Bros. Ultimate Vol. 01 - Super Smash Bros. (super-smash-bros.-ultimate-expanded-vol.-01-super-smash-bros.-switch-gamerip-2018)"",""khinsider_album_kind"":""official_or_gamerip"",""khinsider_album_match_score"":100.0,""relevance_score_100"":100.0,""popularity_score_100"":50.986282507404624,""score_100"":80.39451300296184,""popularity_basis"":""BeatHit master-list game rank plus track position proxy""}"
808,Master Orders - Ticket Selection,Unknown credited artist,[],Super Smash Bros. Ultimate Vol. 01 - Super Smash Bros. (super-smash-bros.-ultimate-expanded-vol.-01-super-smash-bros.-switch-gamerip-2018),,,"[""video game soundtrack""]","[""und""]",,,,Super Smash Bros. Ultimate,,,khinsider_track_prominence_proxy,50.986282507404624,score_0_100,,,,80.39451300296184,,,,https://downloads.khinsider.com/game-soundtracks/album/super-smash-bros.-ultimate-expanded-vol.-01-super-smash-bros.-switch-gamerip-2018,2026-10-05,Track title is taken from KHInsider's soundtrack/gamerip album index. Popularity is an explicitly labelled proxy based on BeatHit game rank and track prominence.,"{""culture_category"":""video_game_music"",""video_game"":""Super Smash Bros. Ultimate"",""game_rank"":41,""game_association_kind"":""khinsider_game_soundtrack"",""khinsider_album_url"":""https://downloads.khinsider.com/game-soundtracks/album/super-smash-bros.-ultimate-expanded-vol.-01-super-smash-bros.-switch-gamerip-2018"",""khinsider_album_title"":""Super Smash Bros. Ultimate Vol. 01 - Super Smash Bros. (super-smash-bros.-ultimate-expanded-vol.-01-super-smash-bros.-switch-gamerip-2018)"",""khinsider_album_kind"":""official_or_gamerip"",""khinsider_album_match_score"":100.0,""relevance_score_100"":100.0,""popularity_score_100"":50.986282507404624,""score_100"":80.39451300296184,""popularity_basis"":""BeatHit master-list game rank plus track position proxy""}"
809,Trophy Rush,Unknown credited artist,[],Super Smash Bros. Ultimate Vol. 01 - Super Smash Bros. (super-smash-bros.-ultimate-expanded-vol.-01-super-smash-bros.-switch-gamerip-2018),,,"[""video game soundtrack""]","[""und""]",,,,Super Smash Bros. Ultimate,,,khinsider_track_prominence_proxy,50.986282507404624,score_0_100,,,,80.39451300296184,,,,https://downloads.khinsider.com/game-soundtracks/album/super-smash-bros.-ultimate-expanded-vol.-01-super-smash-bros.-switch-gamerip-2018,2026-10-05,Track title is taken from KHInsider's soundtrack/gamerip album index. Popularity is an explicitly labelled proxy based on BeatHit game rank and track prominence.,"{""culture_category"":""video_game_music"",""video_game"":""Super Smash Bros. Ultimate"",""game_rank"":41,""game_association_kind"":""khinsider_game_soundtrack"",""khinsider_album_url"":""https://downloads.khinsider.com/game-soundtracks/album/super-smash-bros.-ultimate-expanded-vol.-01-super-smash-bros.-switch-gamerip-2018"",""khinsider_album_title"":""Super Smash Bros. Ultimate Vol. 01 - Super Smash Bros. (super-smash-bros.-ultimate-expanded-vol.-01-super-smash-bros.-switch-gamerip-2018)"",""khinsider_album_kind"":""official_or_gamerip"",""khinsider_album_match_score"":100.0,""relevance_score_100"":100.0,""popularity_score_100"":50.986282507404624,""score_100"":80.39451300296184,""popularity_basis"":""BeatHit master-list game rank plus track position proxy""}"
810,Trophy Shop,Unknown credited artist,[],Super Smash Bros. Ultimate Vol. 01 - Super Smash Bros. (super-smash-bros.-ultimate-expanded-vol.-01-super-smash-bros.-switch-gamerip-2018),,,"[""video game soundtrack""]","[""und""]",,,,Super Smash Bros. Ultimate,,,khinsider_track_prominence_proxy,50.986282507404624,score_0_100,,,,80.39451300296184,,,,https://downloads.khinsider.com/game-soundtracks/album/super-smash-bros.-ultimate-expanded-vol.-01-super-smash-bros.-switch-gamerip-2018,2026-10-05,Track title is taken from KHInsider's soundtrack/gamerip album index. Popularity is an explicitly labelled proxy based on BeatHit game rank and track prominence.,"{""culture_category"":""video_game_music"",""video_game"":""Super Smash Bros. Ultimate"",""game_rank"":41,""game_association_kind"":""khinsider_game_soundtrack"",""khinsider_album_url"":""https://downloads.khinsider.com/game-soundtracks/album/super-smash-bros.-ultimate-expanded-vol.-01-super-smash-bros.-switch-gamerip-2018"",""khinsider_album_title"":""Super Smash Bros. Ultimate Vol. 01 - Super Smash Bros. (super-smash-bros.-ultimate-expanded-vol.-01-super-smash-bros.-switch-gamerip-2018)"",""khinsider_album_kind"":""official_or_gamerip"",""khinsider_album_match_score"":100.0,""relevance_score_100"":100.0,""popularity_score_100"":50.986282507404624,""score_100"":80.39451300296184,""popularity_basis"":""BeatHit master-list game rank plus track position proxy""}"
811,Gallery - Hoard,Unknown credited artist,[],Super Smash Bros. Ultimate Vol. 01 - Super Smash Bros. (super-smash-bros.-ultimate-expanded-vol.-01-super-smash-bros.-switch-gamerip-2018),,,"[""video game soundtrack""]","[""und""]",,,,Super Smash Bros. Ultimate,,,khinsider_track_prominence_proxy,50.986282507404624,score_0_100,,,,80.39451300296184,,,,https://downloads.khinsider.com/game-soundtracks/album/super-smash-bros.-ultimate-expanded-vol.-01-super-smash-bros.-switch-gamerip-2018,2026-10-05,Track title is taken from KHInsider's soundtrack/gamerip album index. Popularity is an explicitly labelled proxy based on BeatHit game rank and track prominence.,"{""culture_category"":""video_game_music"",""video_game"":""Super Smash Bros. Ultimate"",""game_rank"":41,""game_association_kind"":""khinsider_game_soundtrack"",""khinsider_album_url"":""https://downloads.khinsider.com/game-soundtracks/album/super-smash-bros.-ultimate-expanded-vol.-01-super-smash-bros.-switch-gamerip-2018"",""khinsider_album_title"":""Super Smash Bros. Ultimate Vol. 01 - Super Smash Bros. (super-smash-bros.-ultimate-expanded-vol.-01-super-smash-bros.-switch-gamerip-2018)"",""khinsider_album_kind"":""official_or_gamerip"",""khinsider_album_match_score"":100.0,""relevance_score_100"":100.0,""popularity_score_100"":50.986282507404624,""score_100"":80.39451300296184,""popularity_basis"":""BeatHit master-list game rank plus track position proxy""}"
812,Replay - Album - Records,Unknown credited artist,[],Super Smash Bros. Ultimate Vol. 01 - Super Smash Bros. (super-smash-bros.-ultimate-expanded-vol.-01-super-smash-bros.-switch-gamerip-2018),,,"[""video game soundtrack""]","[""und""]",,,,Super Smash Bros. Ultimate,,,khinsider_track_prominence_proxy,50.986282507404624,score_0_100,,,,80.39451300296184,,,,https://downloads.khinsider.com/game-soundtracks/album/super-smash-bros.-ultimate-expanded-vol.-01-super-smash-bros.-switch-gamerip-2018,2026-10-05,Track title is taken from KHInsider's soundtrack/gamerip album index. Popularity is an explicitly labelled proxy based on BeatHit game rank and track prominence.,"{""culture_category"":""video_game_music"",""video_game"":""Super Smash Bros. Ultimate"",""game_rank"":41,""game_association_kind"":""khinsider_game_soundtrack"",""khinsider_album_url"":""https://downloads.khinsider.com/game-soundtracks/album/super-smash-bros.-ultimate-expanded-vol.-01-super-smash-bros.-switch-gamerip-2018"",""khinsider_album_title"":""Super Smash Bros. Ultimate Vol. 01 - Super Smash Bros. (super-smash-bros.-ultimate-expanded-vol.-01-super-smash-bros.-switch-gamerip-2018)"",""khinsider_album_kind"":""official_or_gamerip"",""khinsider_album_match_score"":100.0,""relevance_score_100"":100.0,""popularity_score_100"":50.986282507404624,""score_100"":80.39451300296184,""popularity_basis"":""BeatHit master-list game rank plus track position proxy""}"
813,All-Star Rest Area - Super Smash Bros. for 3DS  -  Wii U,Unknown credited artist,[],Super Smash Bros. Ultimate Vol. 01 - Super Smash Bros. (super-smash-bros.-ultimate-expanded-vol.-01-super-smash-bros.-switch-gamerip-2018),,,"[""video game soundtrack""]","[""und""]",,,,Super Smash Bros. Ultimate,,,khinsider_track_prominence_proxy,50.986282507404624,score_0_100,,,,80.39451300296184,,,,https://downloads.khinsider.com/game-soundtracks/album/super-smash-bros.-ultimate-expanded-vol.-01-super-smash-bros.-switch-gamerip-2018,2026-10-05,Track title is taken from KHInsider's soundtrack/gamerip album index. Popularity is an explicitly labelled proxy based on BeatHit game rank and track prominence.,"{""culture_category"":""video_game_music"",""video_game"":""Super Smash Bros. Ultimate"",""game_rank"":41,""game_association_kind"":""khinsider_game_soundtrack"",""khinsider_album_url"":""https://downloads.khinsider.com/game-soundtracks/album/super-smash-bros.-ultimate-expanded-vol.-01-super-smash-bros.-switch-gamerip-2018"",""khinsider_album_title"":""Super Smash Bros. Ultimate Vol. 01 - Super Smash Bros. (super-smash-bros.-ultimate-expanded-vol.-01-super-smash-bros.-switch-gamerip-2018)"",""khinsider_album_kind"":""official_or_gamerip"",""khinsider_album_match_score"":100.0,""relevance_score_100"":100.0,""popularity_score_100"":50.986282507404624,""score_100"":80.39451300296184,""popularity_basis"":""BeatHit master-list game rank plus track position proxy""}"
814,Online Practice Stage - Super Smash Bros. for 3DS  -  Wii U,Unknown credited artist,[],Super Smash Bros. Ultimate Vol. 01 - Super Smash Bros. (super-smash-bros.-ultimate-expanded-vol.-01-super-smash-bros.-switch-gamerip-2018),,,"[""video game soundtrack""]","[""und""]",,,,Super Smash Bros. Ultimate,,,khinsider_track_prominence_proxy,50.986282507404624,score_0_100,,,,80.39451300296184,,,,https://downloads.khinsider.com/game-soundtracks/album/super-smash-bros.-ultimate-expanded-vol.-01-super-smash-bros.-switch-gamerip-2018,2026-10-05,Track title is taken from KHInsider's soundtrack/gamerip album index. Popularity is an explicitly labelled proxy based on BeatHit game rank and track prominence.,"{""culture_category"":""video_game_music"",""video_game"":""Super Smash Bros. Ultimate"",""game_rank"":41,""game_association_kind"":""khinsider_game_soundtrack"",""khinsider_album_url"":""https://downloads.khinsider.com/game-soundtracks/album/super-smash-bros.-ultimate-expanded-vol.-01-super-smash-bros.-switch-gamerip-2018"",""khinsider_album_title"":""Super Smash Bros. Ultimate Vol. 01 - Super Smash Bros. (super-smash-bros.-ultimate-expanded-vol.-01-super-smash-bros.-switch-gamerip-2018)"",""khinsider_album_kind"":""official_or_gamerip"",""khinsider_album_match_score"":100.0,""relevance_score_100"":100.0,""popularity_score_100"":50.986282507404624,""score_100"":80.39451300296184,""popularity_basis"":""BeatHit master-list game rank plus track position proxy""}"
815,StreetSmash,Unknown credited artist,[],Super Smash Bros. Ultimate Vol. 01 - Super Smash Bros. (super-smash-bros.-ultimate-expanded-vol.-01-super-smash-bros.-switch-gamerip-2018),,,"[""video game soundtrack""]","[""und""]",,,,Super Smash Bros. Ultimate,,,khinsider_track_prominence_proxy,50.986282507404624,score_0_100,,,,80.39451300296184,,,,https://downloads.khinsider.com/game-soundtracks/album/super-smash-bros.-ultimate-expanded-vol.-01-super-smash-bros.-switch-gamerip-2018,2026-10-05,Track title is taken from KHInsider's soundtrack/gamerip album index. Popularity is an explicitly labelled proxy based on BeatHit game rank and track prominence.,"{""culture_category"":""video_game_music"",""video_game"":""Super Smash Bros. Ultimate"",""game_rank"":41,""game_association_kind"":""khinsider_game_soundtrack"",""khinsider_album_url"":""https://downloads.khinsider.com/game-soundtracks/album/super-smash-bros.-ultimate-expanded-vol.-01-super-smash-bros.-switch-gamerip-2018"",""khinsider_album_title"":""Super Smash Bros. Ultimate Vol. 01 - Super Smash Bros. (super-smash-bros.-ultimate-expanded-vol.-01-super-smash-bros.-switch-gamerip-2018)"",""khinsider_album_kind"":""official_or_gamerip"",""khinsider_album_match_score"":100.0,""relevance_score_100"":100.0,""popularity_score_100"":50.986282507404624,""score_100"":80.39451300296184,""popularity_basis"":""BeatHit master-list game rank plus track position proxy""}"
816,Events,Unknown credited artist,[],Super Smash Bros. Ultimate Vol. 01 - Super Smash Bros. (super-smash-bros.-ultimate-expanded-vol.-01-super-smash-bros.-switch-gamerip-2018),,,"[""video game soundtrack""]","[""und""]",,,,Super Smash Bros. Ultimate,,,khinsider_track_prominence_proxy,50.986282507404624,score_0_100,,,,80.39451300296184,,,,https://downloads.khinsider.com/game-soundtracks/album/super-smash-bros.-ultimate-expanded-vol.-01-super-smash-bros.-switch-gamerip-2018,2026-10-05,Track title is taken from KHInsider's soundtrack/gamerip album index. Popularity is an explicitly labelled proxy based on BeatHit game rank and track prominence.,"{""culture_category"":""video_game_music"",""video_game"":""Super Smash Bros. Ultimate"",""game_rank"":41,""game_association_kind"":""khinsider_game_soundtrack"",""khinsider_album_url"":""https://downloads.khinsider.com/game-soundtracks/album/super-smash-bros.-ultimate-expanded-vol.-01-super-smash-bros.-switch-gamerip-2018"",""khinsider_album_title"":""Super Smash Bros. Ultimate Vol. 01 - Super Smash Bros. (super-smash-bros.-ultimate-expanded-vol.-01-super-smash-bros.-switch-gamerip-2018)"",""khinsider_album_kind"":""official_or_gamerip"",""khinsider_album_match_score"":100.0,""relevance_score_100"":100.0,""popularity_score_100"":50.986282507404624,""score_100"":80.39451300296184,""popularity_basis"":""BeatHit master-list game rank plus track position proxy""}"
817,Smash Tour - Map,Unknown credited artist,[],Super Smash Bros. Ultimate Vol. 01 - Super Smash Bros. (super-smash-bros.-ultimate-expanded-vol.-01-super-smash-bros.-switch-gamerip-2018),,,"[""video game soundtrack""]","[""und""]",,,,Super Smash Bros. Ultimate,,,khinsider_track_prominence_proxy,50.986282507404624,score_0_100,,,,80.39451300296184,,,,https://downloads.khinsider.com/game-soundtracks/album/super-smash-bros.-ultimate-expanded-vol.-01-super-smash-bros.-switch-gamerip-2018,2026-10-05,Track title is taken from KHInsider's soundtrack/gamerip album index. Popularity is an explicitly labelled proxy based on BeatHit game rank and track prominence.,"{""culture_category"":""video_game_music"",""video_game"":""Super Smash Bros. Ultimate"",""game_rank"":41,""game_association_kind"":""khinsider_game_soundtrack"",""khinsider_album_url"":""https://downloads.khinsider.com/game-soundtracks/album/super-smash-bros.-ultimate-expanded-vol.-01-super-smash-bros.-switch-gamerip-2018"",""khinsider_album_title"":""Super Smash Bros. Ultimate Vol. 01 - Super Smash Bros. (super-smash-bros.-ultimate-expanded-vol.-01-super-smash-bros.-switch-gamerip-2018)"",""khinsider_album_kind"":""official_or_gamerip"",""khinsider_album_match_score"":100.0,""relevance_score_100"":100.0,""popularity_score_100"":50.986282507404624,""score_100"":80.39451300296184,""popularity_basis"":""BeatHit master-list game rank plus track position proxy""}"
818,Classic Mode - Win,Unknown credited artist,[],Super Smash Bros. Ultimate Vol. 01 - Super Smash Bros. (super-smash-bros.-ultimate-expanded-vol.-01-super-smash-bros.-switch-gamerip-2018),,,"[""video game soundtrack""]","[""und""]",,,,Super Smash Bros. Ultimate,,,khinsider_track_prominence_proxy,50.986282507404624,score_0_100,,,,80.39451300296184,,,,https://downloads.khinsider.com/game-soundtracks/album/super-smash-bros.-ultimate-expanded-vol.-01-super-smash-bros.-switch-gamerip-2018,2026-10-05,Track title is taken from KHInsider's soundtrack/gamerip album index. Popularity is an explicitly labelled proxy based on BeatHit game rank and track prominence.,"{""culture_category"":""video_game_music"",""video_game"":""Super Smash Bros. Ultimate"",""game_rank"":41,""game_association_kind"":""khinsider_game_soundtrack"",""khinsider_album_url"":""https://downloads.khinsider.com/game-soundtracks/album/super-smash-bros.-ultimate-expanded-vol.-01-super-smash-bros.-switch-gamerip-2018"",""khinsider_album_title"":""Super Smash Bros. Ultimate Vol. 01 - Super Smash Bros. (super-smash-bros.-ultimate-expanded-vol.-01-super-smash-bros.-switch-gamerip-2018)"",""khinsider_album_kind"":""official_or_gamerip"",""khinsider_album_match_score"":100.0,""relevance_score_100"":100.0,""popularity_score_100"":50.986282507404624,""score_100"":80.39451300296184,""popularity_basis"":""BeatHit master-list game rank plus track position proxy""}"
819,Classic Mode - Chronicle,Unknown credited artist,[],Super Smash Bros. Ultimate Vol. 01 - Super Smash Bros. (super-smash-bros.-ultimate-expanded-vol.-01-super-smash-bros.-switch-gamerip-2018),,,"[""video game soundtrack""]","[""und""]",,,,Super Smash Bros. Ultimate,,,khinsider_track_prominence_proxy,50.986282507404624,score_0_100,,,,80.39451300296184,,,,https://downloads.khinsider.com/game-soundtracks/album/super-smash-bros.-ultimate-expanded-vol.-01-super-smash-bros.-switch-gamerip-2018,2026-10-05,Track title is taken from KHInsider's soundtrack/gamerip album index. Popularity is an explicitly labelled proxy based on BeatHit game rank and track prominence.,"{""culture_category"":""video_game_music"",""video_game"":""Super Smash Bros. Ultimate"",""game_rank"":41,""game_association_kind"":""khinsider_game_soundtrack"",""khinsider_album_url"":""https://downloads.khinsider.com/game-soundtracks/album/super-smash-bros.-ultimate-expanded-vol.-01-super-smash-bros.-switch-gamerip-2018"",""khinsider_album_title"":""Super Smash Bros. Ultimate Vol. 01 - Super Smash Bros. (super-smash-bros.-ultimate-expanded-vol.-01-super-smash-bros.-switch-gamerip-2018)"",""khinsider_album_kind"":""official_or_gamerip"",""khinsider_album_match_score"":100.0,""relevance_score_100"":100.0,""popularity_score_100"":50.986282507404624,""score_100"":80.39451300296184,""popularity_basis"":""BeatHit master-list game rank plus track position proxy""}"
820,Amiibo Fighter,Unknown credited artist,[],Super Smash Bros. Ultimate Vol. 01 - Super Smash Bros. (super-smash-bros.-ultimate-expanded-vol.-01-super-smash-bros.-switch-gamerip-2018),,,"[""video game soundtrack""]","[""und""]",,,,Super Smash Bros. Ultimate,,,khinsider_track_prominence_proxy,50.986282507404624,score_0_100,,,,80.39451300296184,,,,https://downloads.khinsider.com/game-soundtracks/album/super-smash-bros.-ultimate-expanded-vol.-01-super-smash-bros.-switch-gamerip-2018,2026-10-05,Track title is taken from KHInsider's soundtrack/gamerip album index. Popularity is an explicitly labelled proxy based on BeatHit game rank and track prominence.,"{""culture_category"":""video_game_music"",""video_game"":""Super Smash Bros. Ultimate"",""game_rank"":41,""game_association_kind"":""khinsider_game_soundtrack"",""khinsider_album_url"":""https://downloads.khinsider.com/game-soundtracks/album/super-smash-bros.-ultimate-expanded-vol.-01-super-smash-bros.-switch-gamerip-2018"",""khinsider_album_title"":""Super Smash Bros. Ultimate Vol. 01 - Super Smash Bros. (super-smash-bros.-ultimate-expanded-vol.-01-super-smash-bros.-switch-gamerip-2018)"",""khinsider_album_kind"":""official_or_gamerip"",""khinsider_album_match_score"":100.0,""relevance_score_100"":100.0,""popularity_score_100"":50.986282507404624,""score_100"":80.39451300296184,""popularity_basis"":""BeatHit master-list game rank plus track position proxy""}"
821,Spirit Enhanced!,Unknown credited artist,[],Super Smash Bros. Ultimate Vol. 01 - Super Smash Bros. (super-smash-bros.-ultimate-expanded-vol.-01-super-smash-bros.-switch-gamerip-2018),,,"[""video game soundtrack""]","[""und""]",,,,Super Smash Bros. Ultimate,,,khinsider_track_prominence_proxy,50.986282507404624,score_0_100,,,,80.39451300296184,,,,https://downloads.khinsider.com/game-soundtracks/album/super-smash-bros.-ultimate-expanded-vol.-01-super-smash-bros.-switch-gamerip-2018,2026-10-05,Track title is taken from KHInsider's soundtrack/gamerip album index. Popularity is an explicitly labelled proxy based on BeatHit game rank and track prominence.,"{""culture_category"":""video_game_music"",""video_game"":""Super Smash Bros. Ultimate"",""game_rank"":41,""game_association_kind"":""khinsider_game_soundtrack"",""khinsider_album_url"":""https://downloads.khinsider.com/game-soundtracks/album/super-smash-bros.-ultimate-expanded-vol.-01-super-smash-bros.-switch-gamerip-2018"",""khinsider_album_title"":""Super Smash Bros. Ultimate Vol. 01 - Super Smash Bros. (super-smash-bros.-ultimate-expanded-vol.-01-super-smash-bros.-switch-gamerip-2018)"",""khinsider_album_kind"":""official_or_gamerip"",""khinsider_album_match_score"":100.0,""relevance_score_100"":100.0,""popularity_score_100"":50.986282507404624,""score_100"":80.39451300296184,""popularity_basis"":""BeatHit master-list game rank plus track position proxy""}"
822,Mii Fighters Victory Theme (3DS - Wii U),Unknown credited artist,[],Super Smash Bros. Ultimate Vol. 01 - Super Smash Bros. (super-smash-bros.-ultimate-expanded-vol.-01-super-smash-bros.-switch-gamerip-2018),,,"[""video game soundtrack""]","[""und""]",,,,Super Smash Bros. Ultimate,,,khinsider_track_prominence_proxy,50.986282507404624,score_0_100,,,,80.39451300296184,,,,https://downloads.khinsider.com/game-soundtracks/album/super-smash-bros.-ultimate-expanded-vol.-01-super-smash-bros.-switch-gamerip-2018,2026-10-05,Track title is taken from KHInsider's soundtrack/gamerip album index. Popularity is an explicitly labelled proxy based on BeatHit game rank and track prominence.,"{""culture_category"":""video_game_music"",""video_game"":""Super Smash Bros. Ultimate"",""game_rank"":41,""game_association_kind"":""khinsider_game_soundtrack"",""khinsider_album_url"":""https://downloads.khinsider.com/game-soundtracks/album/super-smash-bros.-ultimate-expanded-vol.-01-super-smash-bros.-switch-gamerip-2018"",""khinsider_album_title"":""Super Smash Bros. Ultimate Vol. 01 - Super Smash Bros. (super-smash-bros.-ultimate-expanded-vol.-01-super-smash-bros.-switch-gamerip-2018)"",""khinsider_album_kind"":""official_or_gamerip"",""khinsider_album_match_score"":100.0,""relevance_score_100"":100.0,""popularity_score_100"":50.986282507404624,""score_100"":80.39451300296184,""popularity_basis"":""BeatHit master-list game rank plus track position proxy""}"
823,Mii Fighters Victory Theme (Ultimate),Unknown credited artist,[],Super Smash Bros. Ultimate Vol. 01 - Super Smash Bros. (super-smash-bros.-ultimate-expanded-vol.-01-super-smash-bros.-switch-gamerip-2018),,,"[""video game soundtrack""]","[""und""]",,,,Super Smash Bros. Ultimate,,,khinsider_track_prominence_proxy,50.986282507404624,score_0_100,,,,80.39451300296184,,,,https://downloads.khinsider.com/game-soundtracks/album/super-smash-bros.-ultimate-expanded-vol.-01-super-smash-bros.-switch-gamerip-2018,2026-10-05,Track title is taken from KHInsider's soundtrack/gamerip album index. Popularity is an explicitly labelled proxy based on BeatHit game rank and track prominence.,"{""culture_category"":""video_game_music"",""video_game"":""Super Smash Bros. Ultimate"",""game_rank"":41,""game_association_kind"":""khinsider_game_soundtrack"",""khinsider_album_url"":""https://downloads.khinsider.com/game-soundtracks/album/super-smash-bros.-ultimate-expanded-vol.-01-super-smash-bros.-switch-gamerip-2018"",""khinsider_album_title"":""Super Smash Bros. Ultimate Vol. 01 - Super Smash Bros. (super-smash-bros.-ultimate-expanded-vol.-01-super-smash-bros.-switch-gamerip-2018)"",""khinsider_album_kind"":""official_or_gamerip"",""khinsider_album_match_score"":100.0,""relevance_score_100"":100.0,""popularity_score_100"":50.986282507404624,""score_100"":80.39451300296184,""popularity_basis"":""BeatHit master-list game rank plus track position proxy""}"
824,Opening - Super Smash Bros.,Unknown credited artist,[],Super Smash Bros. Ultimate Vol. 01 - Super Smash Bros. (super-smash-bros.-ultimate-expanded-vol.-01-super-smash-bros.-switch-gamerip-2018),,,"[""video game soundtrack""]","[""und""]",,,,Super Smash Bros. Ultimate,,,khinsider_track_prominence_proxy,50.986282507404624,score_0_100,,,,80.39451300296184,,,,https://downloads.khinsider.com/game-soundtracks/album/super-smash-bros.-ultimate-expanded-vol.-01-super-smash-bros.-switch-gamerip-2018,2026-10-05,Track title is taken from KHInsider's soundtrack/gamerip album index. Popularity is an explicitly labelled proxy based on BeatHit game rank and track prominence.,"{""culture_category"":""video_game_music"",""video_game"":""Super Smash Bros. Ultimate"",""game_rank"":41,""game_association_kind"":""khinsider_game_soundtrack"",""khinsider_album_url"":""https://downloads.khinsider.com/game-soundtracks/album/super-smash-bros.-ultimate-expanded-vol.-01-super-smash-bros.-switch-gamerip-2018"",""khinsider_album_title"":""Super Smash Bros. Ultimate Vol. 01 - Super Smash Bros. (super-smash-bros.-ultimate-expanded-vol.-01-super-smash-bros.-switch-gamerip-2018)"",""khinsider_album_kind"":""official_or_gamerip"",""khinsider_album_match_score"":100.0,""relevance_score_100"":100.0,""popularity_score_100"":50.986282507404624,""score_100"":80.39451300296184,""popularity_basis"":""BeatHit master-list game rank plus track position proxy""}"
825,Character Introduction Screen,Unknown credited artist,[],Super Smash Bros. Ultimate Vol. 01 - Super Smash Bros. (super-smash-bros.-ultimate-expanded-vol.-01-super-smash-bros.-switch-gamerip-2018),,,"[""video game soundtrack""]","[""und""]",,,,Super Smash Bros. Ultimate,,,khinsider_track_prominence_proxy,50.986282507404624,score_0_100,,,,80.39451300296184,,,,https://downloads.khinsider.com/game-soundtracks/album/super-smash-bros.-ultimate-expanded-vol.-01-super-smash-bros.-switch-gamerip-2018,2026-10-05,Track title is taken from KHInsider's soundtrack/gamerip album index. Popularity is an explicitly labelled proxy based on BeatHit game rank and track prominence.,"{""culture_category"":""video_game_music"",""video_game"":""Super Smash Bros. Ultimate"",""game_rank"":41,""game_association_kind"":""khinsider_game_soundtrack"",""khinsider_album_url"":""https://downloads.khinsider.com/game-soundtracks/album/super-smash-bros.-ultimate-expanded-vol.-01-super-smash-bros.-switch-gamerip-2018"",""khinsider_album_title"":""Super Smash Bros. Ultimate Vol. 01 - Super Smash Bros. (super-smash-bros.-ultimate-expanded-vol.-01-super-smash-bros.-switch-gamerip-2018)"",""khinsider_album_kind"":""official_or_gamerip"",""khinsider_album_match_score"":100.0,""relevance_score_100"":100.0,""popularity_score_100"":50.986282507404624,""score_100"":80.39451300296184,""popularity_basis"":""BeatHit master-list game rank plus track position proxy""}"
826,Final Destination - Super Smash Bros. (No Intro),Unknown credited artist,[],Super Smash Bros. Ultimate Vol. 01 - Super Smash Bros. (super-smash-bros.-ultimate-expanded-vol.-01-super-smash-bros.-switch-gamerip-2018),,,"[""video game soundtrack""]","[""und""]",,,,Super Smash Bros. Ultimate,,,khinsider_track_prominence_proxy,50.986282507404624,score_0_100,,,,80.39451300296184,,,,https://downloads.khinsider.com/game-soundtracks/album/super-smash-bros.-ultimate-expanded-vol.-01-super-smash-bros.-switch-gamerip-2018,2026-10-05,Track title is taken from KHInsider's soundtrack/gamerip album index. Popularity is an explicitly labelled proxy based on BeatHit game rank and track prominence.,"{""culture_category"":""video_game_music"",""video_game"":""Super Smash Bros. Ultimate"",""game_rank"":41,""game_association_kind"":""khinsider_game_soundtrack"",""khinsider_album_url"":""https://downloads.khinsider.com/game-soundtracks/album/super-smash-bros.-ultimate-expanded-vol.-01-super-smash-bros.-switch-gamerip-2018"",""khinsider_album_title"":""Super Smash Bros. Ultimate Vol. 01 - Super Smash Bros. (super-smash-bros.-ultimate-expanded-vol.-01-super-smash-bros.-switch-gamerip-2018)"",""khinsider_album_kind"":""official_or_gamerip"",""khinsider_album_match_score"":100.0,""relevance_score_100"":100.0,""popularity_score_100"":50.986282507404624,""score_100"":80.39451300296184,""popularity_basis"":""BeatHit master-list game rank plus track position proxy""}"
827,Challenger Appears - Super Smash Bros.,Unknown credited artist,[],Super Smash Bros. Ultimate Vol. 01 - Super Smash Bros. (super-smash-bros.-ultimate-expanded-vol.-01-super-smash-bros.-switch-gamerip-2018),,,"[""video game soundtrack""]","[""und""]",,,,Super Smash Bros. Ultimate,,,khinsider_track_prominence_proxy,50.986282507404624,score_0_100,,,,80.39451300296184,,,,https://downloads.khinsider.com/game-soundtracks/album/super-smash-bros.-ultimate-expanded-vol.-01-super-smash-bros.-switch-gamerip-2018,2026-10-05,Track title is taken from KHInsider's soundtrack/gamerip album index. Popularity is an explicitly labelled proxy based on BeatHit game rank and track prominence.,"{""culture_category"":""video_game_music"",""video_game"":""Super Smash Bros. Ultimate"",""game_rank"":41,""game_association_kind"":""khinsider_game_soundtrack"",""khinsider_album_url"":""https://downloads.khinsider.com/game-soundtracks/album/super-smash-bros.-ultimate-expanded-vol.-01-super-smash-bros.-switch-gamerip-2018"",""khinsider_album_title"":""Super Smash Bros. Ultimate Vol. 01 - Super Smash Bros. (super-smash-bros.-ultimate-expanded-vol.-01-super-smash-bros.-switch-gamerip-2018)"",""khinsider_album_kind"":""official_or_gamerip"",""khinsider_album_match_score"":100.0,""relevance_score_100"":100.0,""popularity_score_100"":50.986282507404624,""score_100"":80.39451300296184,""popularity_basis"":""BeatHit master-list game rank plus track position proxy""}"
828,Reward,Unknown credited artist,[],Super Smash Bros. Ultimate Vol. 01 - Super Smash Bros. (super-smash-bros.-ultimate-expanded-vol.-01-super-smash-bros.-switch-gamerip-2018),,,"[""video game soundtrack""]","[""und""]",,,,Super Smash Bros. Ultimate,,,khinsider_track_prominence_proxy,50.986282507404624,score_0_100,,,,80.39451300296184,,,,https://downloads.khinsider.com/game-soundtracks/album/super-smash-bros.-ultimate-expanded-vol.-01-super-smash-bros.-switch-gamerip-2018,2026-10-05,Track title is taken from KHInsider's soundtrack/gamerip album index. Popularity is an explicitly labelled proxy based on BeatHit game rank and track prominence.,"{""culture_category"":""video_game_music"",""video_game"":""Super Smash Bros. Ultimate"",""game_rank"":41,""game_association_kind"":""khinsider_game_soundtrack"",""khinsider_album_url"":""https://downloads.khinsider.com/game-soundtracks/album/super-smash-bros.-ultimate-expanded-vol.-01-super-smash-bros.-switch-gamerip-2018"",""khinsider_album_title"":""Super Smash Bros. Ultimate Vol. 01 - Super Smash Bros. (super-smash-bros.-ultimate-expanded-vol.-01-super-smash-bros.-switch-gamerip-2018)"",""khinsider_album_kind"":""official_or_gamerip"",""khinsider_album_match_score"":100.0,""relevance_score_100"":100.0,""popularity_score_100"":50.986282507404624,""score_100"":80.39451300296184,""popularity_basis"":""BeatHit master-list game rank plus track position proxy""}"
829,Bonus Game - Clear,Unknown credited artist,[],Super Smash Bros. Ultimate Vol. 01 - Super Smash Bros. (super-smash-bros.-ultimate-expanded-vol.-01-super-smash-bros.-switch-gamerip-2018),,,"[""video game soundtrack""]","[""und""]",,,,Super Smash Bros. Ultimate,,,khinsider_track_prominence_proxy,50.986282507404624,score_0_100,,,,80.39451300296184,,,,https://downloads.khinsider.com/game-soundtracks/album/super-smash-bros.-ultimate-expanded-vol.-01-super-smash-bros.-switch-gamerip-2018,2026-10-05,Track title is taken from KHInsider's soundtrack/gamerip album index. Popularity is an explicitly labelled proxy based on BeatHit game rank and track prominence.,"{""culture_category"":""video_game_music"",""video_game"":""Super Smash Bros. Ultimate"",""game_rank"":41,""game_association_kind"":""khinsider_game_soundtrack"",""khinsider_album_url"":""https://downloads.khinsider.com/game-soundtracks/album/super-smash-bros.-ultimate-expanded-vol.-01-super-smash-bros.-switch-gamerip-2018"",""khinsider_album_title"":""Super Smash Bros. Ultimate Vol. 01 - Super Smash Bros. (super-smash-bros.-ultimate-expanded-vol.-01-super-smash-bros.-switch-gamerip-2018)"",""khinsider_album_kind"":""official_or_gamerip"",""khinsider_album_match_score"":100.0,""relevance_score_100"":100.0,""popularity_score_100"":50.986282507404624,""score_100"":80.39451300296184,""popularity_basis"":""BeatHit master-list game rank plus track position proxy""}"
830,Bonus Game - Failure,Unknown credited artist,[],Super Smash Bros. Ultimate Vol. 01 - Super Smash Bros. (super-smash-bros.-ultimate-expanded-vol.-01-super-smash-bros.-switch-gamerip-2018),,,"[""video game soundtrack""]","[""und""]",,,,Super Smash Bros. Ultimate,,,khinsider_track_prominence_proxy,50.986282507404624,score_0_100,,,,80.39451300296184,,,,https://downloads.khinsider.com/game-soundtracks/album/super-smash-bros.-ultimate-expanded-vol.-01-super-smash-bros.-switch-gamerip-2018,2026-10-05,Track title is taken from KHInsider's soundtrack/gamerip album index. Popularity is an explicitly labelled proxy based on BeatHit game rank and track prominence.,"{""culture_category"":""video_game_music"",""video_game"":""Super Smash Bros. Ultimate"",""game_rank"":41,""game_association_kind"":""khinsider_game_soundtrack"",""khinsider_album_url"":""https://downloads.khinsider.com/game-soundtracks/album/super-smash-bros.-ultimate-expanded-vol.-01-super-smash-bros.-switch-gamerip-2018"",""khinsider_album_title"":""Super Smash Bros. Ultimate Vol. 01 - Super Smash Bros. (super-smash-bros.-ultimate-expanded-vol.-01-super-smash-bros.-switch-gamerip-2018)"",""khinsider_album_kind"":""official_or_gamerip"",""khinsider_album_match_score"":100.0,""relevance_score_100"":100.0,""popularity_score_100"":50.986282507404624,""score_100"":80.39451300296184,""popularity_basis"":""BeatHit master-list game rank plus track position proxy""}"
831,Continue - Super Smash Bros.,Unknown credited artist,[],Super Smash Bros. Ultimate Vol. 01 - Super Smash Bros. (super-smash-bros.-ultimate-expanded-vol.-01-super-smash-bros.-switch-gamerip-2018),,,"[""video game soundtrack""]","[""und""]",,,,Super Smash Bros. Ultimate,,,khinsider_track_prominence_proxy,50.986282507404624,score_0_100,,,,80.39451300296184,,,,https://downloads.khinsider.com/game-soundtracks/album/super-smash-bros.-ultimate-expanded-vol.-01-super-smash-bros.-switch-gamerip-2018,2026-10-05,Track title is taken from KHInsider's soundtrack/gamerip album index. Popularity is an explicitly labelled proxy based on BeatHit game rank and track prominence.,"{""culture_category"":""video_game_music"",""video_game"":""Super Smash Bros. Ultimate"",""game_rank"":41,""game_association_kind"":""khinsider_game_soundtrack"",""khinsider_album_url"":""https://downloads.khinsider.com/game-soundtracks/album/super-smash-bros.-ultimate-expanded-vol.-01-super-smash-bros.-switch-gamerip-2018"",""khinsider_album_title"":""Super Smash Bros. Ultimate Vol. 01 - Super Smash Bros. (super-smash-bros.-ultimate-expanded-vol.-01-super-smash-bros.-switch-gamerip-2018)"",""khinsider_album_kind"":""official_or_gamerip"",""khinsider_album_match_score"":100.0,""relevance_score_100"":100.0,""popularity_score_100"":50.986282507404624,""score_100"":80.39451300296184,""popularity_basis"":""BeatHit master-list game rank plus track position proxy""}"
832,Game Over - Super Smash Bros.,Unknown credited artist,[],Super Smash Bros. Ultimate Vol. 01 - Super Smash Bros. (super-smash-bros.-ultimate-expanded-vol.-01-super-smash-bros.-switch-gamerip-2018),,,"[""video game soundtrack""]","[""und""]",,,,Super Smash Bros. Ultimate,,,khinsider_track_prominence_proxy,50.986282507404624,score_0_100,,,,80.39451300296184,,,,https://downloads.khinsider.com/game-soundtracks/album/super-smash-bros.-ultimate-expanded-vol.-01-super-smash-bros.-switch-gamerip-2018,2026-10-05,Track title is taken from KHInsider's soundtrack/gamerip album index. Popularity is an explicitly labelled proxy based on BeatHit game rank and track prominence.,"{""culture_category"":""video_game_music"",""video_game"":""Super Smash Bros. Ultimate"",""game_rank"":41,""game_association_kind"":""khinsider_game_soundtrack"",""khinsider_album_url"":""https://downloads.khinsider.com/game-soundtracks/album/super-smash-bros.-ultimate-expanded-vol.-01-super-smash-bros.-switch-gamerip-2018"",""khinsider_album_title"":""Super Smash Bros. Ultimate Vol. 01 - Super Smash Bros. (super-smash-bros.-ultimate-expanded-vol.-01-super-smash-bros.-switch-gamerip-2018)"",""khinsider_album_kind"":""official_or_gamerip"",""khinsider_album_match_score"":100.0,""relevance_score_100"":100.0,""popularity_score_100"":50.986282507404624,""score_100"":80.39451300296184,""popularity_basis"":""BeatHit master-list game rank plus track position proxy""}"
833,Master Hand Intro 1 - Super Smash Bros.,Unknown credited artist,[],Super Smash Bros. Ultimate Vol. 01 - Super Smash Bros. (super-smash-bros.-ultimate-expanded-vol.-01-super-smash-bros.-switch-gamerip-2018),,,"[""video game soundtrack""]","[""und""]",,,,Super Smash Bros. Ultimate,,,khinsider_track_prominence_proxy,50.986282507404624,score_0_100,,,,80.39451300296184,,,,https://downloads.khinsider.com/game-soundtracks/album/super-smash-bros.-ultimate-expanded-vol.-01-super-smash-bros.-switch-gamerip-2018,2026-10-05,Track title is taken from KHInsider's soundtrack/gamerip album index. Popularity is an explicitly labelled proxy based on BeatHit game rank and track prominence.,"{""culture_category"":""video_game_music"",""video_game"":""Super Smash Bros. Ultimate"",""game_rank"":41,""game_association_kind"":""khinsider_game_soundtrack"",""khinsider_album_url"":""https://downloads.khinsider.com/game-soundtracks/album/super-smash-bros.-ultimate-expanded-vol.-01-super-smash-bros.-switch-gamerip-2018"",""khinsider_album_title"":""Super Smash Bros. Ultimate Vol. 01 - Super Smash Bros. (super-smash-bros.-ultimate-expanded-vol.-01-super-smash-bros.-switch-gamerip-2018)"",""khinsider_album_kind"":""official_or_gamerip"",""khinsider_album_match_score"":100.0,""relevance_score_100"":100.0,""popularity_score_100"":50.986282507404624,""score_100"":80.39451300296184,""popularity_basis"":""BeatHit master-list game rank plus track position proxy""}"
834,Master Hand Intro 2 - Super Smash Bros.,Unknown credited artist,[],Super Smash Bros. Ultimate Vol. 01 - Super Smash Bros. (super-smash-bros.-ultimate-expanded-vol.-01-super-smash-bros.-switch-gamerip-2018),,,"[""video game soundtrack""]","[""und""]",,,,Super Smash Bros. Ultimate,,,khinsider_track_prominence_proxy,50.986282507404624,score_0_100,,,,80.39451300296184,,,,https://downloads.khinsider.com/game-soundtracks/album/super-smash-bros.-ultimate-expanded-vol.-01-super-smash-bros.-switch-gamerip-2018,2026-10-05,Track title is taken from KHInsider's soundtrack/gamerip album index. Popularity is an explicitly labelled proxy based on BeatHit game rank and track prominence.,"{""culture_category"":""video_game_music"",""video_game"":""Super Smash Bros. Ultimate"",""game_rank"":41,""game_association_kind"":""khinsider_game_soundtrack"",""khinsider_album_url"":""https://downloads.khinsider.com/game-soundtracks/album/super-smash-bros.-ultimate-expanded-vol.-01-super-smash-bros.-switch-gamerip-2018"",""khinsider_album_title"":""Super Smash Bros. Ultimate Vol. 01 - Super Smash Bros. (super-smash-bros.-ultimate-expanded-vol.-01-super-smash-bros.-switch-gamerip-2018)"",""khinsider_album_kind"":""official_or_gamerip"",""khinsider_album_match_score"":100.0,""relevance_score_100"":100.0,""popularity_score_100"":50.986282507404624,""score_100"":80.39451300296184,""popularity_basis"":""BeatHit master-list game rank plus track position proxy""}"
835,Stage Clear - Super Smash Bros.,Unknown credited artist,[],Super Smash Bros. Ultimate Vol. 01 - Super Smash Bros. (super-smash-bros.-ultimate-expanded-vol.-01-super-smash-bros.-switch-gamerip-2018),,,"[""video game soundtrack""]","[""und""]",,,,Super Smash Bros. Ultimate,,,khinsider_track_prominence_proxy,50.986282507404624,score_0_100,,,,80.39451300296184,,,,https://downloads.khinsider.com/game-soundtracks/album/super-smash-bros.-ultimate-expanded-vol.-01-super-smash-bros.-switch-gamerip-2018,2026-10-05,Track title is taken from KHInsider's soundtrack/gamerip album index. Popularity is an explicitly labelled proxy based on BeatHit game rank and track prominence.,"{""culture_category"":""video_game_music"",""video_game"":""Super Smash Bros. Ultimate"",""game_rank"":41,""game_association_kind"":""khinsider_game_soundtrack"",""khinsider_album_url"":""https://downloads.khinsider.com/game-soundtracks/album/super-smash-bros.-ultimate-expanded-vol.-01-super-smash-bros.-switch-gamerip-2018"",""khinsider_album_title"":""Super Smash Bros. Ultimate Vol. 01 - Super Smash Bros. (super-smash-bros.-ultimate-expanded-vol.-01-super-smash-bros.-switch-gamerip-2018)"",""khinsider_album_kind"":""official_or_gamerip"",""khinsider_album_match_score"":100.0,""relevance_score_100"":100.0,""popularity_score_100"":50.986282507404624,""score_100"":80.39451300296184,""popularity_basis"":""BeatHit master-list game rank plus track position proxy""}"
836,All Clear - Super Smash Bros.,Unknown credited artist,[],Super Smash Bros. Ultimate Vol. 01 - Super Smash Bros. (super-smash-bros.-ultimate-expanded-vol.-01-super-smash-bros.-switch-gamerip-2018),,,"[""video game soundtrack""]","[""und""]",,,,Super Smash Bros. Ultimate,,,khinsider_track_prominence_proxy,50.986282507404624,score_0_100,,,,80.39451300296184,,,,https://downloads.khinsider.com/game-soundtracks/album/super-smash-bros.-ultimate-expanded-vol.-01-super-smash-bros.-switch-gamerip-2018,2026-10-05,Track title is taken from KHInsider's soundtrack/gamerip album index. Popularity is an explicitly labelled proxy based on BeatHit game rank and track prominence.,"{""culture_category"":""video_game_music"",""video_game"":""Super Smash Bros. Ultimate"",""game_rank"":41,""game_association_kind"":""khinsider_game_soundtrack"",""khinsider_album_url"":""https://downloads.khinsider.com/game-soundtracks/album/super-smash-bros.-ultimate-expanded-vol.-01-super-smash-bros.-switch-gamerip-2018"",""khinsider_album_title"":""Super Smash Bros. Ultimate Vol. 01 - Super Smash Bros. (super-smash-bros.-ultimate-expanded-vol.-01-super-smash-bros.-switch-gamerip-2018)"",""khinsider_album_kind"":""official_or_gamerip"",""khinsider_album_match_score"":100.0,""relevance_score_100"":100.0,""popularity_score_100"":50.986282507404624,""score_100"":80.39451300296184,""popularity_basis"":""BeatHit master-list game rank plus track position proxy""}"
837,Ending - Super Smash Bros.,Unknown credited artist,[],Super Smash Bros. Ultimate Vol. 01 - Super Smash Bros. (super-smash-bros.-ultimate-expanded-vol.-01-super-smash-bros.-switch-gamerip-2018),,,"[""video game soundtrack""]","[""und""]",,,,Super Smash Bros. Ultimate,,,khinsider_track_prominence_proxy,50.986282507404624,score_0_100,,,,80.39451300296184,,,,https://downloads.khinsider.com/game-soundtracks/album/super-smash-bros.-ultimate-expanded-vol.-01-super-smash-bros.-switch-gamerip-2018,2026-10-05,Track title is taken from KHInsider's soundtrack/gamerip album index. Popularity is an explicitly labelled proxy based on BeatHit game rank and track prominence.,"{""culture_category"":""video_game_music"",""video_game"":""Super Smash Bros. Ultimate"",""game_rank"":41,""game_association_kind"":""khinsider_game_soundtrack"",""khinsider_album_url"":""https://downloads.khinsider.com/game-soundtracks/album/super-smash-bros.-ultimate-expanded-vol.-01-super-smash-bros.-switch-gamerip-2018"",""khinsider_album_title"":""Super Smash Bros. Ultimate Vol. 01 - Super Smash Bros. (super-smash-bros.-ultimate-expanded-vol.-01-super-smash-bros.-switch-gamerip-2018)"",""khinsider_album_kind"":""official_or_gamerip"",""khinsider_album_match_score"":100.0,""relevance_score_100"":100.0,""popularity_score_100"":50.986282507404624,""score_100"":80.39451300296184,""popularity_basis"":""BeatHit master-list game rank plus track position proxy""}"
838,How to Play - Super Smash Bros. [CLUB MIX ],Unknown credited artist,[],Super Smash Bros. Ultimate Vol. 01 - Super Smash Bros. (super-smash-bros.-ultimate-expanded-vol.-01-super-smash-bros.-switch-gamerip-2018),,,"[""video game soundtrack""]","[""und""]",,,,Super Smash Bros. Ultimate,,,khinsider_track_prominence_proxy,50.986282507404624,score_0_100,,,,80.39451300296184,,,,https://downloads.khinsider.com/game-soundtracks/album/super-smash-bros.-ultimate-expanded-vol.-01-super-smash-bros.-switch-gamerip-2018,2026-10-05,Track title is taken from KHInsider's soundtrack/gamerip album index. Popularity is an explicitly labelled proxy based on BeatHit game rank and track prominence.,"{""culture_category"":""video_game_music"",""video_game"":""Super Smash Bros. Ultimate"",""game_rank"":41,""game_association_kind"":""khinsider_game_soundtrack"",""khinsider_album_url"":""https://downloads.khinsider.com/game-soundtracks/album/super-smash-bros.-ultimate-expanded-vol.-01-super-smash-bros.-switch-gamerip-2018"",""khinsider_album_title"":""Super Smash Bros. Ultimate Vol. 01 - Super Smash Bros. (super-smash-bros.-ultimate-expanded-vol.-01-super-smash-bros.-switch-gamerip-2018)"",""khinsider_album_kind"":""official_or_gamerip"",""khinsider_album_match_score"":100.0,""relevance_score_100"":100.0,""popularity_score_100"":50.986282507404624,""score_100"":80.39451300296184,""popularity_basis"":""BeatHit master-list game rank plus track position proxy""}"
839,Bonus Game - Super Smash Bros. [CLUB MIX],Unknown credited artist,[],Super Smash Bros. Ultimate Vol. 01 - Super Smash Bros. (super-smash-bros.-ultimate-expanded-vol.-01-super-smash-bros.-switch-gamerip-2018),,,"[""video game soundtrack""]","[""und""]",,,,Super Smash Bros. Ultimate,,,khinsider_track_prominence_proxy,50.986282507404624,score_0_100,,,,80.39451300296184,,,,https://downloads.khinsider.com/game-soundtracks/album/super-smash-bros.-ultimate-expanded-vol.-01-super-smash-bros.-switch-gamerip-2018,2026-10-05,Track title is taken from KHInsider's soundtrack/gamerip album index. Popularity is an explicitly labelled proxy based on BeatHit game rank and track prominence.,"{""culture_category"":""video_game_music"",""video_game"":""Super Smash Bros. Ultimate"",""game_rank"":41,""game_association_kind"":""khinsider_game_soundtrack"",""khinsider_album_url"":""https://downloads.khinsider.com/game-soundtracks/album/super-smash-bros.-ultimate-expanded-vol.-01-super-smash-bros.-switch-gamerip-2018"",""khinsider_album_title"":""Super Smash Bros. Ultimate Vol. 01 - Super Smash Bros. (super-smash-bros.-ultimate-expanded-vol.-01-super-smash-bros.-switch-gamerip-2018)"",""khinsider_album_kind"":""official_or_gamerip"",""khinsider_album_match_score"":100.0,""relevance_score_100"":100.0,""popularity_score_100"":50.986282507404624,""score_100"":80.39451300296184,""popularity_basis"":""BeatHit master-list game rank plus track position proxy""}"
840,Training Mode - Super Smash Bros. [CLUB MIX],Unknown credited artist,[],Super Smash Bros. Ultimate Vol. 01 - Super Smash Bros. (super-smash-bros.-ultimate-expanded-vol.-01-super-smash-bros.-switch-gamerip-2018),,,"[""video game soundtrack""]","[""und""]",,,,Super Smash Bros. Ultimate,,,khinsider_track_prominence_proxy,50.986282507404624,score_0_100,,,,80.39451300296184,,,,https://downloads.khinsider.com/game-soundtracks/album/super-smash-bros.-ultimate-expanded-vol.-01-super-smash-bros.-switch-gamerip-2018,2026-10-05,Track title is taken from KHInsider's soundtrack/gamerip album index. Popularity is an explicitly labelled proxy based on BeatHit game rank and track prominence.,"{""culture_category"":""video_game_music"",""video_game"":""Super Smash Bros. Ultimate"",""game_rank"":41,""game_association_kind"":""khinsider_game_soundtrack"",""khinsider_album_url"":""https://downloads.khinsider.com/game-soundtracks/album/super-smash-bros.-ultimate-expanded-vol.-01-super-smash-bros.-switch-gamerip-2018"",""khinsider_album_title"":""Super Smash Bros. Ultimate Vol. 01 - Super Smash Bros. (super-smash-bros.-ultimate-expanded-vol.-01-super-smash-bros.-switch-gamerip-2018)"",""khinsider_album_kind"":""official_or_gamerip"",""khinsider_album_match_score"":100.0,""relevance_score_100"":100.0,""popularity_score_100"":50.986282507404624,""score_100"":80.39451300296184,""popularity_basis"":""BeatHit master-list game rank plus track position proxy""}"
841,Adventure Intro - Super Smash Bros. Melee,Unknown credited artist,[],Super Smash Bros. Ultimate Vol. 01 - Super Smash Bros. (super-smash-bros.-ultimate-expanded-vol.-01-super-smash-bros.-switch-gamerip-2018),,,"[""video game soundtrack""]","[""und""]",,,,Super Smash Bros. Ultimate,,,khinsider_track_prominence_proxy,50.986282507404624,score_0_100,,,,80.39451300296184,,,,https://downloads.khinsider.com/game-soundtracks/album/super-smash-bros.-ultimate-expanded-vol.-01-super-smash-bros.-switch-gamerip-2018,2026-10-05,Track title is taken from KHInsider's soundtrack/gamerip album index. Popularity is an explicitly labelled proxy based on BeatHit game rank and track prominence.,"{""culture_category"":""video_game_music"",""video_game"":""Super Smash Bros. Ultimate"",""game_rank"":41,""game_association_kind"":""khinsider_game_soundtrack"",""khinsider_album_url"":""https://downloads.khinsider.com/game-soundtracks/album/super-smash-bros.-ultimate-expanded-vol.-01-super-smash-bros.-switch-gamerip-2018"",""khinsider_album_title"":""Super Smash Bros. Ultimate Vol. 01 - Super Smash Bros. (super-smash-bros.-ultimate-expanded-vol.-01-super-smash-bros.-switch-gamerip-2018)"",""khinsider_album_kind"":""official_or_gamerip"",""khinsider_album_match_score"":100.0,""relevance_score_100"":100.0,""popularity_score_100"":50.986282507404624,""score_100"":80.39451300296184,""popularity_basis"":""BeatHit master-list game rank plus track position proxy""}"
842,Classic Intro - Super Smash Bros. Melee,Unknown credited artist,[],Super Smash Bros. Ultimate Vol. 01 - Super Smash Bros. (super-smash-bros.-ultimate-expanded-vol.-01-super-smash-bros.-switch-gamerip-2018),,,"[""video game soundtrack""]","[""und""]",,,,Super Smash Bros. Ultimate,,,khinsider_track_prominence_proxy,50.986282507404624,score_0_100,,,,80.39451300296184,,,,https://downloads.khinsider.com/game-soundtracks/album/super-smash-bros.-ultimate-expanded-vol.-01-super-smash-bros.-switch-gamerip-2018,2026-10-05,Track title is taken from KHInsider's soundtrack/gamerip album index. Popularity is an explicitly labelled proxy based on BeatHit game rank and track prominence.,"{""culture_category"":""video_game_music"",""video_game"":""Super Smash Bros. Ultimate"",""game_rank"":41,""game_association_kind"":""khinsider_game_soundtrack"",""khinsider_album_url"":""https://downloads.khinsider.com/game-soundtracks/album/super-smash-bros.-ultimate-expanded-vol.-01-super-smash-bros.-switch-gamerip-2018"",""khinsider_album_title"":""Super Smash Bros. Ultimate Vol. 01 - Super Smash Bros. (super-smash-bros.-ultimate-expanded-vol.-01-super-smash-bros.-switch-gamerip-2018)"",""khinsider_album_kind"":""official_or_gamerip"",""khinsider_album_match_score"":100.0,""relevance_score_100"":100.0,""popularity_score_100"":50.986282507404624,""score_100"":80.39451300296184,""popularity_basis"":""BeatHit master-list game rank plus track position proxy""}"
843,Stage Clear 1 - Super Smash Bros. Melee,Unknown credited artist,[],Super Smash Bros. Ultimate Vol. 01 - Super Smash Bros. (super-smash-bros.-ultimate-expanded-vol.-01-super-smash-bros.-switch-gamerip-2018),,,"[""video game soundtrack""]","[""und""]",,,,Super Smash Bros. Ultimate,,,khinsider_track_prominence_proxy,50.986282507404624,score_0_100,,,,80.39451300296184,,,,https://downloads.khinsider.com/game-soundtracks/album/super-smash-bros.-ultimate-expanded-vol.-01-super-smash-bros.-switch-gamerip-2018,2026-10-05,Track title is taken from KHInsider's soundtrack/gamerip album index. Popularity is an explicitly labelled proxy based on BeatHit game rank and track prominence.,"{""culture_category"":""video_game_music"",""video_game"":""Super Smash Bros. Ultimate"",""game_rank"":41,""game_association_kind"":""khinsider_game_soundtrack"",""khinsider_album_url"":""https://downloads.khinsider.com/game-soundtracks/album/super-smash-bros.-ultimate-expanded-vol.-01-super-smash-bros.-switch-gamerip-2018"",""khinsider_album_title"":""Super Smash Bros. Ultimate Vol. 01 - Super Smash Bros. (super-smash-bros.-ultimate-expanded-vol.-01-super-smash-bros.-switch-gamerip-2018)"",""khinsider_album_kind"":""official_or_gamerip"",""khinsider_album_match_score"":100.0,""relevance_score_100"":100.0,""popularity_score_100"":50.986282507404624,""score_100"":80.39451300296184,""popularity_basis"":""BeatHit master-list game rank plus track position proxy""}"
844,Stage Clear 2 - Super Smash Bros. Melee,Unknown credited artist,[],Super Smash Bros. Ultimate Vol. 01 - Super Smash Bros. (super-smash-bros.-ultimate-expanded-vol.-01-super-smash-bros.-switch-gamerip-2018),,,"[""video game soundtrack""]","[""und""]",,,,Super Smash Bros. Ultimate,,,khinsider_track_prominence_proxy,50.986282507404624,score_0_100,,,,80.39451300296184,,,,https://downloads.khinsider.com/game-soundtracks/album/super-smash-bros.-ultimate-expanded-vol.-01-super-smash-bros.-switch-gamerip-2018,2026-10-05,Track title is taken from KHInsider's soundtrack/gamerip album index. Popularity is an explicitly labelled proxy based on BeatHit game rank and track prominence.,"{""culture_category"":""video_game_music"",""video_game"":""Super Smash Bros. Ultimate"",""game_rank"":41,""game_association_kind"":""khinsider_game_soundtrack"",""khinsider_album_url"":""https://downloads.khinsider.com/game-soundtracks/album/super-smash-bros.-ultimate-expanded-vol.-01-super-smash-bros.-switch-gamerip-2018"",""khinsider_album_title"":""Super Smash Bros. Ultimate Vol. 01 - Super Smash Bros. (super-smash-bros.-ultimate-expanded-vol.-01-super-smash-bros.-switch-gamerip-2018)"",""khinsider_album_kind"":""official_or_gamerip"",""khinsider_album_match_score"":100.0,""relevance_score_100"":100.0,""popularity_score_100"":50.986282507404624,""score_100"":80.39451300296184,""popularity_basis"":""BeatHit master-list game rank plus track position proxy""}"
845,Bad Fanfare - Super Smash Bros. Melee,Unknown credited artist,[],Super Smash Bros. Ultimate Vol. 01 - Super Smash Bros. (super-smash-bros.-ultimate-expanded-vol.-01-super-smash-bros.-switch-gamerip-2018),,,"[""video game soundtrack""]","[""und""]",,,,Super Smash Bros. Ultimate,,,khinsider_track_prominence_proxy,50.986282507404624,score_0_100,,,,80.39451300296184,,,,https://downloads.khinsider.com/game-soundtracks/album/super-smash-bros.-ultimate-expanded-vol.-01-super-smash-bros.-switch-gamerip-2018,2026-10-05,Track title is taken from KHInsider's soundtrack/gamerip album index. Popularity is an explicitly labelled proxy based on BeatHit game rank and track prominence.,"{""culture_category"":""video_game_music"",""video_game"":""Super Smash Bros. Ultimate"",""game_rank"":41,""game_association_kind"":""khinsider_game_soundtrack"",""khinsider_album_url"":""https://downloads.khinsider.com/game-soundtracks/album/super-smash-bros.-ultimate-expanded-vol.-01-super-smash-bros.-switch-gamerip-2018"",""khinsider_album_title"":""Super Smash Bros. Ultimate Vol. 01 - Super Smash Bros. (super-smash-bros.-ultimate-expanded-vol.-01-super-smash-bros.-switch-gamerip-2018)"",""khinsider_album_kind"":""official_or_gamerip"",""khinsider_album_match_score"":100.0,""relevance_score_100"":100.0,""popularity_score_100"":50.986282507404624,""score_100"":80.39451300296184,""popularity_basis"":""BeatHit master-list game rank plus track position proxy""}"
846,Good Fanfare - Super Smash Bros. Melee,Unknown credited artist,[],Super Smash Bros. Ultimate Vol. 01 - Super Smash Bros. (super-smash-bros.-ultimate-expanded-vol.-01-super-smash-bros.-switch-gamerip-2018),,,"[""video game soundtrack""]","[""und""]",,,,Super Smash Bros. Ultimate,,,khinsider_track_prominence_proxy,50.986282507404624,score_0_100,,,,80.39451300296184,,,,https://downloads.khinsider.com/game-soundtracks/album/super-smash-bros.-ultimate-expanded-vol.-01-super-smash-bros.-switch-gamerip-2018,2026-10-05,Track title is taken from KHInsider's soundtrack/gamerip album index. Popularity is an explicitly labelled proxy based on BeatHit game rank and track prominence.,"{""culture_category"":""video_game_music"",""video_game"":""Super Smash Bros. Ultimate"",""game_rank"":41,""game_association_kind"":""khinsider_game_soundtrack"",""khinsider_album_url"":""https://downloads.khinsider.com/game-soundtracks/album/super-smash-bros.-ultimate-expanded-vol.-01-super-smash-bros.-switch-gamerip-2018"",""khinsider_album_title"":""Super Smash Bros. Ultimate Vol. 01 - Super Smash Bros. (super-smash-bros.-ultimate-expanded-vol.-01-super-smash-bros.-switch-gamerip-2018)"",""khinsider_album_kind"":""official_or_gamerip"",""khinsider_album_match_score"":100.0,""relevance_score_100"":100.0,""popularity_score_100"":50.986282507404624,""score_100"":80.39451300296184,""popularity_basis"":""BeatHit master-list game rank plus track position proxy""}"
847,Challenger Appears - Super Smash Bros. Melee,Unknown credited artist,[],Super Smash Bros. Ultimate Vol. 01 - Super Smash Bros. (super-smash-bros.-ultimate-expanded-vol.-01-super-smash-bros.-switch-gamerip-2018),,,"[""video game soundtrack""]","[""und""]",,,,Super Smash Bros. Ultimate,,,khinsider_track_prominence_proxy,50.986282507404624,score_0_100,,,,80.39451300296184,,,,https://downloads.khinsider.com/game-soundtracks/album/super-smash-bros.-ultimate-expanded-vol.-01-super-smash-bros.-switch-gamerip-2018,2026-10-05,Track title is taken from KHInsider's soundtrack/gamerip album index. Popularity is an explicitly labelled proxy based on BeatHit game rank and track prominence.,"{""culture_category"":""video_game_music"",""video_game"":""Super Smash Bros. Ultimate"",""game_rank"":41,""game_association_kind"":""khinsider_game_soundtrack"",""khinsider_album_url"":""https://downloads.khinsider.com/game-soundtracks/album/super-smash-bros.-ultimate-expanded-vol.-01-super-smash-bros.-switch-gamerip-2018"",""khinsider_album_title"":""Super Smash Bros. Ultimate Vol. 01 - Super Smash Bros. (super-smash-bros.-ultimate-expanded-vol.-01-super-smash-bros.-switch-gamerip-2018)"",""khinsider_album_kind"":""official_or_gamerip"",""khinsider_album_match_score"":100.0,""relevance_score_100"":100.0,""popularity_score_100"":50.986282507404624,""score_100"":80.39451300296184,""popularity_basis"":""BeatHit master-list game rank plus track position proxy""}"
848,Continue - Super Smash Bros. Melee,Unknown credited artist,[],Super Smash Bros. Ultimate Vol. 01 - Super Smash Bros. (super-smash-bros.-ultimate-expanded-vol.-01-super-smash-bros.-switch-gamerip-2018),,,"[""video game soundtrack""]","[""und""]",,,,Super Smash Bros. Ultimate,,,khinsider_track_prominence_proxy,50.986282507404624,score_0_100,,,,80.39451300296184,,,,https://downloads.khinsider.com/game-soundtracks/album/super-smash-bros.-ultimate-expanded-vol.-01-super-smash-bros.-switch-gamerip-2018,2026-10-05,Track title is taken from KHInsider's soundtrack/gamerip album index. Popularity is an explicitly labelled proxy based on BeatHit game rank and track prominence.,"{""culture_category"":""video_game_music"",""video_game"":""Super Smash Bros. Ultimate"",""game_rank"":41,""game_association_kind"":""khinsider_game_soundtrack"",""khinsider_album_url"":""https://downloads.khinsider.com/game-soundtracks/album/super-smash-bros.-ultimate-expanded-vol.-01-super-smash-bros.-switch-gamerip-2018"",""khinsider_album_title"":""Super Smash Bros. Ultimate Vol. 01 - Super Smash Bros. (super-smash-bros.-ultimate-expanded-vol.-01-super-smash-bros.-switch-gamerip-2018)"",""khinsider_album_kind"":""official_or_gamerip"",""khinsider_album_match_score"":100.0,""relevance_score_100"":100.0,""popularity_score_100"":50.986282507404624,""score_100"":80.39451300296184,""popularity_basis"":""BeatHit master-list game rank plus track position proxy""}"
849,Game Over - Super Smash Bros. Melee,Unknown credited artist,[],Super Smash Bros. Ultimate Vol. 01 - Super Smash Bros. (super-smash-bros.-ultimate-expanded-vol.-01-super-smash-bros.-switch-gamerip-2018),,,"[""video game soundtrack""]","[""und""]",,,,Super Smash Bros. Ultimate,,,khinsider_track_prominence_proxy,50.986282507404624,score_0_100,,,,80.39451300296184,,,,https://downloads.khinsider.com/game-soundtracks/album/super-smash-bros.-ultimate-expanded-vol.-01-super-smash-bros.-switch-gamerip-2018,2026-10-05,Track title is taken from KHInsider's soundtrack/gamerip album index. Popularity is an explicitly labelled proxy based on BeatHit game rank and track prominence.,"{""culture_category"":""video_game_music"",""video_game"":""Super Smash Bros. Ultimate"",""game_rank"":41,""game_association_kind"":""khinsider_game_soundtrack"",""khinsider_album_url"":""https://downloads.khinsider.com/game-soundtracks/album/super-smash-bros.-ultimate-expanded-vol.-01-super-smash-bros.-switch-gamerip-2018"",""khinsider_album_title"":""Super Smash Bros. Ultimate Vol. 01 - Super Smash Bros. (super-smash-bros.-ultimate-expanded-vol.-01-super-smash-bros.-switch-gamerip-2018)"",""khinsider_album_kind"":""official_or_gamerip"",""khinsider_album_match_score"":100.0,""relevance_score_100"":100.0,""popularity_score_100"":50.986282507404624,""score_100"":80.39451300296184,""popularity_basis"":""BeatHit master-list game rank plus track position proxy""}"
850,Warning Siren - Super Smash Bros. Melee,Unknown credited artist,[],Super Smash Bros. Ultimate Vol. 01 - Super Smash Bros. (super-smash-bros.-ultimate-expanded-vol.-01-super-smash-bros.-switch-gamerip-2018),,,"[""video game soundtrack""]","[""und""]",,,,Super Smash Bros. Ultimate,,,khinsider_track_prominence_proxy,50.986282507404624,score_0_100,,,,80.39451300296184,,,,https://downloads.khinsider.com/game-soundtracks/album/super-smash-bros.-ultimate-expanded-vol.-01-super-smash-bros.-switch-gamerip-2018,2026-10-05,Track title is taken from KHInsider's soundtrack/gamerip album index. Popularity is an explicitly labelled proxy based on BeatHit game rank and track prominence.,"{""culture_category"":""video_game_music"",""video_game"":""Super Smash Bros. Ultimate"",""game_rank"":41,""game_association_kind"":""khinsider_game_soundtrack"",""khinsider_album_url"":""https://downloads.khinsider.com/game-soundtracks/album/super-smash-bros.-ultimate-expanded-vol.-01-super-smash-bros.-switch-gamerip-2018"",""khinsider_album_title"":""Super Smash Bros. Ultimate Vol. 01 - Super Smash Bros. (super-smash-bros.-ultimate-expanded-vol.-01-super-smash-bros.-switch-gamerip-2018)"",""khinsider_album_kind"":""official_or_gamerip"",""khinsider_album_match_score"":100.0,""relevance_score_100"":100.0,""popularity_score_100"":50.986282507404624,""score_100"":80.39451300296184,""popularity_basis"":""BeatHit master-list game rank plus track position proxy""}"
851,Step 1 - Super Smash Bros. Melee,Unknown credited artist,[],Super Smash Bros. Ultimate Vol. 01 - Super Smash Bros. (super-smash-bros.-ultimate-expanded-vol.-01-super-smash-bros.-switch-gamerip-2018),,,"[""video game soundtrack""]","[""und""]",,,,Super Smash Bros. Ultimate,,,khinsider_track_prominence_proxy,50.986282507404624,score_0_100,,,,80.39451300296184,,,,https://downloads.khinsider.com/game-soundtracks/album/super-smash-bros.-ultimate-expanded-vol.-01-super-smash-bros.-switch-gamerip-2018,2026-10-05,Track title is taken from KHInsider's soundtrack/gamerip album index. Popularity is an explicitly labelled proxy based on BeatHit game rank and track prominence.,"{""culture_category"":""video_game_music"",""video_game"":""Super Smash Bros. Ultimate"",""game_rank"":41,""game_association_kind"":""khinsider_game_soundtrack"",""khinsider_album_url"":""https://downloads.khinsider.com/game-soundtracks/album/super-smash-bros.-ultimate-expanded-vol.-01-super-smash-bros.-switch-gamerip-2018"",""khinsider_album_title"":""Super Smash Bros. Ultimate Vol. 01 - Super Smash Bros. (super-smash-bros.-ultimate-expanded-vol.-01-super-smash-bros.-switch-gamerip-2018)"",""khinsider_album_kind"":""official_or_gamerip"",""khinsider_album_match_score"":100.0,""relevance_score_100"":100.0,""popularity_score_100"":50.986282507404624,""score_100"":80.39451300296184,""popularity_basis"":""BeatHit master-list game rank plus track position proxy""}"
852,Step 2 - Super Smash Bros. Melee,Unknown credited artist,[],Super Smash Bros. Ultimate Vol. 01 - Super Smash Bros. (super-smash-bros.-ultimate-expanded-vol.-01-super-smash-bros.-switch-gamerip-2018),,,"[""video game soundtrack""]","[""und""]",,,,Super Smash Bros. Ultimate,,,khinsider_track_prominence_proxy,50.986282507404624,score_0_100,,,,80.39451300296184,,,,https://downloads.khinsider.com/game-soundtracks/album/super-smash-bros.-ultimate-expanded-vol.-01-super-smash-bros.-switch-gamerip-2018,2026-10-05,Track title is taken from KHInsider's soundtrack/gamerip album index. Popularity is an explicitly labelled proxy based on BeatHit game rank and track prominence.,"{""culture_category"":""video_game_music"",""video_game"":""Super Smash Bros. Ultimate"",""game_rank"":41,""game_association_kind"":""khinsider_game_soundtrack"",""khinsider_album_url"":""https://downloads.khinsider.com/game-soundtracks/album/super-smash-bros.-ultimate-expanded-vol.-01-super-smash-bros.-switch-gamerip-2018"",""khinsider_album_title"":""Super Smash Bros. Ultimate Vol. 01 - Super Smash Bros. (super-smash-bros.-ultimate-expanded-vol.-01-super-smash-bros.-switch-gamerip-2018)"",""khinsider_album_kind"":""official_or_gamerip"",""khinsider_album_match_score"":100.0,""relevance_score_100"":100.0,""popularity_score_100"":50.986282507404624,""score_100"":80.39451300296184,""popularity_basis"":""BeatHit master-list game rank plus track position proxy""}"
853,Step 3 - Super Smash Bros. Melee,Unknown credited artist,[],Super Smash Bros. Ultimate Vol. 01 - Super Smash Bros. (super-smash-bros.-ultimate-expanded-vol.-01-super-smash-bros.-switch-gamerip-2018),,,"[""video game soundtrack""]","[""und""]",,,,Super Smash Bros. Ultimate,,,khinsider_track_prominence_proxy,50.986282507404624,score_0_100,,,,80.39451300296184,,,,https://downloads.khinsider.com/game-soundtracks/album/super-smash-bros.-ultimate-expanded-vol.-01-super-smash-bros.-switch-gamerip-2018,2026-10-05,Track title is taken from KHInsider's soundtrack/gamerip album index. Popularity is an explicitly labelled proxy based on BeatHit game rank and track prominence.,"{""culture_category"":""video_game_music"",""video_game"":""Super Smash Bros. Ultimate"",""game_rank"":41,""game_association_kind"":""khinsider_game_soundtrack"",""khinsider_album_url"":""https://downloads.khinsider.com/game-soundtracks/album/super-smash-bros.-ultimate-expanded-vol.-01-super-smash-bros.-switch-gamerip-2018"",""khinsider_album_title"":""Super Smash Bros. Ultimate Vol. 01 - Super Smash Bros. (super-smash-bros.-ultimate-expanded-vol.-01-super-smash-bros.-switch-gamerip-2018)"",""khinsider_album_kind"":""official_or_gamerip"",""khinsider_album_match_score"":100.0,""relevance_score_100"":100.0,""popularity_score_100"":50.986282507404624,""score_100"":80.39451300296184,""popularity_basis"":""BeatHit master-list game rank plus track position proxy""}"
854,New Feature 1 - Super Smash Bros. Melee,Unknown credited artist,[],Super Smash Bros. Ultimate Vol. 01 - Super Smash Bros. (super-smash-bros.-ultimate-expanded-vol.-01-super-smash-bros.-switch-gamerip-2018),,,"[""video game soundtrack""]","[""und""]",,,,Super Smash Bros. Ultimate,,,khinsider_track_prominence_proxy,50.986282507404624,score_0_100,,,,80.39451300296184,,,,https://downloads.khinsider.com/game-soundtracks/album/super-smash-bros.-ultimate-expanded-vol.-01-super-smash-bros.-switch-gamerip-2018,2026-10-05,Track title is taken from KHInsider's soundtrack/gamerip album index. Popularity is an explicitly labelled proxy based on BeatHit game rank and track prominence.,"{""culture_category"":""video_game_music"",""video_game"":""Super Smash Bros. Ultimate"",""game_rank"":41,""game_association_kind"":""khinsider_game_soundtrack"",""khinsider_album_url"":""https://downloads.khinsider.com/game-soundtracks/album/super-smash-bros.-ultimate-expanded-vol.-01-super-smash-bros.-switch-gamerip-2018"",""khinsider_album_title"":""Super Smash Bros. Ultimate Vol. 01 - Super Smash Bros. (super-smash-bros.-ultimate-expanded-vol.-01-super-smash-bros.-switch-gamerip-2018)"",""khinsider_album_kind"":""official_or_gamerip"",""khinsider_album_match_score"":100.0,""relevance_score_100"":100.0,""popularity_score_100"":50.986282507404624,""score_100"":80.39451300296184,""popularity_basis"":""BeatHit master-list game rank plus track position proxy""}"
855,New Feature 2 - Super Smash Bros. Melee,Unknown credited artist,[],Super Smash Bros. Ultimate Vol. 01 - Super Smash Bros. (super-smash-bros.-ultimate-expanded-vol.-01-super-smash-bros.-switch-gamerip-2018),,,"[""video game soundtrack""]","[""und""]",,,,Super Smash Bros. Ultimate,,,khinsider_track_prominence_proxy,50.986282507404624,score_0_100,,,,80.39451300296184,,,,https://downloads.khinsider.com/game-soundtracks/album/super-smash-bros.-ultimate-expanded-vol.-01-super-smash-bros.-switch-gamerip-2018,2026-10-05,Track title is taken from KHInsider's soundtrack/gamerip album index. Popularity is an explicitly labelled proxy based on BeatHit game rank and track prominence.,"{""culture_category"":""video_game_music"",""video_game"":""Super Smash Bros. Ultimate"",""game_rank"":41,""game_association_kind"":""khinsider_game_soundtrack"",""khinsider_album_url"":""https://downloads.khinsider.com/game-soundtracks/album/super-smash-bros.-ultimate-expanded-vol.-01-super-smash-bros.-switch-gamerip-2018"",""khinsider_album_title"":""Super Smash Bros. Ultimate Vol. 01 - Super Smash Bros. (super-smash-bros.-ultimate-expanded-vol.-01-super-smash-bros.-switch-gamerip-2018)"",""khinsider_album_kind"":""official_or_gamerip"",""khinsider_album_match_score"":100.0,""relevance_score_100"":100.0,""popularity_score_100"":50.986282507404624,""score_100"":80.39451300296184,""popularity_basis"":""BeatHit master-list game rank plus track position proxy""}"
856,New Feature 3 - Super Smash Bros. Melee,Unknown credited artist,[],Super Smash Bros. Ultimate Vol. 01 - Super Smash Bros. (super-smash-bros.-ultimate-expanded-vol.-01-super-smash-bros.-switch-gamerip-2018),,,"[""video game soundtrack""]","[""und""]",,,,Super Smash Bros. Ultimate,,,khinsider_track_prominence_proxy,50.986282507404624,score_0_100,,,,80.39451300296184,,,,https://downloads.khinsider.com/game-soundtracks/album/super-smash-bros.-ultimate-expanded-vol.-01-super-smash-bros.-switch-gamerip-2018,2026-10-05,Track title is taken from KHInsider's soundtrack/gamerip album index. Popularity is an explicitly labelled proxy based on BeatHit game rank and track prominence.,"{""culture_category"":""video_game_music"",""video_game"":""Super Smash Bros. Ultimate"",""game_rank"":41,""game_association_kind"":""khinsider_game_soundtrack"",""khinsider_album_url"":""https://downloads.khinsider.com/game-soundtracks/album/super-smash-bros.-ultimate-expanded-vol.-01-super-smash-bros.-switch-gamerip-2018"",""khinsider_album_title"":""Super Smash Bros. Ultimate Vol. 01 - Super Smash Bros. (super-smash-bros.-ultimate-expanded-vol.-01-super-smash-bros.-switch-gamerip-2018)"",""khinsider_album_kind"":""official_or_gamerip"",""khinsider_album_match_score"":100.0,""relevance_score_100"":100.0,""popularity_score_100"":50.986282507404624,""score_100"":80.39451300296184,""popularity_basis"":""BeatHit master-list game rank plus track position proxy""}"
857,New Trophy - Super Smash Bros. Melee,Unknown credited artist,[],Super Smash Bros. Ultimate Vol. 01 - Super Smash Bros. (super-smash-bros.-ultimate-expanded-vol.-01-super-smash-bros.-switch-gamerip-2018),,,"[""video game soundtrack""]","[""und""]",,,,Super Smash Bros. Ultimate,,,khinsider_track_prominence_proxy,50.986282507404624,score_0_100,,,,80.39451300296184,,,,https://downloads.khinsider.com/game-soundtracks/album/super-smash-bros.-ultimate-expanded-vol.-01-super-smash-bros.-switch-gamerip-2018,2026-10-05,Track title is taken from KHInsider's soundtrack/gamerip album index. Popularity is an explicitly labelled proxy based on BeatHit game rank and track prominence.,"{""culture_category"":""video_game_music"",""video_game"":""Super Smash Bros. Ultimate"",""game_rank"":41,""game_association_kind"":""khinsider_game_soundtrack"",""khinsider_album_url"":""https://downloads.khinsider.com/game-soundtracks/album/super-smash-bros.-ultimate-expanded-vol.-01-super-smash-bros.-switch-gamerip-2018"",""khinsider_album_title"":""Super Smash Bros. Ultimate Vol. 01 - Super Smash Bros. (super-smash-bros.-ultimate-expanded-vol.-01-super-smash-bros.-switch-gamerip-2018)"",""khinsider_album_kind"":""official_or_gamerip"",""khinsider_album_match_score"":100.0,""relevance_score_100"":100.0,""popularity_score_100"":50.986282507404624,""score_100"":80.39451300296184,""popularity_basis"":""BeatHit master-list game rank plus track position proxy""}"
858,Rare Trophy - Super Smash Bros. Melee,Unknown credited artist,[],Super Smash Bros. Ultimate Vol. 01 - Super Smash Bros. (super-smash-bros.-ultimate-expanded-vol.-01-super-smash-bros.-switch-gamerip-2018),,,"[""video game soundtrack""]","[""und""]",,,,Super Smash Bros. Ultimate,,,khinsider_track_prominence_proxy,50.986282507404624,score_0_100,,,,80.39451300296184,,,,https://downloads.khinsider.com/game-soundtracks/album/super-smash-bros.-ultimate-expanded-vol.-01-super-smash-bros.-switch-gamerip-2018,2026-10-05,Track title is taken from KHInsider's soundtrack/gamerip album index. Popularity is an explicitly labelled proxy based on BeatHit game rank and track prominence.,"{""culture_category"":""video_game_music"",""video_game"":""Super Smash Bros. Ultimate"",""game_rank"":41,""game_association_kind"":""khinsider_game_soundtrack"",""khinsider_album_url"":""https://downloads.khinsider.com/game-soundtracks/album/super-smash-bros.-ultimate-expanded-vol.-01-super-smash-bros.-switch-gamerip-2018"",""khinsider_album_title"":""Super Smash Bros. Ultimate Vol. 01 - Super Smash Bros. (super-smash-bros.-ultimate-expanded-vol.-01-super-smash-bros.-switch-gamerip-2018)"",""khinsider_album_kind"":""official_or_gamerip"",""khinsider_album_match_score"":100.0,""relevance_score_100"":100.0,""popularity_score_100"":50.986282507404624,""score_100"":80.39451300296184,""popularity_basis"":""BeatHit master-list game rank plus track position proxy""}"
859,Super Smash Bros. Brawl,Unknown credited artist,[],Super Smash Bros. Ultimate Vol. 01 - Super Smash Bros. (super-smash-bros.-ultimate-expanded-vol.-01-super-smash-bros.-switch-gamerip-2018),,,"[""video game soundtrack""]","[""und""]",,,,Super Smash Bros. Ultimate,,,khinsider_track_prominence_proxy,50.986282507404624,score_0_100,,,,80.39451300296184,,,,https://downloads.khinsider.com/game-soundtracks/album/super-smash-bros.-ultimate-expanded-vol.-01-super-smash-bros.-switch-gamerip-2018,2026-10-05,Track title is taken from KHInsider's soundtrack/gamerip album index. Popularity is an explicitly labelled proxy based on BeatHit game rank and track prominence.,"{""culture_category"":""video_game_music"",""video_game"":""Super Smash Bros. Ultimate"",""game_rank"":41,""game_association_kind"":""khinsider_game_soundtrack"",""khinsider_album_url"":""https://downloads.khinsider.com/game-soundtracks/album/super-smash-bros.-ultimate-expanded-vol.-01-super-smash-bros.-switch-gamerip-2018"",""khinsider_album_title"":""Super Smash Bros. Ultimate Vol. 01 - Super Smash Bros. (super-smash-bros.-ultimate-expanded-vol.-01-super-smash-bros.-switch-gamerip-2018)"",""khinsider_album_kind"":""official_or_gamerip"",""khinsider_album_match_score"":100.0,""relevance_score_100"":100.0,""popularity_score_100"":50.986282507404624,""score_100"":80.39451300296184,""popularity_basis"":""BeatHit master-list game rank plus track position proxy""}"
860,Main Theme - Super Smash Bros. Brawl (No Intro),Unknown credited artist,[],Super Smash Bros. Ultimate Vol. 01 - Super Smash Bros. (super-smash-bros.-ultimate-expanded-vol.-01-super-smash-bros.-switch-gamerip-2018),,,"[""video game soundtrack""]","[""und""]",,,,Super Smash Bros. Ultimate,,,khinsider_track_prominence_proxy,50.986282507404624,score_0_100,,,,80.39451300296184,,,,https://downloads.khinsider.com/game-soundtracks/album/super-smash-bros.-ultimate-expanded-vol.-01-super-smash-bros.-switch-gamerip-2018,2026-10-05,Track title is taken from KHInsider's soundtrack/gamerip album index. Popularity is an explicitly labelled proxy based on BeatHit game rank and track prominence.,"{""culture_category"":""video_game_music"",""video_game"":""Super Smash Bros. Ultimate"",""game_rank"":41,""game_association_kind"":""khinsider_game_soundtrack"",""khinsider_album_url"":""https://downloads.khinsider.com/game-soundtracks/album/super-smash-bros.-ultimate-expanded-vol.-01-super-smash-bros.-switch-gamerip-2018"",""khinsider_album_title"":""Super Smash Bros. Ultimate Vol. 01 - Super Smash Bros. (super-smash-bros.-ultimate-expanded-vol.-01-super-smash-bros.-switch-gamerip-2018)"",""khinsider_album_kind"":""official_or_gamerip"",""khinsider_album_match_score"":100.0,""relevance_score_100"":100.0,""popularity_score_100"":50.986282507404624,""score_100"":80.39451300296184,""popularity_basis"":""BeatHit master-list game rank plus track position proxy""}"
861,Results Display Screen - Super Smash Bros. Brawl,Unknown credited artist,[],Super Smash Bros. Ultimate Vol. 01 - Super Smash Bros. (super-smash-bros.-ultimate-expanded-vol.-01-super-smash-bros.-switch-gamerip-2018),,,"[""video game soundtrack""]","[""und""]",,,,Super Smash Bros. Ultimate,,,khinsider_track_prominence_proxy,50.986282507404624,score_0_100,,,,80.39451300296184,,,,https://downloads.khinsider.com/game-soundtracks/album/super-smash-bros.-ultimate-expanded-vol.-01-super-smash-bros.-switch-gamerip-2018,2026-10-05,Track title is taken from KHInsider's soundtrack/gamerip album index. Popularity is an explicitly labelled proxy based on BeatHit game rank and track prominence.,"{""culture_category"":""video_game_music"",""video_game"":""Super Smash Bros. Ultimate"",""game_rank"":41,""game_association_kind"":""khinsider_game_soundtrack"",""khinsider_album_url"":""https://downloads.khinsider.com/game-soundtracks/album/super-smash-bros.-ultimate-expanded-vol.-01-super-smash-bros.-switch-gamerip-2018"",""khinsider_album_title"":""Super Smash Bros. Ultimate Vol. 01 - Super Smash Bros. (super-smash-bros.-ultimate-expanded-vol.-01-super-smash-bros.-switch-gamerip-2018)"",""khinsider_album_kind"":""official_or_gamerip"",""khinsider_album_match_score"":100.0,""relevance_score_100"":100.0,""popularity_score_100"":50.986282507404624,""score_100"":80.39451300296184,""popularity_basis"":""BeatHit master-list game rank plus track position proxy""}"
862,Classic - Results Screen - Super Smash Bros. Brawl,Unknown credited artist,[],Super Smash Bros. Ultimate Vol. 01 - Super Smash Bros. (super-smash-bros.-ultimate-expanded-vol.-01-super-smash-bros.-switch-gamerip-2018),,,"[""video game soundtrack""]","[""und""]",,,,Super Smash Bros. Ultimate,,,khinsider_track_prominence_proxy,50.986282507404624,score_0_100,,,,80.39451300296184,,,,https://downloads.khinsider.com/game-soundtracks/album/super-smash-bros.-ultimate-expanded-vol.-01-super-smash-bros.-switch-gamerip-2018,2026-10-05,Track title is taken from KHInsider's soundtrack/gamerip album index. Popularity is an explicitly labelled proxy based on BeatHit game rank and track prominence.,"{""culture_category"":""video_game_music"",""video_game"":""Super Smash Bros. Ultimate"",""game_rank"":41,""game_association_kind"":""khinsider_game_soundtrack"",""khinsider_album_url"":""https://downloads.khinsider.com/game-soundtracks/album/super-smash-bros.-ultimate-expanded-vol.-01-super-smash-bros.-switch-gamerip-2018"",""khinsider_album_title"":""Super Smash Bros. Ultimate Vol. 01 - Super Smash Bros. (super-smash-bros.-ultimate-expanded-vol.-01-super-smash-bros.-switch-gamerip-2018)"",""khinsider_album_kind"":""official_or_gamerip"",""khinsider_album_match_score"":100.0,""relevance_score_100"":100.0,""popularity_score_100"":50.986282507404624,""score_100"":80.39451300296184,""popularity_basis"":""BeatHit master-list game rank plus track position proxy""}"
863,Step - The Cave,Unknown credited artist,[],Super Smash Bros. Ultimate Vol. 01 - Super Smash Bros. (super-smash-bros.-ultimate-expanded-vol.-01-super-smash-bros.-switch-gamerip-2018),,,"[""video game soundtrack""]","[""und""]",,,,Super Smash Bros. Ultimate,,,khinsider_track_prominence_proxy,50.986282507404624,score_0_100,,,,80.39451300296184,,,,https://downloads.khinsider.com/game-soundtracks/album/super-smash-bros.-ultimate-expanded-vol.-01-super-smash-bros.-switch-gamerip-2018,2026-10-05,Track title is taken from KHInsider's soundtrack/gamerip album index. Popularity is an explicitly labelled proxy based on BeatHit game rank and track prominence.,"{""culture_category"":""video_game_music"",""video_game"":""Super Smash Bros. Ultimate"",""game_rank"":41,""game_association_kind"":""khinsider_game_soundtrack"",""khinsider_album_url"":""https://downloads.khinsider.com/game-soundtracks/album/super-smash-bros.-ultimate-expanded-vol.-01-super-smash-bros.-switch-gamerip-2018"",""khinsider_album_title"":""Super Smash Bros. Ultimate Vol. 01 - Super Smash Bros. (super-smash-bros.-ultimate-expanded-vol.-01-super-smash-bros.-switch-gamerip-2018)"",""khinsider_album_kind"":""official_or_gamerip"",""khinsider_album_match_score"":100.0,""relevance_score_100"":100.0,""popularity_score_100"":50.986282507404624,""score_100"":80.39451300296184,""popularity_basis"":""BeatHit master-list game rank plus track position proxy""}"
864,Step - Subspace Ver. 2,Unknown credited artist,[],Super Smash Bros. Ultimate Vol. 01 - Super Smash Bros. (super-smash-bros.-ultimate-expanded-vol.-01-super-smash-bros.-switch-gamerip-2018),,,"[""video game soundtrack""]","[""und""]",,,,Super Smash Bros. Ultimate,,,khinsider_track_prominence_proxy,50.986282507404624,score_0_100,,,,80.39451300296184,,,,https://downloads.khinsider.com/game-soundtracks/album/super-smash-bros.-ultimate-expanded-vol.-01-super-smash-bros.-switch-gamerip-2018,2026-10-05,Track title is taken from KHInsider's soundtrack/gamerip album index. Popularity is an explicitly labelled proxy based on BeatHit game rank and track prominence.,"{""culture_category"":""video_game_music"",""video_game"":""Super Smash Bros. Ultimate"",""game_rank"":41,""game_association_kind"":""khinsider_game_soundtrack"",""khinsider_album_url"":""https://downloads.khinsider.com/game-soundtracks/album/super-smash-bros.-ultimate-expanded-vol.-01-super-smash-bros.-switch-gamerip-2018"",""khinsider_album_title"":""Super Smash Bros. Ultimate Vol. 01 - Super Smash Bros. (super-smash-bros.-ultimate-expanded-vol.-01-super-smash-bros.-switch-gamerip-2018)"",""khinsider_album_kind"":""official_or_gamerip"",""khinsider_album_match_score"":100.0,""relevance_score_100"":100.0,""popularity_score_100"":50.986282507404624,""score_100"":80.39451300296184,""popularity_basis"":""BeatHit master-list game rank plus track position proxy""}"
865,Save Point,Unknown credited artist,[],Super Smash Bros. Ultimate Vol. 01 - Super Smash Bros. (super-smash-bros.-ultimate-expanded-vol.-01-super-smash-bros.-switch-gamerip-2018),,,"[""video game soundtrack""]","[""und""]",,,,Super Smash Bros. Ultimate,,,khinsider_track_prominence_proxy,50.986282507404624,score_0_100,,,,80.39451300296184,,,,https://downloads.khinsider.com/game-soundtracks/album/super-smash-bros.-ultimate-expanded-vol.-01-super-smash-bros.-switch-gamerip-2018,2026-10-05,Track title is taken from KHInsider's soundtrack/gamerip album index. Popularity is an explicitly labelled proxy based on BeatHit game rank and track prominence.,"{""culture_category"":""video_game_music"",""video_game"":""Super Smash Bros. Ultimate"",""game_rank"":41,""game_association_kind"":""khinsider_game_soundtrack"",""khinsider_album_url"":""https://downloads.khinsider.com/game-soundtracks/album/super-smash-bros.-ultimate-expanded-vol.-01-super-smash-bros.-switch-gamerip-2018"",""khinsider_album_title"":""Super Smash Bros. Ultimate Vol. 01 - Super Smash Bros. (super-smash-bros.-ultimate-expanded-vol.-01-super-smash-bros.-switch-gamerip-2018)"",""khinsider_album_kind"":""official_or_gamerip"",""khinsider_album_match_score"":100.0,""relevance_score_100"":100.0,""popularity_score_100"":50.986282507404624,""score_100"":80.39451300296184,""popularity_basis"":""BeatHit master-list game rank plus track position proxy""}"
866,Subspace Emissary - Results Screen,Unknown credited artist,[],Super Smash Bros. Ultimate Vol. 01 - Super Smash Bros. (super-smash-bros.-ultimate-expanded-vol.-01-super-smash-bros.-switch-gamerip-2018),,,"[""video game soundtrack""]","[""und""]",,,,Super Smash Bros. Ultimate,,,khinsider_track_prominence_proxy,50.986282507404624,score_0_100,,,,80.39451300296184,,,,https://downloads.khinsider.com/game-soundtracks/album/super-smash-bros.-ultimate-expanded-vol.-01-super-smash-bros.-switch-gamerip-2018,2026-10-05,Track title is taken from KHInsider's soundtrack/gamerip album index. Popularity is an explicitly labelled proxy based on BeatHit game rank and track prominence.,"{""culture_category"":""video_game_music"",""video_game"":""Super Smash Bros. Ultimate"",""game_rank"":41,""game_association_kind"":""khinsider_game_soundtrack"",""khinsider_album_url"":""https://downloads.khinsider.com/game-soundtracks/album/super-smash-bros.-ultimate-expanded-vol.-01-super-smash-bros.-switch-gamerip-2018"",""khinsider_album_title"":""Super Smash Bros. Ultimate Vol. 01 - Super Smash Bros. (super-smash-bros.-ultimate-expanded-vol.-01-super-smash-bros.-switch-gamerip-2018)"",""khinsider_album_kind"":""official_or_gamerip"",""khinsider_album_match_score"":100.0,""relevance_score_100"":100.0,""popularity_score_100"":50.986282507404624,""score_100"":80.39451300296184,""popularity_basis"":""BeatHit master-list game rank plus track position proxy""}"
867,Continue - Super Smash Bros. Brawl,Unknown credited artist,[],Super Smash Bros. Ultimate Vol. 01 - Super Smash Bros. (super-smash-bros.-ultimate-expanded-vol.-01-super-smash-bros.-switch-gamerip-2018),,,"[""video game soundtrack""]","[""und""]",,,,Super Smash Bros. Ultimate,,,khinsider_track_prominence_proxy,50.986282507404624,score_0_100,,,,80.39451300296184,,,,https://downloads.khinsider.com/game-soundtracks/album/super-smash-bros.-ultimate-expanded-vol.-01-super-smash-bros.-switch-gamerip-2018,2026-10-05,Track title is taken from KHInsider's soundtrack/gamerip album index. Popularity is an explicitly labelled proxy based on BeatHit game rank and track prominence.,"{""culture_category"":""video_game_music"",""video_game"":""Super Smash Bros. Ultimate"",""game_rank"":41,""game_association_kind"":""khinsider_game_soundtrack"",""khinsider_album_url"":""https://downloads.khinsider.com/game-soundtracks/album/super-smash-bros.-ultimate-expanded-vol.-01-super-smash-bros.-switch-gamerip-2018"",""khinsider_album_title"":""Super Smash Bros. Ultimate Vol. 01 - Super Smash Bros. (super-smash-bros.-ultimate-expanded-vol.-01-super-smash-bros.-switch-gamerip-2018)"",""khinsider_album_kind"":""official_or_gamerip"",""khinsider_album_match_score"":100.0,""relevance_score_100"":100.0,""popularity_score_100"":50.986282507404624,""score_100"":80.39451300296184,""popularity_basis"":""BeatHit master-list game rank plus track position proxy""}"
868,Game Over - Super Smash Bros. Brawl,Unknown credited artist,[],Super Smash Bros. Ultimate Vol. 01 - Super Smash Bros. (super-smash-bros.-ultimate-expanded-vol.-01-super-smash-bros.-switch-gamerip-2018),,,"[""video game soundtrack""]","[""und""]",,,,Super Smash Bros. Ultimate,,,khinsider_track_prominence_proxy,50.986282507404624,score_0_100,,,,80.39451300296184,,,,https://downloads.khinsider.com/game-soundtracks/album/super-smash-bros.-ultimate-expanded-vol.-01-super-smash-bros.-switch-gamerip-2018,2026-10-05,Track title is taken from KHInsider's soundtrack/gamerip album index. Popularity is an explicitly labelled proxy based on BeatHit game rank and track prominence.,"{""culture_category"":""video_game_music"",""video_game"":""Super Smash Bros. Ultimate"",""game_rank"":41,""game_association_kind"":""khinsider_game_soundtrack"",""khinsider_album_url"":""https://downloads.khinsider.com/game-soundtracks/album/super-smash-bros.-ultimate-expanded-vol.-01-super-smash-bros.-switch-gamerip-2018"",""khinsider_album_title"":""Super Smash Bros. Ultimate Vol. 01 - Super Smash Bros. (super-smash-bros.-ultimate-expanded-vol.-01-super-smash-bros.-switch-gamerip-2018)"",""khinsider_album_kind"":""official_or_gamerip"",""khinsider_album_match_score"":100.0,""relevance_score_100"":100.0,""popularity_score_100"":50.986282507404624,""score_100"":80.39451300296184,""popularity_basis"":""BeatHit master-list game rank plus track position proxy""}"
869,Trophy Obtained! - Super Smash Bros. Brawl,Unknown credited artist,[],Super Smash Bros. Ultimate Vol. 01 - Super Smash Bros. (super-smash-bros.-ultimate-expanded-vol.-01-super-smash-bros.-switch-gamerip-2018),,,"[""video game soundtrack""]","[""und""]",,,,Super Smash Bros. Ultimate,,,khinsider_track_prominence_proxy,50.986282507404624,score_0_100,,,,80.39451300296184,,,,https://downloads.khinsider.com/game-soundtracks/album/super-smash-bros.-ultimate-expanded-vol.-01-super-smash-bros.-switch-gamerip-2018,2026-10-05,Track title is taken from KHInsider's soundtrack/gamerip album index. Popularity is an explicitly labelled proxy based on BeatHit game rank and track prominence.,"{""culture_category"":""video_game_music"",""video_game"":""Super Smash Bros. Ultimate"",""game_rank"":41,""game_association_kind"":""khinsider_game_soundtrack"",""khinsider_album_url"":""https://downloads.khinsider.com/game-soundtracks/album/super-smash-bros.-ultimate-expanded-vol.-01-super-smash-bros.-switch-gamerip-2018"",""khinsider_album_title"":""Super Smash Bros. Ultimate Vol. 01 - Super Smash Bros. (super-smash-bros.-ultimate-expanded-vol.-01-super-smash-bros.-switch-gamerip-2018)"",""khinsider_album_kind"":""official_or_gamerip"",""khinsider_album_match_score"":100.0,""relevance_score_100"":100.0,""popularity_score_100"":50.986282507404624,""score_100"":80.39451300296184,""popularity_basis"":""BeatHit master-list game rank plus track position proxy""}"
870,New Playable Character! - Super Smash Bros. Brawl,Unknown credited artist,[],Super Smash Bros. Ultimate Vol. 01 - Super Smash Bros. (super-smash-bros.-ultimate-expanded-vol.-01-super-smash-bros.-switch-gamerip-2018),,,"[""video game soundtrack""]","[""und""]",,,,Super Smash Bros. Ultimate,,,khinsider_track_prominence_proxy,50.986282507404624,score_0_100,,,,80.39451300296184,,,,https://downloads.khinsider.com/game-soundtracks/album/super-smash-bros.-ultimate-expanded-vol.-01-super-smash-bros.-switch-gamerip-2018,2026-10-05,Track title is taken from KHInsider's soundtrack/gamerip album index. Popularity is an explicitly labelled proxy based on BeatHit game rank and track prominence.,"{""culture_category"":""video_game_music"",""video_game"":""Super Smash Bros. Ultimate"",""game_rank"":41,""game_association_kind"":""khinsider_game_soundtrack"",""khinsider_album_url"":""https://downloads.khinsider.com/game-soundtracks/album/super-smash-bros.-ultimate-expanded-vol.-01-super-smash-bros.-switch-gamerip-2018"",""khinsider_album_title"":""Super Smash Bros. Ultimate Vol. 01 - Super Smash Bros. (super-smash-bros.-ultimate-expanded-vol.-01-super-smash-bros.-switch-gamerip-2018)"",""khinsider_album_kind"":""official_or_gamerip"",""khinsider_album_match_score"":100.0,""relevance_score_100"":100.0,""popularity_score_100"":50.986282507404624,""score_100"":80.39451300296184,""popularity_basis"":""BeatHit master-list game rank plus track position proxy""}"
871,Coins Obtained - Super Smash Bros. Brawl,Unknown credited artist,[],Super Smash Bros. Ultimate Vol. 01 - Super Smash Bros. (super-smash-bros.-ultimate-expanded-vol.-01-super-smash-bros.-switch-gamerip-2018),,,"[""video game soundtrack""]","[""und""]",,,,Super Smash Bros. Ultimate,,,khinsider_track_prominence_proxy,50.986282507404624,score_0_100,,,,80.39451300296184,,,,https://downloads.khinsider.com/game-soundtracks/album/super-smash-bros.-ultimate-expanded-vol.-01-super-smash-bros.-switch-gamerip-2018,2026-10-05,Track title is taken from KHInsider's soundtrack/gamerip album index. Popularity is an explicitly labelled proxy based on BeatHit game rank and track prominence.,"{""culture_category"":""video_game_music"",""video_game"":""Super Smash Bros. Ultimate"",""game_rank"":41,""game_association_kind"":""khinsider_game_soundtrack"",""khinsider_album_url"":""https://downloads.khinsider.com/game-soundtracks/album/super-smash-bros.-ultimate-expanded-vol.-01-super-smash-bros.-switch-gamerip-2018"",""khinsider_album_title"":""Super Smash Bros. Ultimate Vol. 01 - Super Smash Bros. (super-smash-bros.-ultimate-expanded-vol.-01-super-smash-bros.-switch-gamerip-2018)"",""khinsider_album_kind"":""official_or_gamerip"",""khinsider_album_match_score"":100.0,""relevance_score_100"":100.0,""popularity_score_100"":50.986282507404624,""score_100"":80.39451300296184,""popularity_basis"":""BeatHit master-list game rank plus track position proxy""}"
872,Special Message - Super Smash Bros. Brawl,Unknown credited artist,[],Super Smash Bros. Ultimate Vol. 01 - Super Smash Bros. (super-smash-bros.-ultimate-expanded-vol.-01-super-smash-bros.-switch-gamerip-2018),,,"[""video game soundtrack""]","[""und""]",,,,Super Smash Bros. Ultimate,,,khinsider_track_prominence_proxy,50.986282507404624,score_0_100,,,,80.39451300296184,,,,https://downloads.khinsider.com/game-soundtracks/album/super-smash-bros.-ultimate-expanded-vol.-01-super-smash-bros.-switch-gamerip-2018,2026-10-05,Track title is taken from KHInsider's soundtrack/gamerip album index. Popularity is an explicitly labelled proxy based on BeatHit game rank and track prominence.,"{""culture_category"":""video_game_music"",""video_game"":""Super Smash Bros. Ultimate"",""game_rank"":41,""game_association_kind"":""khinsider_game_soundtrack"",""khinsider_album_url"":""https://downloads.khinsider.com/game-soundtracks/album/super-smash-bros.-ultimate-expanded-vol.-01-super-smash-bros.-switch-gamerip-2018"",""khinsider_album_title"":""Super Smash Bros. Ultimate Vol. 01 - Super Smash Bros. (super-smash-bros.-ultimate-expanded-vol.-01-super-smash-bros.-switch-gamerip-2018)"",""khinsider_album_kind"":""official_or_gamerip"",""khinsider_album_match_score"":100.0,""relevance_score_100"":100.0,""popularity_score_100"":50.986282507404624,""score_100"":80.39451300296184,""popularity_basis"":""BeatHit master-list game rank plus track position proxy""}"
873,New Feature - Super Smash Bros. Brawl,Unknown credited artist,[],Super Smash Bros. Ultimate Vol. 01 - Super Smash Bros. (super-smash-bros.-ultimate-expanded-vol.-01-super-smash-bros.-switch-gamerip-2018),,,"[""video game soundtrack""]","[""und""]",,,,Super Smash Bros. Ultimate,,,khinsider_track_prominence_proxy,50.986282507404624,score_0_100,,,,80.39451300296184,,,,https://downloads.khinsider.com/game-soundtracks/album/super-smash-bros.-ultimate-expanded-vol.-01-super-smash-bros.-switch-gamerip-2018,2026-10-05,Track title is taken from KHInsider's soundtrack/gamerip album index. Popularity is an explicitly labelled proxy based on BeatHit game rank and track prominence.,"{""culture_category"":""video_game_music"",""video_game"":""Super Smash Bros. Ultimate"",""game_rank"":41,""game_association_kind"":""khinsider_game_soundtrack"",""khinsider_album_url"":""https://downloads.khinsider.com/game-soundtracks/album/super-smash-bros.-ultimate-expanded-vol.-01-super-smash-bros.-switch-gamerip-2018"",""khinsider_album_title"":""Super Smash Bros. Ultimate Vol. 01 - Super Smash Bros. (super-smash-bros.-ultimate-expanded-vol.-01-super-smash-bros.-switch-gamerip-2018)"",""khinsider_album_kind"":""official_or_gamerip"",""khinsider_album_match_score"":100.0,""relevance_score_100"":100.0,""popularity_score_100"":50.986282507404624,""score_100"":80.39451300296184,""popularity_basis"":""BeatHit master-list game rank plus track position proxy""}"
874,Channel Intro - Super Smash Bros. for 3DS,Unknown credited artist,[],Super Smash Bros. Ultimate Vol. 01 - Super Smash Bros. (super-smash-bros.-ultimate-expanded-vol.-01-super-smash-bros.-switch-gamerip-2018),,,"[""video game soundtrack""]","[""und""]",,,,Super Smash Bros. Ultimate,,,khinsider_track_prominence_proxy,50.986282507404624,score_0_100,,,,80.39451300296184,,,,https://downloads.khinsider.com/game-soundtracks/album/super-smash-bros.-ultimate-expanded-vol.-01-super-smash-bros.-switch-gamerip-2018,2026-10-05,Track title is taken from KHInsider's soundtrack/gamerip album index. Popularity is an explicitly labelled proxy based on BeatHit game rank and track prominence.,"{""culture_category"":""video_game_music"",""video_game"":""Super Smash Bros. Ultimate"",""game_rank"":41,""game_association_kind"":""khinsider_game_soundtrack"",""khinsider_album_url"":""https://downloads.khinsider.com/game-soundtracks/album/super-smash-bros.-ultimate-expanded-vol.-01-super-smash-bros.-switch-gamerip-2018"",""khinsider_album_title"":""Super Smash Bros. Ultimate Vol. 01 - Super Smash Bros. (super-smash-bros.-ultimate-expanded-vol.-01-super-smash-bros.-switch-gamerip-2018)"",""khinsider_album_kind"":""official_or_gamerip"",""khinsider_album_match_score"":100.0,""relevance_score_100"":100.0,""popularity_score_100"":50.986282507404624,""score_100"":80.39451300296184,""popularity_basis"":""BeatHit master-list game rank plus track position proxy""}"
875,Menu - Super Smash Bros. for 3DS,Unknown credited artist,[],Super Smash Bros. Ultimate Vol. 01 - Super Smash Bros. (super-smash-bros.-ultimate-expanded-vol.-01-super-smash-bros.-switch-gamerip-2018),,,"[""video game soundtrack""]","[""und""]",,,,Super Smash Bros. Ultimate,,,khinsider_track_prominence_proxy,50.986282507404624,score_0_100,,,,80.39451300296184,,,,https://downloads.khinsider.com/game-soundtracks/album/super-smash-bros.-ultimate-expanded-vol.-01-super-smash-bros.-switch-gamerip-2018,2026-10-05,Track title is taken from KHInsider's soundtrack/gamerip album index. Popularity is an explicitly labelled proxy based on BeatHit game rank and track prominence.,"{""culture_category"":""video_game_music"",""video_game"":""Super Smash Bros. Ultimate"",""game_rank"":41,""game_association_kind"":""khinsider_game_soundtrack"",""khinsider_album_url"":""https://downloads.khinsider.com/game-soundtracks/album/super-smash-bros.-ultimate-expanded-vol.-01-super-smash-bros.-switch-gamerip-2018"",""khinsider_album_title"":""Super Smash Bros. Ultimate Vol. 01 - Super Smash Bros. (super-smash-bros.-ultimate-expanded-vol.-01-super-smash-bros.-switch-gamerip-2018)"",""khinsider_album_kind"":""official_or_gamerip"",""khinsider_album_match_score"":100.0,""relevance_score_100"":100.0,""popularity_score_100"":50.986282507404624,""score_100"":80.39451300296184,""popularity_basis"":""BeatHit master-list game rank plus track position proxy""}"
876,Classic - Map - Super Smash Bros. for Wii U,Unknown credited artist,[],Super Smash Bros. Ultimate Vol. 01 - Super Smash Bros. (super-smash-bros.-ultimate-expanded-vol.-01-super-smash-bros.-switch-gamerip-2018),,,"[""video game soundtrack""]","[""und""]",,,,Super Smash Bros. Ultimate,,,khinsider_track_prominence_proxy,50.986282507404624,score_0_100,,,,80.39451300296184,,,,https://downloads.khinsider.com/game-soundtracks/album/super-smash-bros.-ultimate-expanded-vol.-01-super-smash-bros.-switch-gamerip-2018,2026-10-05,Track title is taken from KHInsider's soundtrack/gamerip album index. Popularity is an explicitly labelled proxy based on BeatHit game rank and track prominence.,"{""culture_category"":""video_game_music"",""video_game"":""Super Smash Bros. Ultimate"",""game_rank"":41,""game_association_kind"":""khinsider_game_soundtrack"",""khinsider_album_url"":""https://downloads.khinsider.com/game-soundtracks/album/super-smash-bros.-ultimate-expanded-vol.-01-super-smash-bros.-switch-gamerip-2018"",""khinsider_album_title"":""Super Smash Bros. Ultimate Vol. 01 - Super Smash Bros. (super-smash-bros.-ultimate-expanded-vol.-01-super-smash-bros.-switch-gamerip-2018)"",""khinsider_album_kind"":""official_or_gamerip"",""khinsider_album_match_score"":100.0,""relevance_score_100"":100.0,""popularity_score_100"":50.986282507404624,""score_100"":80.39451300296184,""popularity_basis"":""BeatHit master-list game rank plus track position proxy""}"
877,Classic - Map - Super Smash Bros. for 3DS,Unknown credited artist,[],Super Smash Bros. Ultimate Vol. 01 - Super Smash Bros. (super-smash-bros.-ultimate-expanded-vol.-01-super-smash-bros.-switch-gamerip-2018),,,"[""video game soundtrack""]","[""und""]",,,,Super Smash Bros. Ultimate,,,khinsider_track_prominence_proxy,50.986282507404624,score_0_100,,,,80.39451300296184,,,,https://downloads.khinsider.com/game-soundtracks/album/super-smash-bros.-ultimate-expanded-vol.-01-super-smash-bros.-switch-gamerip-2018,2026-10-05,Track title is taken from KHInsider's soundtrack/gamerip album index. Popularity is an explicitly labelled proxy based on BeatHit game rank and track prominence.,"{""culture_category"":""video_game_music"",""video_game"":""Super Smash Bros. Ultimate"",""game_rank"":41,""game_association_kind"":""khinsider_game_soundtrack"",""khinsider_album_url"":""https://downloads.khinsider.com/game-soundtracks/album/super-smash-bros.-ultimate-expanded-vol.-01-super-smash-bros.-switch-gamerip-2018"",""khinsider_album_title"":""Super Smash Bros. Ultimate Vol. 01 - Super Smash Bros. (super-smash-bros.-ultimate-expanded-vol.-01-super-smash-bros.-switch-gamerip-2018)"",""khinsider_album_kind"":""official_or_gamerip"",""khinsider_album_match_score"":100.0,""relevance_score_100"":100.0,""popularity_score_100"":50.986282507404624,""score_100"":80.39451300296184,""popularity_basis"":""BeatHit master-list game rank plus track position proxy""}"
878,Classic - V.S. - Super Smash Bros. for 3DS - Wii U,Unknown credited artist,[],Super Smash Bros. Ultimate Vol. 01 - Super Smash Bros. (super-smash-bros.-ultimate-expanded-vol.-01-super-smash-bros.-switch-gamerip-2018),,,"[""video game soundtrack""]","[""und""]",,,,Super Smash Bros. Ultimate,,,khinsider_track_prominence_proxy,50.986282507404624,score_0_100,,,,80.39451300296184,,,,https://downloads.khinsider.com/game-soundtracks/album/super-smash-bros.-ultimate-expanded-vol.-01-super-smash-bros.-switch-gamerip-2018,2026-10-05,Track title is taken from KHInsider's soundtrack/gamerip album index. Popularity is an explicitly labelled proxy based on BeatHit game rank and track prominence.,"{""culture_category"":""video_game_music"",""video_game"":""Super Smash Bros. Ultimate"",""game_rank"":41,""game_association_kind"":""khinsider_game_soundtrack"",""khinsider_album_url"":""https://downloads.khinsider.com/game-soundtracks/album/super-smash-bros.-ultimate-expanded-vol.-01-super-smash-bros.-switch-gamerip-2018"",""khinsider_album_title"":""Super Smash Bros. Ultimate Vol. 01 - Super Smash Bros. (super-smash-bros.-ultimate-expanded-vol.-01-super-smash-bros.-switch-gamerip-2018)"",""khinsider_album_kind"":""official_or_gamerip"",""khinsider_album_match_score"":100.0,""relevance_score_100"":100.0,""popularity_score_100"":50.986282507404624,""score_100"":80.39451300296184,""popularity_basis"":""BeatHit master-list game rank plus track position proxy""}"
879,Classic - Mode Clear - Super Smash Bros. for 3DS - Wii U,Unknown credited artist,[],Super Smash Bros. Ultimate Vol. 01 - Super Smash Bros. (super-smash-bros.-ultimate-expanded-vol.-01-super-smash-bros.-switch-gamerip-2018),,,"[""video game soundtrack""]","[""und""]",,,,Super Smash Bros. Ultimate,,,khinsider_track_prominence_proxy,50.986282507404624,score_0_100,,,,80.39451300296184,,,,https://downloads.khinsider.com/game-soundtracks/album/super-smash-bros.-ultimate-expanded-vol.-01-super-smash-bros.-switch-gamerip-2018,2026-10-05,Track title is taken from KHInsider's soundtrack/gamerip album index. Popularity is an explicitly labelled proxy based on BeatHit game rank and track prominence.,"{""culture_category"":""video_game_music"",""video_game"":""Super Smash Bros. Ultimate"",""game_rank"":41,""game_association_kind"":""khinsider_game_soundtrack"",""khinsider_album_url"":""https://downloads.khinsider.com/game-soundtracks/album/super-smash-bros.-ultimate-expanded-vol.-01-super-smash-bros.-switch-gamerip-2018"",""khinsider_album_title"":""Super Smash Bros. Ultimate Vol. 01 - Super Smash Bros. (super-smash-bros.-ultimate-expanded-vol.-01-super-smash-bros.-switch-gamerip-2018)"",""khinsider_album_kind"":""official_or_gamerip"",""khinsider_album_match_score"":100.0,""relevance_score_100"":100.0,""popularity_score_100"":50.986282507404624,""score_100"":80.39451300296184,""popularity_basis"":""BeatHit master-list game rank plus track position proxy""}"
880,Master Orders - Reward - Super Smash Bros. for 3DS - Wii U,Unknown credited artist,[],Super Smash Bros. Ultimate Vol. 01 - Super Smash Bros. (super-smash-bros.-ultimate-expanded-vol.-01-super-smash-bros.-switch-gamerip-2018),,,"[""video game soundtrack""]","[""und""]",,,,Super Smash Bros. Ultimate,,,khinsider_track_prominence_proxy,50.986282507404624,score_0_100,,,,80.39451300296184,,,,https://downloads.khinsider.com/game-soundtracks/album/super-smash-bros.-ultimate-expanded-vol.-01-super-smash-bros.-switch-gamerip-2018,2026-10-05,Track title is taken from KHInsider's soundtrack/gamerip album index. Popularity is an explicitly labelled proxy based on BeatHit game rank and track prominence.,"{""culture_category"":""video_game_music"",""video_game"":""Super Smash Bros. Ultimate"",""game_rank"":41,""game_association_kind"":""khinsider_game_soundtrack"",""khinsider_album_url"":""https://downloads.khinsider.com/game-soundtracks/album/super-smash-bros.-ultimate-expanded-vol.-01-super-smash-bros.-switch-gamerip-2018"",""khinsider_album_title"":""Super Smash Bros. Ultimate Vol. 01 - Super Smash Bros. (super-smash-bros.-ultimate-expanded-vol.-01-super-smash-bros.-switch-gamerip-2018)"",""khinsider_album_kind"":""official_or_gamerip"",""khinsider_album_match_score"":100.0,""relevance_score_100"":100.0,""popularity_score_100"":50.986282507404624,""score_100"":80.39451300296184,""popularity_basis"":""BeatHit master-list game rank plus track position proxy""}"
881,Master Orders - Defeat - Super Smash Bros. for 3DS - Wii U,Unknown credited artist,[],Super Smash Bros. Ultimate Vol. 01 - Super Smash Bros. (super-smash-bros.-ultimate-expanded-vol.-01-super-smash-bros.-switch-gamerip-2018),,,"[""video game soundtrack""]","[""und""]",,,,Super Smash Bros. Ultimate,,,khinsider_track_prominence_proxy,50.986282507404624,score_0_100,,,,80.39451300296184,,,,https://downloads.khinsider.com/game-soundtracks/album/super-smash-bros.-ultimate-expanded-vol.-01-super-smash-bros.-switch-gamerip-2018,2026-10-05,Track title is taken from KHInsider's soundtrack/gamerip album index. Popularity is an explicitly labelled proxy based on BeatHit game rank and track prominence.,"{""culture_category"":""video_game_music"",""video_game"":""Super Smash Bros. Ultimate"",""game_rank"":41,""game_association_kind"":""khinsider_game_soundtrack"",""khinsider_album_url"":""https://downloads.khinsider.com/game-soundtracks/album/super-smash-bros.-ultimate-expanded-vol.-01-super-smash-bros.-switch-gamerip-2018"",""khinsider_album_title"":""Super Smash Bros. Ultimate Vol. 01 - Super Smash Bros. (super-smash-bros.-ultimate-expanded-vol.-01-super-smash-bros.-switch-gamerip-2018)"",""khinsider_album_kind"":""official_or_gamerip"",""khinsider_album_match_score"":100.0,""relevance_score_100"":100.0,""popularity_score_100"":50.986282507404624,""score_100"":80.39451300296184,""popularity_basis"":""BeatHit master-list game rank plus track position proxy""}"
882,Crazy Orders - Ticket Selection,Unknown credited artist,[],Super Smash Bros. Ultimate Vol. 01 - Super Smash Bros. (super-smash-bros.-ultimate-expanded-vol.-01-super-smash-bros.-switch-gamerip-2018),,,"[""video game soundtrack""]","[""und""]",,,,Super Smash Bros. Ultimate,,,khinsider_track_prominence_proxy,50.986282507404624,score_0_100,,,,80.39451300296184,,,,https://downloads.khinsider.com/game-soundtracks/album/super-smash-bros.-ultimate-expanded-vol.-01-super-smash-bros.-switch-gamerip-2018,2026-10-05,Track title is taken from KHInsider's soundtrack/gamerip album index. Popularity is an explicitly labelled proxy based on BeatHit game rank and track prominence.,"{""culture_category"":""video_game_music"",""video_game"":""Super Smash Bros. Ultimate"",""game_rank"":41,""game_association_kind"":""khinsider_game_soundtrack"",""khinsider_album_url"":""https://downloads.khinsider.com/game-soundtracks/album/super-smash-bros.-ultimate-expanded-vol.-01-super-smash-bros.-switch-gamerip-2018"",""khinsider_album_title"":""Super Smash Bros. Ultimate Vol. 01 - Super Smash Bros. (super-smash-bros.-ultimate-expanded-vol.-01-super-smash-bros.-switch-gamerip-2018)"",""khinsider_album_kind"":""official_or_gamerip"",""khinsider_album_match_score"":100.0,""relevance_score_100"":100.0,""popularity_score_100"":50.986282507404624,""score_100"":80.39451300296184,""popularity_basis"":""BeatHit master-list game rank plus track position proxy""}"
883,Crazy Orders - Final Battle Victory,Unknown credited artist,[],Super Smash Bros. Ultimate Vol. 01 - Super Smash Bros. (super-smash-bros.-ultimate-expanded-vol.-01-super-smash-bros.-switch-gamerip-2018),,,"[""video game soundtrack""]","[""und""]",,,,Super Smash Bros. Ultimate,,,khinsider_track_prominence_proxy,50.986282507404624,score_0_100,,,,80.39451300296184,,,,https://downloads.khinsider.com/game-soundtracks/album/super-smash-bros.-ultimate-expanded-vol.-01-super-smash-bros.-switch-gamerip-2018,2026-10-05,Track title is taken from KHInsider's soundtrack/gamerip album index. Popularity is an explicitly labelled proxy based on BeatHit game rank and track prominence.,"{""culture_category"":""video_game_music"",""video_game"":""Super Smash Bros. Ultimate"",""game_rank"":41,""game_association_kind"":""khinsider_game_soundtrack"",""khinsider_album_url"":""https://downloads.khinsider.com/game-soundtracks/album/super-smash-bros.-ultimate-expanded-vol.-01-super-smash-bros.-switch-gamerip-2018"",""khinsider_album_title"":""Super Smash Bros. Ultimate Vol. 01 - Super Smash Bros. (super-smash-bros.-ultimate-expanded-vol.-01-super-smash-bros.-switch-gamerip-2018)"",""khinsider_album_kind"":""official_or_gamerip"",""khinsider_album_match_score"":100.0,""relevance_score_100"":100.0,""popularity_score_100"":50.986282507404624,""score_100"":80.39451300296184,""popularity_basis"":""BeatHit master-list game rank plus track position proxy""}"
884,Crazy Orders - Final Battle Defeat,Unknown credited artist,[],Super Smash Bros. Ultimate Vol. 01 - Super Smash Bros. (super-smash-bros.-ultimate-expanded-vol.-01-super-smash-bros.-switch-gamerip-2018),,,"[""video game soundtrack""]","[""und""]",,,,Super Smash Bros. Ultimate,,,khinsider_track_prominence_proxy,50.986282507404624,score_0_100,,,,80.39451300296184,,,,https://downloads.khinsider.com/game-soundtracks/album/super-smash-bros.-ultimate-expanded-vol.-01-super-smash-bros.-switch-gamerip-2018,2026-10-05,Track title is taken from KHInsider's soundtrack/gamerip album index. Popularity is an explicitly labelled proxy based on BeatHit game rank and track prominence.,"{""culture_category"":""video_game_music"",""video_game"":""Super Smash Bros. Ultimate"",""game_rank"":41,""game_association_kind"":""khinsider_game_soundtrack"",""khinsider_album_url"":""https://downloads.khinsider.com/game-soundtracks/album/super-smash-bros.-ultimate-expanded-vol.-01-super-smash-bros.-switch-gamerip-2018"",""khinsider_album_title"":""Super Smash Bros. Ultimate Vol. 01 - Super Smash Bros. (super-smash-bros.-ultimate-expanded-vol.-01-super-smash-bros.-switch-gamerip-2018)"",""khinsider_album_kind"":""official_or_gamerip"",""khinsider_album_match_score"":100.0,""relevance_score_100"":100.0,""popularity_score_100"":50.986282507404624,""score_100"":80.39451300296184,""popularity_basis"":""BeatHit master-list game rank plus track position proxy""}"
885,Smash Tour - Battle,Unknown credited artist,[],Super Smash Bros. Ultimate Vol. 01 - Super Smash Bros. (super-smash-bros.-ultimate-expanded-vol.-01-super-smash-bros.-switch-gamerip-2018),,,"[""video game soundtrack""]","[""und""]",,,,Super Smash Bros. Ultimate,,,khinsider_track_prominence_proxy,50.986282507404624,score_0_100,,,,80.39451300296184,,,,https://downloads.khinsider.com/game-soundtracks/album/super-smash-bros.-ultimate-expanded-vol.-01-super-smash-bros.-switch-gamerip-2018,2026-10-05,Track title is taken from KHInsider's soundtrack/gamerip album index. Popularity is an explicitly labelled proxy based on BeatHit game rank and track prominence.,"{""culture_category"":""video_game_music"",""video_game"":""Super Smash Bros. Ultimate"",""game_rank"":41,""game_association_kind"":""khinsider_game_soundtrack"",""khinsider_album_url"":""https://downloads.khinsider.com/game-soundtracks/album/super-smash-bros.-ultimate-expanded-vol.-01-super-smash-bros.-switch-gamerip-2018"",""khinsider_album_title"":""Super Smash Bros. Ultimate Vol. 01 - Super Smash Bros. (super-smash-bros.-ultimate-expanded-vol.-01-super-smash-bros.-switch-gamerip-2018)"",""khinsider_album_kind"":""official_or_gamerip"",""khinsider_album_match_score"":100.0,""relevance_score_100"":100.0,""popularity_score_100"":50.986282507404624,""score_100"":80.39451300296184,""popularity_basis"":""BeatHit master-list game rank plus track position proxy""}"
886,Smash Tour - Map (5 Turns Left),Unknown credited artist,[],Super Smash Bros. Ultimate Vol. 01 - Super Smash Bros. (super-smash-bros.-ultimate-expanded-vol.-01-super-smash-bros.-switch-gamerip-2018),,,"[""video game soundtrack""]","[""und""]",,,,Super Smash Bros. Ultimate,,,khinsider_track_prominence_proxy,50.986282507404624,score_0_100,,,,80.39451300296184,,,,https://downloads.khinsider.com/game-soundtracks/album/super-smash-bros.-ultimate-expanded-vol.-01-super-smash-bros.-switch-gamerip-2018,2026-10-05,Track title is taken from KHInsider's soundtrack/gamerip album index. Popularity is an explicitly labelled proxy based on BeatHit game rank and track prominence.,"{""culture_category"":""video_game_music"",""video_game"":""Super Smash Bros. Ultimate"",""game_rank"":41,""game_association_kind"":""khinsider_game_soundtrack"",""khinsider_album_url"":""https://downloads.khinsider.com/game-soundtracks/album/super-smash-bros.-ultimate-expanded-vol.-01-super-smash-bros.-switch-gamerip-2018"",""khinsider_album_title"":""Super Smash Bros. Ultimate Vol. 01 - Super Smash Bros. (super-smash-bros.-ultimate-expanded-vol.-01-super-smash-bros.-switch-gamerip-2018)"",""khinsider_album_kind"":""official_or_gamerip"",""khinsider_album_match_score"":100.0,""relevance_score_100"":100.0,""popularity_score_100"":50.986282507404624,""score_100"":80.39451300296184,""popularity_basis"":""BeatHit master-list game rank plus track position proxy""}"
887,Target Blast - Super Smash Bros. for 3DS - Wii U,Unknown credited artist,[],Super Smash Bros. Ultimate Vol. 01 - Super Smash Bros. (super-smash-bros.-ultimate-expanded-vol.-01-super-smash-bros.-switch-gamerip-2018),,,"[""video game soundtrack""]","[""und""]",,,,Super Smash Bros. Ultimate,,,khinsider_track_prominence_proxy,50.986282507404624,score_0_100,,,,80.39451300296184,,,,https://downloads.khinsider.com/game-soundtracks/album/super-smash-bros.-ultimate-expanded-vol.-01-super-smash-bros.-switch-gamerip-2018,2026-10-05,Track title is taken from KHInsider's soundtrack/gamerip album index. Popularity is an explicitly labelled proxy based on BeatHit game rank and track prominence.,"{""culture_category"":""video_game_music"",""video_game"":""Super Smash Bros. Ultimate"",""game_rank"":41,""game_association_kind"":""khinsider_game_soundtrack"",""khinsider_album_url"":""https://downloads.khinsider.com/game-soundtracks/album/super-smash-bros.-ultimate-expanded-vol.-01-super-smash-bros.-switch-gamerip-2018"",""khinsider_album_title"":""Super Smash Bros. Ultimate Vol. 01 - Super Smash Bros. (super-smash-bros.-ultimate-expanded-vol.-01-super-smash-bros.-switch-gamerip-2018)"",""khinsider_album_kind"":""official_or_gamerip"",""khinsider_album_match_score"":100.0,""relevance_score_100"":100.0,""popularity_score_100"":50.986282507404624,""score_100"":80.39451300296184,""popularity_basis"":""BeatHit master-list game rank plus track position proxy""}"
888,Target Blast Results - Super Smash Bros. for 3DS - Wii U,Unknown credited artist,[],Super Smash Bros. Ultimate Vol. 01 - Super Smash Bros. (super-smash-bros.-ultimate-expanded-vol.-01-super-smash-bros.-switch-gamerip-2018),,,"[""video game soundtrack""]","[""und""]",,,,Super Smash Bros. Ultimate,,,khinsider_track_prominence_proxy,50.986282507404624,score_0_100,,,,80.39451300296184,,,,https://downloads.khinsider.com/game-soundtracks/album/super-smash-bros.-ultimate-expanded-vol.-01-super-smash-bros.-switch-gamerip-2018,2026-10-05,Track title is taken from KHInsider's soundtrack/gamerip album index. Popularity is an explicitly labelled proxy based on BeatHit game rank and track prominence.,"{""culture_category"":""video_game_music"",""video_game"":""Super Smash Bros. Ultimate"",""game_rank"":41,""game_association_kind"":""khinsider_game_soundtrack"",""khinsider_album_url"":""https://downloads.khinsider.com/game-soundtracks/album/super-smash-bros.-ultimate-expanded-vol.-01-super-smash-bros.-switch-gamerip-2018"",""khinsider_album_title"":""Super Smash Bros. Ultimate Vol. 01 - Super Smash Bros. (super-smash-bros.-ultimate-expanded-vol.-01-super-smash-bros.-switch-gamerip-2018)"",""khinsider_album_kind"":""official_or_gamerip"",""khinsider_album_match_score"":100.0,""relevance_score_100"":100.0,""popularity_score_100"":50.986282507404624,""score_100"":80.39451300296184,""popularity_basis"":""BeatHit master-list game rank plus track position proxy""}"
889,Tournament - Registration - Super Smash Bros. for 3DS - Wii U,Unknown credited artist,[],Super Smash Bros. Ultimate Vol. 01 - Super Smash Bros. (super-smash-bros.-ultimate-expanded-vol.-01-super-smash-bros.-switch-gamerip-2018),,,"[""video game soundtrack""]","[""und""]",,,,Super Smash Bros. Ultimate,,,khinsider_track_prominence_proxy,50.986282507404624,score_0_100,,,,80.39451300296184,,,,https://downloads.khinsider.com/game-soundtracks/album/super-smash-bros.-ultimate-expanded-vol.-01-super-smash-bros.-switch-gamerip-2018,2026-10-05,Track title is taken from KHInsider's soundtrack/gamerip album index. Popularity is an explicitly labelled proxy based on BeatHit game rank and track prominence.,"{""culture_category"":""video_game_music"",""video_game"":""Super Smash Bros. Ultimate"",""game_rank"":41,""game_association_kind"":""khinsider_game_soundtrack"",""khinsider_album_url"":""https://downloads.khinsider.com/game-soundtracks/album/super-smash-bros.-ultimate-expanded-vol.-01-super-smash-bros.-switch-gamerip-2018"",""khinsider_album_title"":""Super Smash Bros. Ultimate Vol. 01 - Super Smash Bros. (super-smash-bros.-ultimate-expanded-vol.-01-super-smash-bros.-switch-gamerip-2018)"",""khinsider_album_kind"":""official_or_gamerip"",""khinsider_album_match_score"":100.0,""relevance_score_100"":100.0,""popularity_score_100"":50.986282507404624,""score_100"":80.39451300296184,""popularity_basis"":""BeatHit master-list game rank plus track position proxy""}"
890,Tournament - Final Results - Super Smash Bros. for 3DS - Wii U,Unknown credited artist,[],Super Smash Bros. Ultimate Vol. 01 - Super Smash Bros. (super-smash-bros.-ultimate-expanded-vol.-01-super-smash-bros.-switch-gamerip-2018),,,"[""video game soundtrack""]","[""und""]",,,,Super Smash Bros. Ultimate,,,khinsider_track_prominence_proxy,50.986282507404624,score_0_100,,,,80.39451300296184,,,,https://downloads.khinsider.com/game-soundtracks/album/super-smash-bros.-ultimate-expanded-vol.-01-super-smash-bros.-switch-gamerip-2018,2026-10-05,Track title is taken from KHInsider's soundtrack/gamerip album index. Popularity is an explicitly labelled proxy based on BeatHit game rank and track prominence.,"{""culture_category"":""video_game_music"",""video_game"":""Super Smash Bros. Ultimate"",""game_rank"":41,""game_association_kind"":""khinsider_game_soundtrack"",""khinsider_album_url"":""https://downloads.khinsider.com/game-soundtracks/album/super-smash-bros.-ultimate-expanded-vol.-01-super-smash-bros.-switch-gamerip-2018"",""khinsider_album_title"":""Super Smash Bros. Ultimate Vol. 01 - Super Smash Bros. (super-smash-bros.-ultimate-expanded-vol.-01-super-smash-bros.-switch-gamerip-2018)"",""khinsider_album_kind"":""official_or_gamerip"",""khinsider_album_match_score"":100.0,""relevance_score_100"":100.0,""popularity_score_100"":50.986282507404624,""score_100"":80.39451300296184,""popularity_basis"":""BeatHit master-list game rank plus track position proxy""}"
891,Tournament - Spectating - Super Smash Bros. for 3DS - Wii U,Unknown credited artist,[],Super Smash Bros. Ultimate Vol. 01 - Super Smash Bros. (super-smash-bros.-ultimate-expanded-vol.-01-super-smash-bros.-switch-gamerip-2018),,,"[""video game soundtrack""]","[""und""]",,,,Super Smash Bros. Ultimate,,,khinsider_track_prominence_proxy,50.986282507404624,score_0_100,,,,80.39451300296184,,,,https://downloads.khinsider.com/game-soundtracks/album/super-smash-bros.-ultimate-expanded-vol.-01-super-smash-bros.-switch-gamerip-2018,2026-10-05,Track title is taken from KHInsider's soundtrack/gamerip album index. Popularity is an explicitly labelled proxy based on BeatHit game rank and track prominence.,"{""culture_category"":""video_game_music"",""video_game"":""Super Smash Bros. Ultimate"",""game_rank"":41,""game_association_kind"":""khinsider_game_soundtrack"",""khinsider_album_url"":""https://downloads.khinsider.com/game-soundtracks/album/super-smash-bros.-ultimate-expanded-vol.-01-super-smash-bros.-switch-gamerip-2018"",""khinsider_album_title"":""Super Smash Bros. Ultimate Vol. 01 - Super Smash Bros. (super-smash-bros.-ultimate-expanded-vol.-01-super-smash-bros.-switch-gamerip-2018)"",""khinsider_album_kind"":""official_or_gamerip"",""khinsider_album_match_score"":100.0,""relevance_score_100"":100.0,""popularity_score_100"":50.986282507404624,""score_100"":80.39451300296184,""popularity_basis"":""BeatHit master-list game rank plus track position proxy""}"
892,Continue - Super Smash Bros. for 3DS - Wii U,Unknown credited artist,[],Super Smash Bros. Ultimate Vol. 01 - Super Smash Bros. (super-smash-bros.-ultimate-expanded-vol.-01-super-smash-bros.-switch-gamerip-2018),,,"[""video game soundtrack""]","[""und""]",,,,Super Smash Bros. Ultimate,,,khinsider_track_prominence_proxy,50.986282507404624,score_0_100,,,,80.39451300296184,,,,https://downloads.khinsider.com/game-soundtracks/album/super-smash-bros.-ultimate-expanded-vol.-01-super-smash-bros.-switch-gamerip-2018,2026-10-05,Track title is taken from KHInsider's soundtrack/gamerip album index. Popularity is an explicitly labelled proxy based on BeatHit game rank and track prominence.,"{""culture_category"":""video_game_music"",""video_game"":""Super Smash Bros. Ultimate"",""game_rank"":41,""game_association_kind"":""khinsider_game_soundtrack"",""khinsider_album_url"":""https://downloads.khinsider.com/game-soundtracks/album/super-smash-bros.-ultimate-expanded-vol.-01-super-smash-bros.-switch-gamerip-2018"",""khinsider_album_title"":""Super Smash Bros. Ultimate Vol. 01 - Super Smash Bros. (super-smash-bros.-ultimate-expanded-vol.-01-super-smash-bros.-switch-gamerip-2018)"",""khinsider_album_kind"":""official_or_gamerip"",""khinsider_album_match_score"":100.0,""relevance_score_100"":100.0,""popularity_score_100"":50.986282507404624,""score_100"":80.39451300296184,""popularity_basis"":""BeatHit master-list game rank plus track position proxy""}"
893,Game Over - Super Smash Bros. for 3DS - Wii U,Unknown credited artist,[],Super Smash Bros. Ultimate Vol. 01 - Super Smash Bros. (super-smash-bros.-ultimate-expanded-vol.-01-super-smash-bros.-switch-gamerip-2018),,,"[""video game soundtrack""]","[""und""]",,,,Super Smash Bros. Ultimate,,,khinsider_track_prominence_proxy,50.986282507404624,score_0_100,,,,80.39451300296184,,,,https://downloads.khinsider.com/game-soundtracks/album/super-smash-bros.-ultimate-expanded-vol.-01-super-smash-bros.-switch-gamerip-2018,2026-10-05,Track title is taken from KHInsider's soundtrack/gamerip album index. Popularity is an explicitly labelled proxy based on BeatHit game rank and track prominence.,"{""culture_category"":""video_game_music"",""video_game"":""Super Smash Bros. Ultimate"",""game_rank"":41,""game_association_kind"":""khinsider_game_soundtrack"",""khinsider_album_url"":""https://downloads.khinsider.com/game-soundtracks/album/super-smash-bros.-ultimate-expanded-vol.-01-super-smash-bros.-switch-gamerip-2018"",""khinsider_album_title"":""Super Smash Bros. Ultimate Vol. 01 - Super Smash Bros. (super-smash-bros.-ultimate-expanded-vol.-01-super-smash-bros.-switch-gamerip-2018)"",""khinsider_album_kind"":""official_or_gamerip"",""khinsider_album_match_score"":100.0,""relevance_score_100"":100.0,""popularity_score_100"":50.986282507404624,""score_100"":80.39451300296184,""popularity_basis"":""BeatHit master-list game rank plus track position proxy""}"
894,New Trophy - Super Smash Bros. for 3DS - Wii U,Unknown credited artist,[],Super Smash Bros. Ultimate Vol. 01 - Super Smash Bros. (super-smash-bros.-ultimate-expanded-vol.-01-super-smash-bros.-switch-gamerip-2018),,,"[""video game soundtrack""]","[""und""]",,,,Super Smash Bros. Ultimate,,,khinsider_track_prominence_proxy,50.986282507404624,score_0_100,,,,80.39451300296184,,,,https://downloads.khinsider.com/game-soundtracks/album/super-smash-bros.-ultimate-expanded-vol.-01-super-smash-bros.-switch-gamerip-2018,2026-10-05,Track title is taken from KHInsider's soundtrack/gamerip album index. Popularity is an explicitly labelled proxy based on BeatHit game rank and track prominence.,"{""culture_category"":""video_game_music"",""video_game"":""Super Smash Bros. Ultimate"",""game_rank"":41,""game_association_kind"":""khinsider_game_soundtrack"",""khinsider_album_url"":""https://downloads.khinsider.com/game-soundtracks/album/super-smash-bros.-ultimate-expanded-vol.-01-super-smash-bros.-switch-gamerip-2018"",""khinsider_album_title"":""Super Smash Bros. Ultimate Vol. 01 - Super Smash Bros. (super-smash-bros.-ultimate-expanded-vol.-01-super-smash-bros.-switch-gamerip-2018)"",""khinsider_album_kind"":""official_or_gamerip"",""khinsider_album_match_score"":100.0,""relevance_score_100"":100.0,""popularity_score_100"":50.986282507404624,""score_100"":80.39451300296184,""popularity_basis"":""BeatHit master-list game rank plus track position proxy""}"
895,Rare Throphy - Super Smash Bros. for 3DS - Wii U,Unknown credited artist,[],Super Smash Bros. Ultimate Vol. 01 - Super Smash Bros. (super-smash-bros.-ultimate-expanded-vol.-01-super-smash-bros.-switch-gamerip-2018),,,"[""video game soundtrack""]","[""und""]",,,,Super Smash Bros. Ultimate,,,khinsider_track_prominence_proxy,50.986282507404624,score_0_100,,,,80.39451300296184,,,,https://downloads.khinsider.com/game-soundtracks/album/super-smash-bros.-ultimate-expanded-vol.-01-super-smash-bros.-switch-gamerip-2018,2026-10-05,Track title is taken from KHInsider's soundtrack/gamerip album index. Popularity is an explicitly labelled proxy based on BeatHit game rank and track prominence.,"{""culture_category"":""video_game_music"",""video_game"":""Super Smash Bros. Ultimate"",""game_rank"":41,""game_association_kind"":""khinsider_game_soundtrack"",""khinsider_album_url"":""https://downloads.khinsider.com/game-soundtracks/album/super-smash-bros.-ultimate-expanded-vol.-01-super-smash-bros.-switch-gamerip-2018"",""khinsider_album_title"":""Super Smash Bros. Ultimate Vol. 01 - Super Smash Bros. (super-smash-bros.-ultimate-expanded-vol.-01-super-smash-bros.-switch-gamerip-2018)"",""khinsider_album_kind"":""official_or_gamerip"",""khinsider_album_match_score"":100.0,""relevance_score_100"":100.0,""popularity_score_100"":50.986282507404624,""score_100"":80.39451300296184,""popularity_basis"":""BeatHit master-list game rank plus track position proxy""}"
896,New Feature 1 - Super Smash Bros. for 3DS - Wii U,Unknown credited artist,[],Super Smash Bros. Ultimate Vol. 01 - Super Smash Bros. (super-smash-bros.-ultimate-expanded-vol.-01-super-smash-bros.-switch-gamerip-2018),,,"[""video game soundtrack""]","[""und""]",,,,Super Smash Bros. Ultimate,,,khinsider_track_prominence_proxy,50.986282507404624,score_0_100,,,,80.39451300296184,,,,https://downloads.khinsider.com/game-soundtracks/album/super-smash-bros.-ultimate-expanded-vol.-01-super-smash-bros.-switch-gamerip-2018,2026-10-05,Track title is taken from KHInsider's soundtrack/gamerip album index. Popularity is an explicitly labelled proxy based on BeatHit game rank and track prominence.,"{""culture_category"":""video_game_music"",""video_game"":""Super Smash Bros. Ultimate"",""game_rank"":41,""game_association_kind"":""khinsider_game_soundtrack"",""khinsider_album_url"":""https://downloads.khinsider.com/game-soundtracks/album/super-smash-bros.-ultimate-expanded-vol.-01-super-smash-bros.-switch-gamerip-2018"",""khinsider_album_title"":""Super Smash Bros. Ultimate Vol. 01 - Super Smash Bros. (super-smash-bros.-ultimate-expanded-vol.-01-super-smash-bros.-switch-gamerip-2018)"",""khinsider_album_kind"":""official_or_gamerip"",""khinsider_album_match_score"":100.0,""relevance_score_100"":100.0,""popularity_score_100"":50.986282507404624,""score_100"":80.39451300296184,""popularity_basis"":""BeatHit master-list game rank plus track position proxy""}"
897,New Feature 2 - Super Smash Bros. for 3DS - Wii U,Unknown credited artist,[],Super Smash Bros. Ultimate Vol. 01 - Super Smash Bros. (super-smash-bros.-ultimate-expanded-vol.-01-super-smash-bros.-switch-gamerip-2018),,,"[""video game soundtrack""]","[""und""]",,,,Super Smash Bros. Ultimate,,,khinsider_track_prominence_proxy,50.986282507404624,score_0_100,,,,80.39451300296184,,,,https://downloads.khinsider.com/game-soundtracks/album/super-smash-bros.-ultimate-expanded-vol.-01-super-smash-bros.-switch-gamerip-2018,2026-10-05,Track title is taken from KHInsider's soundtrack/gamerip album index. Popularity is an explicitly labelled proxy based on BeatHit game rank and track prominence.,"{""culture_category"":""video_game_music"",""video_game"":""Super Smash Bros. Ultimate"",""game_rank"":41,""game_association_kind"":""khinsider_game_soundtrack"",""khinsider_album_url"":""https://downloads.khinsider.com/game-soundtracks/album/super-smash-bros.-ultimate-expanded-vol.-01-super-smash-bros.-switch-gamerip-2018"",""khinsider_album_title"":""Super Smash Bros. Ultimate Vol. 01 - Super Smash Bros. (super-smash-bros.-ultimate-expanded-vol.-01-super-smash-bros.-switch-gamerip-2018)"",""khinsider_album_kind"":""official_or_gamerip"",""khinsider_album_match_score"":100.0,""relevance_score_100"":100.0,""popularity_score_100"":50.986282507404624,""score_100"":80.39451300296184,""popularity_basis"":""BeatHit master-list game rank plus track position proxy""}"
898,Ending Movie - Super Smash Bros. for 3DS - Wii U,Unknown credited artist,[],Super Smash Bros. Ultimate Vol. 01 - Super Smash Bros. (super-smash-bros.-ultimate-expanded-vol.-01-super-smash-bros.-switch-gamerip-2018),,,"[""video game soundtrack""]","[""und""]",,,,Super Smash Bros. Ultimate,,,khinsider_track_prominence_proxy,50.986282507404624,score_0_100,,,,80.39451300296184,,,,https://downloads.khinsider.com/game-soundtracks/album/super-smash-bros.-ultimate-expanded-vol.-01-super-smash-bros.-switch-gamerip-2018,2026-10-05,Track title is taken from KHInsider's soundtrack/gamerip album index. Popularity is an explicitly labelled proxy based on BeatHit game rank and track prominence.,"{""culture_category"":""video_game_music"",""video_game"":""Super Smash Bros. Ultimate"",""game_rank"":41,""game_association_kind"":""khinsider_game_soundtrack"",""khinsider_album_url"":""https://downloads.khinsider.com/game-soundtracks/album/super-smash-bros.-ultimate-expanded-vol.-01-super-smash-bros.-switch-gamerip-2018"",""khinsider_album_title"":""Super Smash Bros. Ultimate Vol. 01 - Super Smash Bros. (super-smash-bros.-ultimate-expanded-vol.-01-super-smash-bros.-switch-gamerip-2018)"",""khinsider_album_kind"":""official_or_gamerip"",""khinsider_album_match_score"":100.0,""relevance_score_100"":100.0,""popularity_score_100"":50.986282507404624,""score_100"":80.39451300296184,""popularity_basis"":""BeatHit master-list game rank plus track position proxy""}"
899,Mario Kart Stadium - Mario Kart 8,Unknown credited artist,[],Super Smash Bros. Ultimate Vol. 02 - Super Mario (super-smash-bros.-ultimate-expanded-vol.-02-super-mario-switch-gamerip-2018),,,"[""video game soundtrack""]","[""und""]",,,,Super Smash Bros. Ultimate,,,khinsider_track_prominence_proxy,50.986282507404624,score_0_100,,,,80.39451300296184,,,,https://downloads.khinsider.com/game-soundtracks/album/super-smash-bros.-ultimate-expanded-vol.-02-super-mario-switch-gamerip-2018,2026-10-05,Track title is taken from KHInsider's soundtrack/gamerip album index. Popularity is an explicitly labelled proxy based on BeatHit game rank and track prominence.,"{""culture_category"":""video_game_music"",""video_game"":""Super Smash Bros. Ultimate"",""game_rank"":41,""game_association_kind"":""khinsider_game_soundtrack"",""khinsider_album_url"":""https://downloads.khinsider.com/game-soundtracks/album/super-smash-bros.-ultimate-expanded-vol.-02-super-mario-switch-gamerip-2018"",""khinsider_album_title"":""Super Smash Bros. Ultimate Vol. 02 - Super Mario (super-smash-bros.-ultimate-expanded-vol.-02-super-mario-switch-gamerip-2018)"",""khinsider_album_kind"":""official_or_gamerip"",""khinsider_album_match_score"":100.0,""relevance_score_100"":100.0,""popularity_score_100"":50.986282507404624,""score_100"":80.39451300296184,""popularity_basis"":""BeatHit master-list game rank plus track position proxy""}"
900,Mario Circuit - Mario Kart 8,Unknown credited artist,[],Super Smash Bros. Ultimate Vol. 02 - Super Mario (super-smash-bros.-ultimate-expanded-vol.-02-super-mario-switch-gamerip-2018),,,"[""video game soundtrack""]","[""und""]",,,,Super Smash Bros. Ultimate,,,khinsider_track_prominence_proxy,50.986282507404624,score_0_100,,,,80.39451300296184,,,,https://downloads.khinsider.com/game-soundtracks/album/super-smash-bros.-ultimate-expanded-vol.-02-super-mario-switch-gamerip-2018,2026-10-05,Track title is taken from KHInsider's soundtrack/gamerip album index. Popularity is an explicitly labelled proxy based on BeatHit game rank and track prominence.,"{""culture_category"":""video_game_music"",""video_game"":""Super Smash Bros. Ultimate"",""game_rank"":41,""game_association_kind"":""khinsider_game_soundtrack"",""khinsider_album_url"":""https://downloads.khinsider.com/game-soundtracks/album/super-smash-bros.-ultimate-expanded-vol.-02-super-mario-switch-gamerip-2018"",""khinsider_album_title"":""Super Smash Bros. Ultimate Vol. 02 - Super Mario (super-smash-bros.-ultimate-expanded-vol.-02-super-mario-switch-gamerip-2018)"",""khinsider_album_kind"":""official_or_gamerip"",""khinsider_album_match_score"":100.0,""relevance_score_100"":100.0,""popularity_score_100"":50.986282507404624,""score_100"":80.39451300296184,""popularity_basis"":""BeatHit master-list game rank plus track position proxy""}"
901,Cloudtop Cruise - Mario Kart 8,Unknown credited artist,[],Super Smash Bros. Ultimate Vol. 02 - Super Mario (super-smash-bros.-ultimate-expanded-vol.-02-super-mario-switch-gamerip-2018),,,"[""video game soundtrack""]","[""und""]",,,,Super Smash Bros. Ultimate,,,khinsider_track_prominence_proxy,50.986282507404624,score_0_100,,,,80.39451300296184,,,,https://downloads.khinsider.com/game-soundtracks/album/super-smash-bros.-ultimate-expanded-vol.-02-super-mario-switch-gamerip-2018,2026-10-05,Track title is taken from KHInsider's soundtrack/gamerip album index. Popularity is an explicitly labelled proxy based on BeatHit game rank and track prominence.,"{""culture_category"":""video_game_music"",""video_game"":""Super Smash Bros. Ultimate"",""game_rank"":41,""game_association_kind"":""khinsider_game_soundtrack"",""khinsider_album_url"":""https://downloads.khinsider.com/game-soundtracks/album/super-smash-bros.-ultimate-expanded-vol.-02-super-mario-switch-gamerip-2018"",""khinsider_album_title"":""Super Smash Bros. Ultimate Vol. 02 - Super Mario (super-smash-bros.-ultimate-expanded-vol.-02-super-mario-switch-gamerip-2018)"",""khinsider_album_kind"":""official_or_gamerip"",""khinsider_album_match_score"":100.0,""relevance_score_100"":100.0,""popularity_score_100"":50.986282507404624,""score_100"":80.39451300296184,""popularity_basis"":""BeatHit master-list game rank plus track position proxy""}"
902,Rainbow Road - Mario Kart 8,Unknown credited artist,[],Super Smash Bros. Ultimate Vol. 02 - Super Mario (super-smash-bros.-ultimate-expanded-vol.-02-super-mario-switch-gamerip-2018),,,"[""video game soundtrack""]","[""und""]",,,,Super Smash Bros. Ultimate,,,khinsider_track_prominence_proxy,50.986282507404624,score_0_100,,,,80.39451300296184,,,,https://downloads.khinsider.com/game-soundtracks/album/super-smash-bros.-ultimate-expanded-vol.-02-super-mario-switch-gamerip-2018,2026-10-05,Track title is taken from KHInsider's soundtrack/gamerip album index. Popularity is an explicitly labelled proxy based on BeatHit game rank and track prominence.,"{""culture_category"":""video_game_music"",""video_game"":""Super Smash Bros. Ultimate"",""game_rank"":41,""game_association_kind"":""khinsider_game_soundtrack"",""khinsider_album_url"":""https://downloads.khinsider.com/game-soundtracks/album/super-smash-bros.-ultimate-expanded-vol.-02-super-mario-switch-gamerip-2018"",""khinsider_album_title"":""Super Smash Bros. Ultimate Vol. 02 - Super Mario (super-smash-bros.-ultimate-expanded-vol.-02-super-mario-switch-gamerip-2018)"",""khinsider_album_kind"":""official_or_gamerip"",""khinsider_album_match_score"":100.0,""relevance_score_100"":100.0,""popularity_score_100"":50.986282507404624,""score_100"":80.39451300296184,""popularity_basis"":""BeatHit master-list game rank plus track position proxy""}"
903,Excitebike - Mario Kart 8,Unknown credited artist,[],Super Smash Bros. Ultimate Vol. 02 - Super Mario (super-smash-bros.-ultimate-expanded-vol.-02-super-mario-switch-gamerip-2018),,,"[""video game soundtrack""]","[""und""]",,,,Super Smash Bros. Ultimate,,,khinsider_track_prominence_proxy,50.986282507404624,score_0_100,,,,80.39451300296184,,,,https://downloads.khinsider.com/game-soundtracks/album/super-smash-bros.-ultimate-expanded-vol.-02-super-mario-switch-gamerip-2018,2026-10-05,Track title is taken from KHInsider's soundtrack/gamerip album index. Popularity is an explicitly labelled proxy based on BeatHit game rank and track prominence.,"{""culture_category"":""video_game_music"",""video_game"":""Super Smash Bros. Ultimate"",""game_rank"":41,""game_association_kind"":""khinsider_game_soundtrack"",""khinsider_album_url"":""https://downloads.khinsider.com/game-soundtracks/album/super-smash-bros.-ultimate-expanded-vol.-02-super-mario-switch-gamerip-2018"",""khinsider_album_title"":""Super Smash Bros. Ultimate Vol. 02 - Super Mario (super-smash-bros.-ultimate-expanded-vol.-02-super-mario-switch-gamerip-2018)"",""khinsider_album_kind"":""official_or_gamerip"",""khinsider_album_match_score"":100.0,""relevance_score_100"":100.0,""popularity_score_100"":50.986282507404624,""score_100"":80.39451300296184,""popularity_basis"":""BeatHit master-list game rank plus track position proxy""}"
904,Dragon Driftway,Unknown credited artist,[],Super Smash Bros. Ultimate Vol. 02 - Super Mario (super-smash-bros.-ultimate-expanded-vol.-02-super-mario-switch-gamerip-2018),,,"[""video game soundtrack""]","[""und""]",,,,Super Smash Bros. Ultimate,,,khinsider_track_prominence_proxy,50.986282507404624,score_0_100,,,,80.39451300296184,,,,https://downloads.khinsider.com/game-soundtracks/album/super-smash-bros.-ultimate-expanded-vol.-02-super-mario-switch-gamerip-2018,2026-10-05,Track title is taken from KHInsider's soundtrack/gamerip album index. Popularity is an explicitly labelled proxy based on BeatHit game rank and track prominence.,"{""culture_category"":""video_game_music"",""video_game"":""Super Smash Bros. Ultimate"",""game_rank"":41,""game_association_kind"":""khinsider_game_soundtrack"",""khinsider_album_url"":""https://downloads.khinsider.com/game-soundtracks/album/super-smash-bros.-ultimate-expanded-vol.-02-super-mario-switch-gamerip-2018"",""khinsider_album_title"":""Super Smash Bros. Ultimate Vol. 02 - Super Mario (super-smash-bros.-ultimate-expanded-vol.-02-super-mario-switch-gamerip-2018)"",""khinsider_album_kind"":""official_or_gamerip"",""khinsider_album_match_score"":100.0,""relevance_score_100"":100.0,""popularity_score_100"":50.986282507404624,""score_100"":80.39451300296184,""popularity_basis"":""BeatHit master-list game rank plus track position proxy""}"
905,Ice Ice Outpost,Unknown credited artist,[],Super Smash Bros. Ultimate Vol. 02 - Super Mario (super-smash-bros.-ultimate-expanded-vol.-02-super-mario-switch-gamerip-2018),,,"[""video game soundtrack""]","[""und""]",,,,Super Smash Bros. Ultimate,,,khinsider_track_prominence_proxy,50.986282507404624,score_0_100,,,,80.39451300296184,,,,https://downloads.khinsider.com/game-soundtracks/album/super-smash-bros.-ultimate-expanded-vol.-02-super-mario-switch-gamerip-2018,2026-10-05,Track title is taken from KHInsider's soundtrack/gamerip album index. Popularity is an explicitly labelled proxy based on BeatHit game rank and track prominence.,"{""culture_category"":""video_game_music"",""video_game"":""Super Smash Bros. Ultimate"",""game_rank"":41,""game_association_kind"":""khinsider_game_soundtrack"",""khinsider_album_url"":""https://downloads.khinsider.com/game-soundtracks/album/super-smash-bros.-ultimate-expanded-vol.-02-super-mario-switch-gamerip-2018"",""khinsider_album_title"":""Super Smash Bros. Ultimate Vol. 02 - Super Mario (super-smash-bros.-ultimate-expanded-vol.-02-super-mario-switch-gamerip-2018)"",""khinsider_album_kind"":""official_or_gamerip"",""khinsider_album_match_score"":100.0,""relevance_score_100"":100.0,""popularity_score_100"":50.986282507404624,""score_100"":80.39451300296184,""popularity_basis"":""BeatHit master-list game rank plus track position proxy""}"
906,Super Mario Bros. Victory Theme (64),Unknown credited artist,[],Super Smash Bros. Ultimate Vol. 02 - Super Mario (super-smash-bros.-ultimate-expanded-vol.-02-super-mario-switch-gamerip-2018),,,"[""video game soundtrack""]","[""und""]",,,,Super Smash Bros. Ultimate,,,khinsider_track_prominence_proxy,50.986282507404624,score_0_100,,,,80.39451300296184,,,,https://downloads.khinsider.com/game-soundtracks/album/super-smash-bros.-ultimate-expanded-vol.-02-super-mario-switch-gamerip-2018,2026-10-05,Track title is taken from KHInsider's soundtrack/gamerip album index. Popularity is an explicitly labelled proxy based on BeatHit game rank and track prominence.,"{""culture_category"":""video_game_music"",""video_game"":""Super Smash Bros. Ultimate"",""game_rank"":41,""game_association_kind"":""khinsider_game_soundtrack"",""khinsider_album_url"":""https://downloads.khinsider.com/game-soundtracks/album/super-smash-bros.-ultimate-expanded-vol.-02-super-mario-switch-gamerip-2018"",""khinsider_album_title"":""Super Smash Bros. Ultimate Vol. 02 - Super Mario (super-smash-bros.-ultimate-expanded-vol.-02-super-mario-switch-gamerip-2018)"",""khinsider_album_kind"":""official_or_gamerip"",""khinsider_album_match_score"":100.0,""relevance_score_100"":100.0,""popularity_score_100"":50.986282507404624,""score_100"":80.39451300296184,""popularity_basis"":""BeatHit master-list game rank plus track position proxy""}"
907,Super Mario Bros. Victory Theme (Melee),Unknown credited artist,[],Super Smash Bros. Ultimate Vol. 02 - Super Mario (super-smash-bros.-ultimate-expanded-vol.-02-super-mario-switch-gamerip-2018),,,"[""video game soundtrack""]","[""und""]",,,,Super Smash Bros. Ultimate,,,khinsider_track_prominence_proxy,50.986282507404624,score_0_100,,,,80.39451300296184,,,,https://downloads.khinsider.com/game-soundtracks/album/super-smash-bros.-ultimate-expanded-vol.-02-super-mario-switch-gamerip-2018,2026-10-05,Track title is taken from KHInsider's soundtrack/gamerip album index. Popularity is an explicitly labelled proxy based on BeatHit game rank and track prominence.,"{""culture_category"":""video_game_music"",""video_game"":""Super Smash Bros. Ultimate"",""game_rank"":41,""game_association_kind"":""khinsider_game_soundtrack"",""khinsider_album_url"":""https://downloads.khinsider.com/game-soundtracks/album/super-smash-bros.-ultimate-expanded-vol.-02-super-mario-switch-gamerip-2018"",""khinsider_album_title"":""Super Smash Bros. Ultimate Vol. 02 - Super Mario (super-smash-bros.-ultimate-expanded-vol.-02-super-mario-switch-gamerip-2018)"",""khinsider_album_kind"":""official_or_gamerip"",""khinsider_album_match_score"":100.0,""relevance_score_100"":100.0,""popularity_score_100"":50.986282507404624,""score_100"":80.39451300296184,""popularity_basis"":""BeatHit master-list game rank plus track position proxy""}"
908,Super Mario Bros. Victory Theme (Brawl),Unknown credited artist,[],Super Smash Bros. Ultimate Vol. 02 - Super Mario (super-smash-bros.-ultimate-expanded-vol.-02-super-mario-switch-gamerip-2018),,,"[""video game soundtrack""]","[""und""]",,,,Super Smash Bros. Ultimate,,,khinsider_track_prominence_proxy,50.986282507404624,score_0_100,,,,80.39451300296184,,,,https://downloads.khinsider.com/game-soundtracks/album/super-smash-bros.-ultimate-expanded-vol.-02-super-mario-switch-gamerip-2018,2026-10-05,Track title is taken from KHInsider's soundtrack/gamerip album index. Popularity is an explicitly labelled proxy based on BeatHit game rank and track prominence.,"{""culture_category"":""video_game_music"",""video_game"":""Super Smash Bros. Ultimate"",""game_rank"":41,""game_association_kind"":""khinsider_game_soundtrack"",""khinsider_album_url"":""https://downloads.khinsider.com/game-soundtracks/album/super-smash-bros.-ultimate-expanded-vol.-02-super-mario-switch-gamerip-2018"",""khinsider_album_title"":""Super Smash Bros. Ultimate Vol. 02 - Super Mario (super-smash-bros.-ultimate-expanded-vol.-02-super-mario-switch-gamerip-2018)"",""khinsider_album_kind"":""official_or_gamerip"",""khinsider_album_match_score"":100.0,""relevance_score_100"":100.0,""popularity_score_100"":50.986282507404624,""score_100"":80.39451300296184,""popularity_basis"":""BeatHit master-list game rank plus track position proxy""}"
909,Super Mario Bros. Victory Theme (Ultimate),Unknown credited artist,[],Super Smash Bros. Ultimate Vol. 02 - Super Mario (super-smash-bros.-ultimate-expanded-vol.-02-super-mario-switch-gamerip-2018),,,"[""video game soundtrack""]","[""und""]",,,,Super Smash Bros. Ultimate,,,khinsider_track_prominence_proxy,50.986282507404624,score_0_100,,,,80.39451300296184,,,,https://downloads.khinsider.com/game-soundtracks/album/super-smash-bros.-ultimate-expanded-vol.-02-super-mario-switch-gamerip-2018,2026-10-05,Track title is taken from KHInsider's soundtrack/gamerip album index. Popularity is an explicitly labelled proxy based on BeatHit game rank and track prominence.,"{""culture_category"":""video_game_music"",""video_game"":""Super Smash Bros. Ultimate"",""game_rank"":41,""game_association_kind"":""khinsider_game_soundtrack"",""khinsider_album_url"":""https://downloads.khinsider.com/game-soundtracks/album/super-smash-bros.-ultimate-expanded-vol.-02-super-mario-switch-gamerip-2018"",""khinsider_album_title"":""Super Smash Bros. Ultimate Vol. 02 - Super Mario (super-smash-bros.-ultimate-expanded-vol.-02-super-mario-switch-gamerip-2018)"",""khinsider_album_kind"":""official_or_gamerip"",""khinsider_album_match_score"":100.0,""relevance_score_100"":100.0,""popularity_score_100"":50.986282507404624,""score_100"":80.39451300296184,""popularity_basis"":""BeatHit master-list game rank plus track position proxy""}"
910,Bowser Family Victory Theme,Unknown credited artist,[],Super Smash Bros. Ultimate Vol. 02 - Super Mario (super-smash-bros.-ultimate-expanded-vol.-02-super-mario-switch-gamerip-2018),,,"[""video game soundtrack""]","[""und""]",,,,Super Smash Bros. Ultimate,,,khinsider_track_prominence_proxy,50.986282507404624,score_0_100,,,,80.39451300296184,,,,https://downloads.khinsider.com/game-soundtracks/album/super-smash-bros.-ultimate-expanded-vol.-02-super-mario-switch-gamerip-2018,2026-10-05,Track title is taken from KHInsider's soundtrack/gamerip album index. Popularity is an explicitly labelled proxy based on BeatHit game rank and track prominence.,"{""culture_category"":""video_game_music"",""video_game"":""Super Smash Bros. Ultimate"",""game_rank"":41,""game_association_kind"":""khinsider_game_soundtrack"",""khinsider_album_url"":""https://downloads.khinsider.com/game-soundtracks/album/super-smash-bros.-ultimate-expanded-vol.-02-super-mario-switch-gamerip-2018"",""khinsider_album_title"":""Super Smash Bros. Ultimate Vol. 02 - Super Mario (super-smash-bros.-ultimate-expanded-vol.-02-super-mario-switch-gamerip-2018)"",""khinsider_album_kind"":""official_or_gamerip"",""khinsider_album_match_score"":100.0,""relevance_score_100"":100.0,""popularity_score_100"":50.986282507404624,""score_100"":80.39451300296184,""popularity_basis"":""BeatHit master-list game rank plus track position proxy""}"
911,Rosalina & Luma Victory Theme,Unknown credited artist,[],Super Smash Bros. Ultimate Vol. 02 - Super Mario (super-smash-bros.-ultimate-expanded-vol.-02-super-mario-switch-gamerip-2018),,,"[""video game soundtrack""]","[""und""]",,,,Super Smash Bros. Ultimate,,,khinsider_track_prominence_proxy,50.986282507404624,score_0_100,,,,80.39451300296184,,,,https://downloads.khinsider.com/game-soundtracks/album/super-smash-bros.-ultimate-expanded-vol.-02-super-mario-switch-gamerip-2018,2026-10-05,Track title is taken from KHInsider's soundtrack/gamerip album index. Popularity is an explicitly labelled proxy based on BeatHit game rank and track prominence.,"{""culture_category"":""video_game_music"",""video_game"":""Super Smash Bros. Ultimate"",""game_rank"":41,""game_association_kind"":""khinsider_game_soundtrack"",""khinsider_album_url"":""https://downloads.khinsider.com/game-soundtracks/album/super-smash-bros.-ultimate-expanded-vol.-02-super-mario-switch-gamerip-2018"",""khinsider_album_title"":""Super Smash Bros. Ultimate Vol. 02 - Super Mario (super-smash-bros.-ultimate-expanded-vol.-02-super-mario-switch-gamerip-2018)"",""khinsider_album_kind"":""official_or_gamerip"",""khinsider_album_match_score"":100.0,""relevance_score_100"":100.0,""popularity_score_100"":50.986282507404624,""score_100"":80.39451300296184,""popularity_basis"":""BeatHit master-list game rank plus track position proxy""}"
912,Ground Theme - Super Mario Bros. (Masaaki Iwasaki Ver.),Unknown credited artist,[],Super Smash Bros. Ultimate Vol. 02 - Super Mario (super-smash-bros.-ultimate-expanded-vol.-02-super-mario-switch-gamerip-2018),,,"[""video game soundtrack""]","[""und""]",,,,Super Smash Bros. Ultimate,,,khinsider_track_prominence_proxy,50.986282507404624,score_0_100,,,,80.39451300296184,,,,https://downloads.khinsider.com/game-soundtracks/album/super-smash-bros.-ultimate-expanded-vol.-02-super-mario-switch-gamerip-2018,2026-10-05,Track title is taken from KHInsider's soundtrack/gamerip album index. Popularity is an explicitly labelled proxy based on BeatHit game rank and track prominence.,"{""culture_category"":""video_game_music"",""video_game"":""Super Smash Bros. Ultimate"",""game_rank"":41,""game_association_kind"":""khinsider_game_soundtrack"",""khinsider_album_url"":""https://downloads.khinsider.com/game-soundtracks/album/super-smash-bros.-ultimate-expanded-vol.-02-super-mario-switch-gamerip-2018"",""khinsider_album_title"":""Super Smash Bros. Ultimate Vol. 02 - Super Mario (super-smash-bros.-ultimate-expanded-vol.-02-super-mario-switch-gamerip-2018)"",""khinsider_album_kind"":""official_or_gamerip"",""khinsider_album_match_score"":100.0,""relevance_score_100"":100.0,""popularity_score_100"":50.986282507404624,""score_100"":80.39451300296184,""popularity_basis"":""BeatHit master-list game rank plus track position proxy""}"
913,Starman (Item),Unknown credited artist,[],Super Smash Bros. Ultimate Vol. 02 - Super Mario (super-smash-bros.-ultimate-expanded-vol.-02-super-mario-switch-gamerip-2018),,,"[""video game soundtrack""]","[""und""]",,,,Super Smash Bros. Ultimate,,,khinsider_track_prominence_proxy,50.986282507404624,score_0_100,,,,80.39451300296184,,,,https://downloads.khinsider.com/game-soundtracks/album/super-smash-bros.-ultimate-expanded-vol.-02-super-mario-switch-gamerip-2018,2026-10-05,Track title is taken from KHInsider's soundtrack/gamerip album index. Popularity is an explicitly labelled proxy based on BeatHit game rank and track prominence.,"{""culture_category"":""video_game_music"",""video_game"":""Super Smash Bros. Ultimate"",""game_rank"":41,""game_association_kind"":""khinsider_game_soundtrack"",""khinsider_album_url"":""https://downloads.khinsider.com/game-soundtracks/album/super-smash-bros.-ultimate-expanded-vol.-02-super-mario-switch-gamerip-2018"",""khinsider_album_title"":""Super Smash Bros. Ultimate Vol. 02 - Super Mario (super-smash-bros.-ultimate-expanded-vol.-02-super-mario-switch-gamerip-2018)"",""khinsider_album_kind"":""official_or_gamerip"",""khinsider_album_match_score"":100.0,""relevance_score_100"":100.0,""popularity_score_100"":50.986282507404624,""score_100"":80.39451300296184,""popularity_basis"":""BeatHit master-list game rank plus track position proxy""}"
914,Ground Theme (Band Performance) [Bass Solo],Unknown credited artist,[],Super Smash Bros. Ultimate Vol. 02 - Super Mario (super-smash-bros.-ultimate-expanded-vol.-02-super-mario-switch-gamerip-2018),,,"[""video game soundtrack""]","[""und""]",,,,Super Smash Bros. Ultimate,,,khinsider_track_prominence_proxy,50.986282507404624,score_0_100,,,,80.39451300296184,,,,https://downloads.khinsider.com/game-soundtracks/album/super-smash-bros.-ultimate-expanded-vol.-02-super-mario-switch-gamerip-2018,2026-10-05,Track title is taken from KHInsider's soundtrack/gamerip album index. Popularity is an explicitly labelled proxy based on BeatHit game rank and track prominence.,"{""culture_category"":""video_game_music"",""video_game"":""Super Smash Bros. Ultimate"",""game_rank"":41,""game_association_kind"":""khinsider_game_soundtrack"",""khinsider_album_url"":""https://downloads.khinsider.com/game-soundtracks/album/super-smash-bros.-ultimate-expanded-vol.-02-super-mario-switch-gamerip-2018"",""khinsider_album_title"":""Super Smash Bros. Ultimate Vol. 02 - Super Mario (super-smash-bros.-ultimate-expanded-vol.-02-super-mario-switch-gamerip-2018)"",""khinsider_album_kind"":""official_or_gamerip"",""khinsider_album_match_score"":100.0,""relevance_score_100"":100.0,""popularity_score_100"":50.986282507404624,""score_100"":80.39451300296184,""popularity_basis"":""BeatHit master-list game rank plus track position proxy""}"
915,Ground Theme (Band Performance) [Drums Solo],Unknown credited artist,[],Super Smash Bros. Ultimate Vol. 02 - Super Mario (super-smash-bros.-ultimate-expanded-vol.-02-super-mario-switch-gamerip-2018),,,"[""video game soundtrack""]","[""und""]",,,,Super Smash Bros. Ultimate,,,khinsider_track_prominence_proxy,50.986282507404624,score_0_100,,,,80.39451300296184,,,,https://downloads.khinsider.com/game-soundtracks/album/super-smash-bros.-ultimate-expanded-vol.-02-super-mario-switch-gamerip-2018,2026-10-05,Track title is taken from KHInsider's soundtrack/gamerip album index. Popularity is an explicitly labelled proxy based on BeatHit game rank and track prominence.,"{""culture_category"":""video_game_music"",""video_game"":""Super Smash Bros. Ultimate"",""game_rank"":41,""game_association_kind"":""khinsider_game_soundtrack"",""khinsider_album_url"":""https://downloads.khinsider.com/game-soundtracks/album/super-smash-bros.-ultimate-expanded-vol.-02-super-mario-switch-gamerip-2018"",""khinsider_album_title"":""Super Smash Bros. Ultimate Vol. 02 - Super Mario (super-smash-bros.-ultimate-expanded-vol.-02-super-mario-switch-gamerip-2018)"",""khinsider_album_kind"":""official_or_gamerip"",""khinsider_album_match_score"":100.0,""relevance_score_100"":100.0,""popularity_score_100"":50.986282507404624,""score_100"":80.39451300296184,""popularity_basis"":""BeatHit master-list game rank plus track position proxy""}"
916,Ground Theme (Band Performance) [Guitar Solo],Unknown credited artist,[],Super Smash Bros. Ultimate Vol. 02 - Super Mario (super-smash-bros.-ultimate-expanded-vol.-02-super-mario-switch-gamerip-2018),,,"[""video game soundtrack""]","[""und""]",,,,Super Smash Bros. Ultimate,,,khinsider_track_prominence_proxy,50.986282507404624,score_0_100,,,,80.39451300296184,,,,https://downloads.khinsider.com/game-soundtracks/album/super-smash-bros.-ultimate-expanded-vol.-02-super-mario-switch-gamerip-2018,2026-10-05,Track title is taken from KHInsider's soundtrack/gamerip album index. Popularity is an explicitly labelled proxy based on BeatHit game rank and track prominence.,"{""culture_category"":""video_game_music"",""video_game"":""Super Smash Bros. Ultimate"",""game_rank"":41,""game_association_kind"":""khinsider_game_soundtrack"",""khinsider_album_url"":""https://downloads.khinsider.com/game-soundtracks/album/super-smash-bros.-ultimate-expanded-vol.-02-super-mario-switch-gamerip-2018"",""khinsider_album_title"":""Super Smash Bros. Ultimate Vol. 02 - Super Mario (super-smash-bros.-ultimate-expanded-vol.-02-super-mario-switch-gamerip-2018)"",""khinsider_album_kind"":""official_or_gamerip"",""khinsider_album_match_score"":100.0,""relevance_score_100"":100.0,""popularity_score_100"":50.986282507404624,""score_100"":80.39451300296184,""popularity_basis"":""BeatHit master-list game rank plus track position proxy""}"
917,Ground Theme (Band Performance) [Wind Instruments Solo],Unknown credited artist,[],Super Smash Bros. Ultimate Vol. 02 - Super Mario (super-smash-bros.-ultimate-expanded-vol.-02-super-mario-switch-gamerip-2018),,,"[""video game soundtrack""]","[""und""]",,,,Super Smash Bros. Ultimate,,,khinsider_track_prominence_proxy,50.986282507404624,score_0_100,,,,80.39451300296184,,,,https://downloads.khinsider.com/game-soundtracks/album/super-smash-bros.-ultimate-expanded-vol.-02-super-mario-switch-gamerip-2018,2026-10-05,Track title is taken from KHInsider's soundtrack/gamerip album index. Popularity is an explicitly labelled proxy based on BeatHit game rank and track prominence.,"{""culture_category"":""video_game_music"",""video_game"":""Super Smash Bros. Ultimate"",""game_rank"":41,""game_association_kind"":""khinsider_game_soundtrack"",""khinsider_album_url"":""https://downloads.khinsider.com/game-soundtracks/album/super-smash-bros.-ultimate-expanded-vol.-02-super-mario-switch-gamerip-2018"",""khinsider_album_title"":""Super Smash Bros. Ultimate Vol. 02 - Super Mario (super-smash-bros.-ultimate-expanded-vol.-02-super-mario-switch-gamerip-2018)"",""khinsider_album_kind"":""official_or_gamerip"",""khinsider_album_match_score"":100.0,""relevance_score_100"":100.0,""popularity_score_100"":50.986282507404624,""score_100"":80.39451300296184,""popularity_basis"":""BeatHit master-list game rank plus track position proxy""}"
918,"Jump Up, Super Star! [Bass Solo]",Unknown credited artist,[],Super Smash Bros. Ultimate Vol. 02 - Super Mario (super-smash-bros.-ultimate-expanded-vol.-02-super-mario-switch-gamerip-2018),,,"[""video game soundtrack""]","[""und""]",,,,Super Smash Bros. Ultimate,,,khinsider_track_prominence_proxy,50.986282507404624,score_0_100,,,,80.39451300296184,,,,https://downloads.khinsider.com/game-soundtracks/album/super-smash-bros.-ultimate-expanded-vol.-02-super-mario-switch-gamerip-2018,2026-10-05,Track title is taken from KHInsider's soundtrack/gamerip album index. Popularity is an explicitly labelled proxy based on BeatHit game rank and track prominence.,"{""culture_category"":""video_game_music"",""video_game"":""Super Smash Bros. Ultimate"",""game_rank"":41,""game_association_kind"":""khinsider_game_soundtrack"",""khinsider_album_url"":""https://downloads.khinsider.com/game-soundtracks/album/super-smash-bros.-ultimate-expanded-vol.-02-super-mario-switch-gamerip-2018"",""khinsider_album_title"":""Super Smash Bros. Ultimate Vol. 02 - Super Mario (super-smash-bros.-ultimate-expanded-vol.-02-super-mario-switch-gamerip-2018)"",""khinsider_album_kind"":""official_or_gamerip"",""khinsider_album_match_score"":100.0,""relevance_score_100"":100.0,""popularity_score_100"":50.986282507404624,""score_100"":80.39451300296184,""popularity_basis"":""BeatHit master-list game rank plus track position proxy""}"
919,"Jump Up, Super Star! [Drums Solo]",Unknown credited artist,[],Super Smash Bros. Ultimate Vol. 02 - Super Mario (super-smash-bros.-ultimate-expanded-vol.-02-super-mario-switch-gamerip-2018),,,"[""video game soundtrack""]","[""und""]",,,,Super Smash Bros. Ultimate,,,khinsider_track_prominence_proxy,50.986282507404624,score_0_100,,,,80.39451300296184,,,,https://downloads.khinsider.com/game-soundtracks/album/super-smash-bros.-ultimate-expanded-vol.-02-super-mario-switch-gamerip-2018,2026-10-05,Track title is taken from KHInsider's soundtrack/gamerip album index. Popularity is an explicitly labelled proxy based on BeatHit game rank and track prominence.,"{""culture_category"":""video_game_music"",""video_game"":""Super Smash Bros. Ultimate"",""game_rank"":41,""game_association_kind"":""khinsider_game_soundtrack"",""khinsider_album_url"":""https://downloads.khinsider.com/game-soundtracks/album/super-smash-bros.-ultimate-expanded-vol.-02-super-mario-switch-gamerip-2018"",""khinsider_album_title"":""Super Smash Bros. Ultimate Vol. 02 - Super Mario (super-smash-bros.-ultimate-expanded-vol.-02-super-mario-switch-gamerip-2018)"",""khinsider_album_kind"":""official_or_gamerip"",""khinsider_album_match_score"":100.0,""relevance_score_100"":100.0,""popularity_score_100"":50.986282507404624,""score_100"":80.39451300296184,""popularity_basis"":""BeatHit master-list game rank plus track position proxy""}"
920,"Jump Up, Super Star!  [Guitar & Piano]",Unknown credited artist,[],Super Smash Bros. Ultimate Vol. 02 - Super Mario (super-smash-bros.-ultimate-expanded-vol.-02-super-mario-switch-gamerip-2018),,,"[""video game soundtrack""]","[""und""]",,,,Super Smash Bros. Ultimate,,,khinsider_track_prominence_proxy,50.986282507404624,score_0_100,,,,80.39451300296184,,,,https://downloads.khinsider.com/game-soundtracks/album/super-smash-bros.-ultimate-expanded-vol.-02-super-mario-switch-gamerip-2018,2026-10-05,Track title is taken from KHInsider's soundtrack/gamerip album index. Popularity is an explicitly labelled proxy based on BeatHit game rank and track prominence.,"{""culture_category"":""video_game_music"",""video_game"":""Super Smash Bros. Ultimate"",""game_rank"":41,""game_association_kind"":""khinsider_game_soundtrack"",""khinsider_album_url"":""https://downloads.khinsider.com/game-soundtracks/album/super-smash-bros.-ultimate-expanded-vol.-02-super-mario-switch-gamerip-2018"",""khinsider_album_title"":""Super Smash Bros. Ultimate Vol. 02 - Super Mario (super-smash-bros.-ultimate-expanded-vol.-02-super-mario-switch-gamerip-2018)"",""khinsider_album_kind"":""official_or_gamerip"",""khinsider_album_match_score"":100.0,""relevance_score_100"":100.0,""popularity_score_100"":50.986282507404624,""score_100"":80.39451300296184,""popularity_basis"":""BeatHit master-list game rank plus track position proxy""}"
921,"Jump Up, Super Star! [Wind Instruments Solo]",Unknown credited artist,[],Super Smash Bros. Ultimate Vol. 02 - Super Mario (super-smash-bros.-ultimate-expanded-vol.-02-super-mario-switch-gamerip-2018),,,"[""video game soundtrack""]","[""und""]",,,,Super Smash Bros. Ultimate,,,khinsider_track_prominence_proxy,50.986282507404624,score_0_100,,,,80.39451300296184,,,,https://downloads.khinsider.com/game-soundtracks/album/super-smash-bros.-ultimate-expanded-vol.-02-super-mario-switch-gamerip-2018,2026-10-05,Track title is taken from KHInsider's soundtrack/gamerip album index. Popularity is an explicitly labelled proxy based on BeatHit game rank and track prominence.,"{""culture_category"":""video_game_music"",""video_game"":""Super Smash Bros. Ultimate"",""game_rank"":41,""game_association_kind"":""khinsider_game_soundtrack"",""khinsider_album_url"":""https://downloads.khinsider.com/game-soundtracks/album/super-smash-bros.-ultimate-expanded-vol.-02-super-mario-switch-gamerip-2018"",""khinsider_album_title"":""Super Smash Bros. Ultimate Vol. 02 - Super Mario (super-smash-bros.-ultimate-expanded-vol.-02-super-mario-switch-gamerip-2018)"",""khinsider_album_kind"":""official_or_gamerip"",""khinsider_album_match_score"":100.0,""relevance_score_100"":100.0,""popularity_score_100"":50.986282507404624,""score_100"":80.39451300296184,""popularity_basis"":""BeatHit master-list game rank plus track position proxy""}"
922,"Jump Up, Super Star! [Vocals Solo]",Unknown credited artist,[],Super Smash Bros. Ultimate Vol. 02 - Super Mario (super-smash-bros.-ultimate-expanded-vol.-02-super-mario-switch-gamerip-2018),,,"[""video game soundtrack""]","[""und""]",,,,Super Smash Bros. Ultimate,,,khinsider_track_prominence_proxy,50.986282507404624,score_0_100,,,,80.39451300296184,,,,https://downloads.khinsider.com/game-soundtracks/album/super-smash-bros.-ultimate-expanded-vol.-02-super-mario-switch-gamerip-2018,2026-10-05,Track title is taken from KHInsider's soundtrack/gamerip album index. Popularity is an explicitly labelled proxy based on BeatHit game rank and track prominence.,"{""culture_category"":""video_game_music"",""video_game"":""Super Smash Bros. Ultimate"",""game_rank"":41,""game_association_kind"":""khinsider_game_soundtrack"",""khinsider_album_url"":""https://downloads.khinsider.com/game-soundtracks/album/super-smash-bros.-ultimate-expanded-vol.-02-super-mario-switch-gamerip-2018"",""khinsider_album_title"":""Super Smash Bros. Ultimate Vol. 02 - Super Mario (super-smash-bros.-ultimate-expanded-vol.-02-super-mario-switch-gamerip-2018)"",""khinsider_album_kind"":""official_or_gamerip"",""khinsider_album_match_score"":100.0,""relevance_score_100"":100.0,""popularity_score_100"":50.986282507404624,""score_100"":80.39451300296184,""popularity_basis"":""BeatHit master-list game rank plus track position proxy""}"
923,Ground Theme - Super Mario 3D Land,Unknown credited artist,[],Super Smash Bros. Ultimate Vol. 02 - Super Mario (super-smash-bros.-ultimate-expanded-vol.-02-super-mario-switch-gamerip-2018),,,"[""video game soundtrack""]","[""und""]",,,,Super Smash Bros. Ultimate,,,khinsider_track_prominence_proxy,50.986282507404624,score_0_100,,,,80.39451300296184,,,,https://downloads.khinsider.com/game-soundtracks/album/super-smash-bros.-ultimate-expanded-vol.-02-super-mario-switch-gamerip-2018,2026-10-05,Track title is taken from KHInsider's soundtrack/gamerip album index. Popularity is an explicitly labelled proxy based on BeatHit game rank and track prominence.,"{""culture_category"":""video_game_music"",""video_game"":""Super Smash Bros. Ultimate"",""game_rank"":41,""game_association_kind"":""khinsider_game_soundtrack"",""khinsider_album_url"":""https://downloads.khinsider.com/game-soundtracks/album/super-smash-bros.-ultimate-expanded-vol.-02-super-mario-switch-gamerip-2018"",""khinsider_album_title"":""Super Smash Bros. Ultimate Vol. 02 - Super Mario (super-smash-bros.-ultimate-expanded-vol.-02-super-mario-switch-gamerip-2018)"",""khinsider_album_kind"":""official_or_gamerip"",""khinsider_album_match_score"":100.0,""relevance_score_100"":100.0,""popularity_score_100"":50.986282507404624,""score_100"":80.39451300296184,""popularity_basis"":""BeatHit master-list game rank plus track position proxy""}"
924,Underwater Theme - Super Mario 3D Land,Unknown credited artist,[],Super Smash Bros. Ultimate Vol. 02 - Super Mario (super-smash-bros.-ultimate-expanded-vol.-02-super-mario-switch-gamerip-2018),,,"[""video game soundtrack""]","[""und""]",,,,Super Smash Bros. Ultimate,,,khinsider_track_prominence_proxy,50.986282507404624,score_0_100,,,,80.39451300296184,,,,https://downloads.khinsider.com/game-soundtracks/album/super-smash-bros.-ultimate-expanded-vol.-02-super-mario-switch-gamerip-2018,2026-10-05,Track title is taken from KHInsider's soundtrack/gamerip album index. Popularity is an explicitly labelled proxy based on BeatHit game rank and track prominence.,"{""culture_category"":""video_game_music"",""video_game"":""Super Smash Bros. Ultimate"",""game_rank"":41,""game_association_kind"":""khinsider_game_soundtrack"",""khinsider_album_url"":""https://downloads.khinsider.com/game-soundtracks/album/super-smash-bros.-ultimate-expanded-vol.-02-super-mario-switch-gamerip-2018"",""khinsider_album_title"":""Super Smash Bros. Ultimate Vol. 02 - Super Mario (super-smash-bros.-ultimate-expanded-vol.-02-super-mario-switch-gamerip-2018)"",""khinsider_album_kind"":""official_or_gamerip"",""khinsider_album_match_score"":100.0,""relevance_score_100"":100.0,""popularity_score_100"":50.986282507404624,""score_100"":80.39451300296184,""popularity_basis"":""BeatHit master-list game rank plus track position proxy""}"
925,"Blue Skies, White Clouds - Paper Mario - Sticker Star",Unknown credited artist,[],Super Smash Bros. Ultimate Vol. 02 - Super Mario (super-smash-bros.-ultimate-expanded-vol.-02-super-mario-switch-gamerip-2018),,,"[""video game soundtrack""]","[""und""]",,,,Super Smash Bros. Ultimate,,,khinsider_track_prominence_proxy,50.986282507404624,score_0_100,,,,80.39451300296184,,,,https://downloads.khinsider.com/game-soundtracks/album/super-smash-bros.-ultimate-expanded-vol.-02-super-mario-switch-gamerip-2018,2026-10-05,Track title is taken from KHInsider's soundtrack/gamerip album index. Popularity is an explicitly labelled proxy based on BeatHit game rank and track prominence.,"{""culture_category"":""video_game_music"",""video_game"":""Super Smash Bros. Ultimate"",""game_rank"":41,""game_association_kind"":""khinsider_game_soundtrack"",""khinsider_album_url"":""https://downloads.khinsider.com/game-soundtracks/album/super-smash-bros.-ultimate-expanded-vol.-02-super-mario-switch-gamerip-2018"",""khinsider_album_title"":""Super Smash Bros. Ultimate Vol. 02 - Super Mario (super-smash-bros.-ultimate-expanded-vol.-02-super-mario-switch-gamerip-2018)"",""khinsider_album_kind"":""official_or_gamerip"",""khinsider_album_match_score"":100.0,""relevance_score_100"":100.0,""popularity_score_100"":50.986282507404624,""score_100"":80.39451300296184,""popularity_basis"":""BeatHit master-list game rank plus track position proxy""}"
926,Rogueport - Paper Mario - The Thousand-Year Door,Unknown credited artist,[],Super Smash Bros. Ultimate Vol. 02 - Super Mario (super-smash-bros.-ultimate-expanded-vol.-02-super-mario-switch-gamerip-2018),,,"[""video game soundtrack""]","[""und""]",,,,Super Smash Bros. Ultimate,,,khinsider_track_prominence_proxy,50.986282507404624,score_0_100,,,,80.39451300296184,,,,https://downloads.khinsider.com/game-soundtracks/album/super-smash-bros.-ultimate-expanded-vol.-02-super-mario-switch-gamerip-2018,2026-10-05,Track title is taken from KHInsider's soundtrack/gamerip album index. Popularity is an explicitly labelled proxy based on BeatHit game rank and track prominence.,"{""culture_category"":""video_game_music"",""video_game"":""Super Smash Bros. Ultimate"",""game_rank"":41,""game_association_kind"":""khinsider_game_soundtrack"",""khinsider_album_url"":""https://downloads.khinsider.com/game-soundtracks/album/super-smash-bros.-ultimate-expanded-vol.-02-super-mario-switch-gamerip-2018"",""khinsider_album_title"":""Super Smash Bros. Ultimate Vol. 02 - Super Mario (super-smash-bros.-ultimate-expanded-vol.-02-super-mario-switch-gamerip-2018)"",""khinsider_album_kind"":""official_or_gamerip"",""khinsider_album_match_score"":100.0,""relevance_score_100"":100.0,""popularity_score_100"":50.986282507404624,""score_100"":80.39451300296184,""popularity_basis"":""BeatHit master-list game rank plus track position proxy""}"
927,Battleship - Paper Mario - Sticker Star,Unknown credited artist,[],Super Smash Bros. Ultimate Vol. 02 - Super Mario (super-smash-bros.-ultimate-expanded-vol.-02-super-mario-switch-gamerip-2018),,,"[""video game soundtrack""]","[""und""]",,,,Super Smash Bros. Ultimate,,,khinsider_track_prominence_proxy,50.986282507404624,score_0_100,,,,80.39451300296184,,,,https://downloads.khinsider.com/game-soundtracks/album/super-smash-bros.-ultimate-expanded-vol.-02-super-mario-switch-gamerip-2018,2026-10-05,Track title is taken from KHInsider's soundtrack/gamerip album index. Popularity is an explicitly labelled proxy based on BeatHit game rank and track prominence.,"{""culture_category"":""video_game_music"",""video_game"":""Super Smash Bros. Ultimate"",""game_rank"":41,""game_association_kind"":""khinsider_game_soundtrack"",""khinsider_album_url"":""https://downloads.khinsider.com/game-soundtracks/album/super-smash-bros.-ultimate-expanded-vol.-02-super-mario-switch-gamerip-2018"",""khinsider_album_title"":""Super Smash Bros. Ultimate Vol. 02 - Super Mario (super-smash-bros.-ultimate-expanded-vol.-02-super-mario-switch-gamerip-2018)"",""khinsider_album_kind"":""official_or_gamerip"",""khinsider_album_match_score"":100.0,""relevance_score_100"":100.0,""popularity_score_100"":50.986282507404624,""score_100"":80.39451300296184,""popularity_basis"":""BeatHit master-list game rank plus track position proxy""}"
928,Ground Theme (Hurry!) - Super Mario Bros.,Unknown credited artist,[],Super Smash Bros. Ultimate Vol. 02 - Super Mario (super-smash-bros.-ultimate-expanded-vol.-02-super-mario-switch-gamerip-2018),,,"[""video game soundtrack""]","[""und""]",,,,Super Smash Bros. Ultimate,,,khinsider_track_prominence_proxy,50.986282507404624,score_0_100,,,,80.39451300296184,,,,https://downloads.khinsider.com/game-soundtracks/album/super-smash-bros.-ultimate-expanded-vol.-02-super-mario-switch-gamerip-2018,2026-10-05,Track title is taken from KHInsider's soundtrack/gamerip album index. Popularity is an explicitly labelled proxy based on BeatHit game rank and track prominence.,"{""culture_category"":""video_game_music"",""video_game"":""Super Smash Bros. Ultimate"",""game_rank"":41,""game_association_kind"":""khinsider_game_soundtrack"",""khinsider_album_url"":""https://downloads.khinsider.com/game-soundtracks/album/super-smash-bros.-ultimate-expanded-vol.-02-super-mario-switch-gamerip-2018"",""khinsider_album_title"":""Super Smash Bros. Ultimate Vol. 02 - Super Mario (super-smash-bros.-ultimate-expanded-vol.-02-super-mario-switch-gamerip-2018)"",""khinsider_album_kind"":""official_or_gamerip"",""khinsider_album_match_score"":100.0,""relevance_score_100"":100.0,""popularity_score_100"":50.986282507404624,""score_100"":80.39451300296184,""popularity_basis"":""BeatHit master-list game rank plus track position proxy""}"
929,Underground Theme - Super Mario Bros. [Original],Unknown credited artist,[],Super Smash Bros. Ultimate Vol. 02 - Super Mario (super-smash-bros.-ultimate-expanded-vol.-02-super-mario-switch-gamerip-2018),,,"[""video game soundtrack""]","[""und""]",,,,Super Smash Bros. Ultimate,,,khinsider_track_prominence_proxy,50.986282507404624,score_0_100,,,,80.39451300296184,,,,https://downloads.khinsider.com/game-soundtracks/album/super-smash-bros.-ultimate-expanded-vol.-02-super-mario-switch-gamerip-2018,2026-10-05,Track title is taken from KHInsider's soundtrack/gamerip album index. Popularity is an explicitly labelled proxy based on BeatHit game rank and track prominence.,"{""culture_category"":""video_game_music"",""video_game"":""Super Smash Bros. Ultimate"",""game_rank"":41,""game_association_kind"":""khinsider_game_soundtrack"",""khinsider_album_url"":""https://downloads.khinsider.com/game-soundtracks/album/super-smash-bros.-ultimate-expanded-vol.-02-super-mario-switch-gamerip-2018"",""khinsider_album_title"":""Super Smash Bros. Ultimate Vol. 02 - Super Mario (super-smash-bros.-ultimate-expanded-vol.-02-super-mario-switch-gamerip-2018)"",""khinsider_album_kind"":""official_or_gamerip"",""khinsider_album_match_score"":100.0,""relevance_score_100"":100.0,""popularity_score_100"":50.986282507404624,""score_100"":80.39451300296184,""popularity_basis"":""BeatHit master-list game rank plus track position proxy""}"
930,Underwater Theme - Super Mario Bros. [Original],Unknown credited artist,[],Super Smash Bros. Ultimate Vol. 02 - Super Mario (super-smash-bros.-ultimate-expanded-vol.-02-super-mario-switch-gamerip-2018),,,"[""video game soundtrack""]","[""und""]",,,,Super Smash Bros. Ultimate,,,khinsider_track_prominence_proxy,50.986282507404624,score_0_100,,,,80.39451300296184,,,,https://downloads.khinsider.com/game-soundtracks/album/super-smash-bros.-ultimate-expanded-vol.-02-super-mario-switch-gamerip-2018,2026-10-05,Track title is taken from KHInsider's soundtrack/gamerip album index. Popularity is an explicitly labelled proxy based on BeatHit game rank and track prominence.,"{""culture_category"":""video_game_music"",""video_game"":""Super Smash Bros. Ultimate"",""game_rank"":41,""game_association_kind"":""khinsider_game_soundtrack"",""khinsider_album_url"":""https://downloads.khinsider.com/game-soundtracks/album/super-smash-bros.-ultimate-expanded-vol.-02-super-mario-switch-gamerip-2018"",""khinsider_album_title"":""Super Smash Bros. Ultimate Vol. 02 - Super Mario (super-smash-bros.-ultimate-expanded-vol.-02-super-mario-switch-gamerip-2018)"",""khinsider_album_kind"":""official_or_gamerip"",""khinsider_album_match_score"":100.0,""relevance_score_100"":100.0,""popularity_score_100"":50.986282507404624,""score_100"":80.39451300296184,""popularity_basis"":""BeatHit master-list game rank plus track position proxy""}"
931,Castle - Super Mario Bros. [Original],Unknown credited artist,[],Super Smash Bros. Ultimate Vol. 02 - Super Mario (super-smash-bros.-ultimate-expanded-vol.-02-super-mario-switch-gamerip-2018),,,"[""video game soundtrack""]","[""und""]",,,,Super Smash Bros. Ultimate,,,khinsider_track_prominence_proxy,50.986282507404624,score_0_100,,,,80.39451300296184,,,,https://downloads.khinsider.com/game-soundtracks/album/super-smash-bros.-ultimate-expanded-vol.-02-super-mario-switch-gamerip-2018,2026-10-05,Track title is taken from KHInsider's soundtrack/gamerip album index. Popularity is an explicitly labelled proxy based on BeatHit game rank and track prominence.,"{""culture_category"":""video_game_music"",""video_game"":""Super Smash Bros. Ultimate"",""game_rank"":41,""game_association_kind"":""khinsider_game_soundtrack"",""khinsider_album_url"":""https://downloads.khinsider.com/game-soundtracks/album/super-smash-bros.-ultimate-expanded-vol.-02-super-mario-switch-gamerip-2018"",""khinsider_album_title"":""Super Smash Bros. Ultimate Vol. 02 - Super Mario (super-smash-bros.-ultimate-expanded-vol.-02-super-mario-switch-gamerip-2018)"",""khinsider_album_kind"":""official_or_gamerip"",""khinsider_album_match_score"":100.0,""relevance_score_100"":100.0,""popularity_score_100"":50.986282507404624,""score_100"":80.39451300296184,""popularity_basis"":""BeatHit master-list game rank plus track position proxy""}"
932,Ground Theme - Super Mario Bros. 3 [Original],Unknown credited artist,[],Super Smash Bros. Ultimate Vol. 02 - Super Mario (super-smash-bros.-ultimate-expanded-vol.-02-super-mario-switch-gamerip-2018),,,"[""video game soundtrack""]","[""und""]",,,,Super Smash Bros. Ultimate,,,khinsider_track_prominence_proxy,50.986282507404624,score_0_100,,,,80.39451300296184,,,,https://downloads.khinsider.com/game-soundtracks/album/super-smash-bros.-ultimate-expanded-vol.-02-super-mario-switch-gamerip-2018,2026-10-05,Track title is taken from KHInsider's soundtrack/gamerip album index. Popularity is an explicitly labelled proxy based on BeatHit game rank and track prominence.,"{""culture_category"":""video_game_music"",""video_game"":""Super Smash Bros. Ultimate"",""game_rank"":41,""game_association_kind"":""khinsider_game_soundtrack"",""khinsider_album_url"":""https://downloads.khinsider.com/game-soundtracks/album/super-smash-bros.-ultimate-expanded-vol.-02-super-mario-switch-gamerip-2018"",""khinsider_album_title"":""Super Smash Bros. Ultimate Vol. 02 - Super Mario (super-smash-bros.-ultimate-expanded-vol.-02-super-mario-switch-gamerip-2018)"",""khinsider_album_kind"":""official_or_gamerip"",""khinsider_album_match_score"":100.0,""relevance_score_100"":100.0,""popularity_score_100"":50.986282507404624,""score_100"":80.39451300296184,""popularity_basis"":""BeatHit master-list game rank plus track position proxy""}"
933,Athletic Theme - Super Mario Bros. 3 [Original],Unknown credited artist,[],Super Smash Bros. Ultimate Vol. 02 - Super Mario (super-smash-bros.-ultimate-expanded-vol.-02-super-mario-switch-gamerip-2018),,,"[""video game soundtrack""]","[""und""]",,,,Super Smash Bros. Ultimate,,,khinsider_track_prominence_proxy,50.986282507404624,score_0_100,,,,80.39451300296184,,,,https://downloads.khinsider.com/game-soundtracks/album/super-smash-bros.-ultimate-expanded-vol.-02-super-mario-switch-gamerip-2018,2026-10-05,Track title is taken from KHInsider's soundtrack/gamerip album index. Popularity is an explicitly labelled proxy based on BeatHit game rank and track prominence.,"{""culture_category"":""video_game_music"",""video_game"":""Super Smash Bros. Ultimate"",""game_rank"":41,""game_association_kind"":""khinsider_game_soundtrack"",""khinsider_album_url"":""https://downloads.khinsider.com/game-soundtracks/album/super-smash-bros.-ultimate-expanded-vol.-02-super-mario-switch-gamerip-2018"",""khinsider_album_title"":""Super Smash Bros. Ultimate Vol. 02 - Super Mario (super-smash-bros.-ultimate-expanded-vol.-02-super-mario-switch-gamerip-2018)"",""khinsider_album_kind"":""official_or_gamerip"",""khinsider_album_match_score"":100.0,""relevance_score_100"":100.0,""popularity_score_100"":50.986282507404624,""score_100"":80.39451300296184,""popularity_basis"":""BeatHit master-list game rank plus track position proxy""}"
934,World 4 - Giant Land - Super Mario Bros. 3 [Original],Unknown credited artist,[],Super Smash Bros. Ultimate Vol. 02 - Super Mario (super-smash-bros.-ultimate-expanded-vol.-02-super-mario-switch-gamerip-2018),,,"[""video game soundtrack""]","[""und""]",,,,Super Smash Bros. Ultimate,,,khinsider_track_prominence_proxy,50.986282507404624,score_0_100,,,,80.39451300296184,,,,https://downloads.khinsider.com/game-soundtracks/album/super-smash-bros.-ultimate-expanded-vol.-02-super-mario-switch-gamerip-2018,2026-10-05,Track title is taken from KHInsider's soundtrack/gamerip album index. Popularity is an explicitly labelled proxy based on BeatHit game rank and track prominence.,"{""culture_category"":""video_game_music"",""video_game"":""Super Smash Bros. Ultimate"",""game_rank"":41,""game_association_kind"":""khinsider_game_soundtrack"",""khinsider_album_url"":""https://downloads.khinsider.com/game-soundtracks/album/super-smash-bros.-ultimate-expanded-vol.-02-super-mario-switch-gamerip-2018"",""khinsider_album_title"":""Super Smash Bros. Ultimate Vol. 02 - Super Mario (super-smash-bros.-ultimate-expanded-vol.-02-super-mario-switch-gamerip-2018)"",""khinsider_album_kind"":""official_or_gamerip"",""khinsider_album_match_score"":100.0,""relevance_score_100"":100.0,""popularity_score_100"":50.986282507404624,""score_100"":80.39451300296184,""popularity_basis"":""BeatHit master-list game rank plus track position proxy""}"
935,Hammer Brothers - Super Mario Bros. 3 [Original],Unknown credited artist,[],Super Smash Bros. Ultimate Vol. 02 - Super Mario (super-smash-bros.-ultimate-expanded-vol.-02-super-mario-switch-gamerip-2018),,,"[""video game soundtrack""]","[""und""]",,,,Super Smash Bros. Ultimate,,,khinsider_track_prominence_proxy,50.986282507404624,score_0_100,,,,80.39451300296184,,,,https://downloads.khinsider.com/game-soundtracks/album/super-smash-bros.-ultimate-expanded-vol.-02-super-mario-switch-gamerip-2018,2026-10-05,Track title is taken from KHInsider's soundtrack/gamerip album index. Popularity is an explicitly labelled proxy based on BeatHit game rank and track prominence.,"{""culture_category"":""video_game_music"",""video_game"":""Super Smash Bros. Ultimate"",""game_rank"":41,""game_association_kind"":""khinsider_game_soundtrack"",""khinsider_album_url"":""https://downloads.khinsider.com/game-soundtracks/album/super-smash-bros.-ultimate-expanded-vol.-02-super-mario-switch-gamerip-2018"",""khinsider_album_title"":""Super Smash Bros. Ultimate Vol. 02 - Super Mario (super-smash-bros.-ultimate-expanded-vol.-02-super-mario-switch-gamerip-2018)"",""khinsider_album_kind"":""official_or_gamerip"",""khinsider_album_match_score"":100.0,""relevance_score_100"":100.0,""popularity_score_100"":50.986282507404624,""score_100"":80.39451300296184,""popularity_basis"":""BeatHit master-list game rank plus track position proxy""}"
936,Fortress Boss - Super Mario Bros. 3 [Original],Unknown credited artist,[],Super Smash Bros. Ultimate Vol. 02 - Super Mario (super-smash-bros.-ultimate-expanded-vol.-02-super-mario-switch-gamerip-2018),,,"[""video game soundtrack""]","[""und""]",,,,Super Smash Bros. Ultimate,,,khinsider_track_prominence_proxy,50.986282507404624,score_0_100,,,,80.39451300296184,,,,https://downloads.khinsider.com/game-soundtracks/album/super-smash-bros.-ultimate-expanded-vol.-02-super-mario-switch-gamerip-2018,2026-10-05,Track title is taken from KHInsider's soundtrack/gamerip album index. Popularity is an explicitly labelled proxy based on BeatHit game rank and track prominence.,"{""culture_category"":""video_game_music"",""video_game"":""Super Smash Bros. Ultimate"",""game_rank"":41,""game_association_kind"":""khinsider_game_soundtrack"",""khinsider_album_url"":""https://downloads.khinsider.com/game-soundtracks/album/super-smash-bros.-ultimate-expanded-vol.-02-super-mario-switch-gamerip-2018"",""khinsider_album_title"":""Super Smash Bros. Ultimate Vol. 02 - Super Mario (super-smash-bros.-ultimate-expanded-vol.-02-super-mario-switch-gamerip-2018)"",""khinsider_album_kind"":""official_or_gamerip"",""khinsider_album_match_score"":100.0,""relevance_score_100"":100.0,""popularity_score_100"":50.986282507404624,""score_100"":80.39451300296184,""popularity_basis"":""BeatHit master-list game rank plus track position proxy""}"
937,Airship Theme - Super Mario Bros. 3 [Original],Unknown credited artist,[],Super Smash Bros. Ultimate Vol. 02 - Super Mario (super-smash-bros.-ultimate-expanded-vol.-02-super-mario-switch-gamerip-2018),,,"[""video game soundtrack""]","[""und""]",,,,Super Smash Bros. Ultimate,,,khinsider_track_prominence_proxy,50.986282507404624,score_0_100,,,,80.39451300296184,,,,https://downloads.khinsider.com/game-soundtracks/album/super-smash-bros.-ultimate-expanded-vol.-02-super-mario-switch-gamerip-2018,2026-10-05,Track title is taken from KHInsider's soundtrack/gamerip album index. Popularity is an explicitly labelled proxy based on BeatHit game rank and track prominence.,"{""culture_category"":""video_game_music"",""video_game"":""Super Smash Bros. Ultimate"",""game_rank"":41,""game_association_kind"":""khinsider_game_soundtrack"",""khinsider_album_url"":""https://downloads.khinsider.com/game-soundtracks/album/super-smash-bros.-ultimate-expanded-vol.-02-super-mario-switch-gamerip-2018"",""khinsider_album_title"":""Super Smash Bros. Ultimate Vol. 02 - Super Mario (super-smash-bros.-ultimate-expanded-vol.-02-super-mario-switch-gamerip-2018)"",""khinsider_album_kind"":""official_or_gamerip"",""khinsider_album_match_score"":100.0,""relevance_score_100"":100.0,""popularity_score_100"":50.986282507404624,""score_100"":80.39451300296184,""popularity_basis"":""BeatHit master-list game rank plus track position proxy""}"
938,King Bowser - Super Mario Bros. 3 [Original],Unknown credited artist,[],Super Smash Bros. Ultimate Vol. 02 - Super Mario (super-smash-bros.-ultimate-expanded-vol.-02-super-mario-switch-gamerip-2018),,,"[""video game soundtrack""]","[""und""]",,,,Super Smash Bros. Ultimate,,,khinsider_track_prominence_proxy,50.986282507404624,score_0_100,,,,80.39451300296184,,,,https://downloads.khinsider.com/game-soundtracks/album/super-smash-bros.-ultimate-expanded-vol.-02-super-mario-switch-gamerip-2018,2026-10-05,Track title is taken from KHInsider's soundtrack/gamerip album index. Popularity is an explicitly labelled proxy based on BeatHit game rank and track prominence.,"{""culture_category"":""video_game_music"",""video_game"":""Super Smash Bros. Ultimate"",""game_rank"":41,""game_association_kind"":""khinsider_game_soundtrack"",""khinsider_album_url"":""https://downloads.khinsider.com/game-soundtracks/album/super-smash-bros.-ultimate-expanded-vol.-02-super-mario-switch-gamerip-2018"",""khinsider_album_title"":""Super Smash Bros. Ultimate Vol. 02 - Super Mario (super-smash-bros.-ultimate-expanded-vol.-02-super-mario-switch-gamerip-2018)"",""khinsider_album_kind"":""official_or_gamerip"",""khinsider_album_match_score"":100.0,""relevance_score_100"":100.0,""popularity_score_100"":50.986282507404624,""score_100"":80.39451300296184,""popularity_basis"":""BeatHit master-list game rank plus track position proxy""}"
939,Underground Theme - Super Mario Land [Original],Unknown credited artist,[],Super Smash Bros. Ultimate Vol. 02 - Super Mario (super-smash-bros.-ultimate-expanded-vol.-02-super-mario-switch-gamerip-2018),,,"[""video game soundtrack""]","[""und""]",,,,Super Smash Bros. Ultimate,,,khinsider_track_prominence_proxy,50.986282507404624,score_0_100,,,,80.39451300296184,,,,https://downloads.khinsider.com/game-soundtracks/album/super-smash-bros.-ultimate-expanded-vol.-02-super-mario-switch-gamerip-2018,2026-10-05,Track title is taken from KHInsider's soundtrack/gamerip album index. Popularity is an explicitly labelled proxy based on BeatHit game rank and track prominence.,"{""culture_category"":""video_game_music"",""video_game"":""Super Smash Bros. Ultimate"",""game_rank"":41,""game_association_kind"":""khinsider_game_soundtrack"",""khinsider_album_url"":""https://downloads.khinsider.com/game-soundtracks/album/super-smash-bros.-ultimate-expanded-vol.-02-super-mario-switch-gamerip-2018"",""khinsider_album_title"":""Super Smash Bros. Ultimate Vol. 02 - Super Mario (super-smash-bros.-ultimate-expanded-vol.-02-super-mario-switch-gamerip-2018)"",""khinsider_album_kind"":""official_or_gamerip"",""khinsider_album_match_score"":100.0,""relevance_score_100"":100.0,""popularity_score_100"":50.986282507404624,""score_100"":80.39451300296184,""popularity_basis"":""BeatHit master-list game rank plus track position proxy""}"
940,Title - Super Mario World [Original],Unknown credited artist,[],Super Smash Bros. Ultimate Vol. 02 - Super Mario (super-smash-bros.-ultimate-expanded-vol.-02-super-mario-switch-gamerip-2018),,,"[""video game soundtrack""]","[""und""]",,,,Super Smash Bros. Ultimate,,,khinsider_track_prominence_proxy,50.986282507404624,score_0_100,,,,80.39451300296184,,,,https://downloads.khinsider.com/game-soundtracks/album/super-smash-bros.-ultimate-expanded-vol.-02-super-mario-switch-gamerip-2018,2026-10-05,Track title is taken from KHInsider's soundtrack/gamerip album index. Popularity is an explicitly labelled proxy based on BeatHit game rank and track prominence.,"{""culture_category"":""video_game_music"",""video_game"":""Super Smash Bros. Ultimate"",""game_rank"":41,""game_association_kind"":""khinsider_game_soundtrack"",""khinsider_album_url"":""https://downloads.khinsider.com/game-soundtracks/album/super-smash-bros.-ultimate-expanded-vol.-02-super-mario-switch-gamerip-2018"",""khinsider_album_title"":""Super Smash Bros. Ultimate Vol. 02 - Super Mario (super-smash-bros.-ultimate-expanded-vol.-02-super-mario-switch-gamerip-2018)"",""khinsider_album_kind"":""official_or_gamerip"",""khinsider_album_match_score"":100.0,""relevance_score_100"":100.0,""popularity_score_100"":50.986282507404624,""score_100"":80.39451300296184,""popularity_basis"":""BeatHit master-list game rank plus track position proxy""}"
941,Ending - Super Mario World [Original],Unknown credited artist,[],Super Smash Bros. Ultimate Vol. 02 - Super Mario (super-smash-bros.-ultimate-expanded-vol.-02-super-mario-switch-gamerip-2018),,,"[""video game soundtrack""]","[""und""]",,,,Super Smash Bros. Ultimate,,,khinsider_track_prominence_proxy,50.986282507404624,score_0_100,,,,80.39451300296184,,,,https://downloads.khinsider.com/game-soundtracks/album/super-smash-bros.-ultimate-expanded-vol.-02-super-mario-switch-gamerip-2018,2026-10-05,Track title is taken from KHInsider's soundtrack/gamerip album index. Popularity is an explicitly labelled proxy based on BeatHit game rank and track prominence.,"{""culture_category"":""video_game_music"",""video_game"":""Super Smash Bros. Ultimate"",""game_rank"":41,""game_association_kind"":""khinsider_game_soundtrack"",""khinsider_album_url"":""https://downloads.khinsider.com/game-soundtracks/album/super-smash-bros.-ultimate-expanded-vol.-02-super-mario-switch-gamerip-2018"",""khinsider_album_title"":""Super Smash Bros. Ultimate Vol. 02 - Super Mario (super-smash-bros.-ultimate-expanded-vol.-02-super-mario-switch-gamerip-2018)"",""khinsider_album_kind"":""official_or_gamerip"",""khinsider_album_match_score"":100.0,""relevance_score_100"":100.0,""popularity_score_100"":50.986282507404624,""score_100"":80.39451300296184,""popularity_basis"":""BeatHit master-list game rank plus track position proxy""}"
942,Bonus Screen - Super Mario World [Original],Unknown credited artist,[],Super Smash Bros. Ultimate Vol. 02 - Super Mario (super-smash-bros.-ultimate-expanded-vol.-02-super-mario-switch-gamerip-2018),,,"[""video game soundtrack""]","[""und""]",,,,Super Smash Bros. Ultimate,,,khinsider_track_prominence_proxy,50.986282507404624,score_0_100,,,,80.39451300296184,,,,https://downloads.khinsider.com/game-soundtracks/album/super-smash-bros.-ultimate-expanded-vol.-02-super-mario-switch-gamerip-2018,2026-10-05,Track title is taken from KHInsider's soundtrack/gamerip album index. Popularity is an explicitly labelled proxy based on BeatHit game rank and track prominence.,"{""culture_category"":""video_game_music"",""video_game"":""Super Smash Bros. Ultimate"",""game_rank"":41,""game_association_kind"":""khinsider_game_soundtrack"",""khinsider_album_url"":""https://downloads.khinsider.com/game-soundtracks/album/super-smash-bros.-ultimate-expanded-vol.-02-super-mario-switch-gamerip-2018"",""khinsider_album_title"":""Super Smash Bros. Ultimate Vol. 02 - Super Mario (super-smash-bros.-ultimate-expanded-vol.-02-super-mario-switch-gamerip-2018)"",""khinsider_album_kind"":""official_or_gamerip"",""khinsider_album_match_score"":100.0,""relevance_score_100"":100.0,""popularity_score_100"":50.986282507404624,""score_100"":80.39451300296184,""popularity_basis"":""BeatHit master-list game rank plus track position proxy""}"
943,Star World - Super Mario World [Original],Unknown credited artist,[],Super Smash Bros. Ultimate Vol. 02 - Super Mario (super-smash-bros.-ultimate-expanded-vol.-02-super-mario-switch-gamerip-2018),,,"[""video game soundtrack""]","[""und""]",,,,Super Smash Bros. Ultimate,,,khinsider_track_prominence_proxy,50.986282507404624,score_0_100,,,,80.39451300296184,,,,https://downloads.khinsider.com/game-soundtracks/album/super-smash-bros.-ultimate-expanded-vol.-02-super-mario-switch-gamerip-2018,2026-10-05,Track title is taken from KHInsider's soundtrack/gamerip album index. Popularity is an explicitly labelled proxy based on BeatHit game rank and track prominence.,"{""culture_category"":""video_game_music"",""video_game"":""Super Smash Bros. Ultimate"",""game_rank"":41,""game_association_kind"":""khinsider_game_soundtrack"",""khinsider_album_url"":""https://downloads.khinsider.com/game-soundtracks/album/super-smash-bros.-ultimate-expanded-vol.-02-super-mario-switch-gamerip-2018"",""khinsider_album_title"":""Super Smash Bros. Ultimate Vol. 02 - Super Mario (super-smash-bros.-ultimate-expanded-vol.-02-super-mario-switch-gamerip-2018)"",""khinsider_album_kind"":""official_or_gamerip"",""khinsider_album_match_score"":100.0,""relevance_score_100"":100.0,""popularity_score_100"":50.986282507404624,""score_100"":80.39451300296184,""popularity_basis"":""BeatHit master-list game rank plus track position proxy""}"
944,Castle - Super Mario World [Original],Unknown credited artist,[],Super Smash Bros. Ultimate Vol. 02 - Super Mario (super-smash-bros.-ultimate-expanded-vol.-02-super-mario-switch-gamerip-2018),,,"[""video game soundtrack""]","[""und""]",,,,Super Smash Bros. Ultimate,,,khinsider_track_prominence_proxy,50.986282507404624,score_0_100,,,,80.39451300296184,,,,https://downloads.khinsider.com/game-soundtracks/album/super-smash-bros.-ultimate-expanded-vol.-02-super-mario-switch-gamerip-2018,2026-10-05,Track title is taken from KHInsider's soundtrack/gamerip album index. Popularity is an explicitly labelled proxy based on BeatHit game rank and track prominence.,"{""culture_category"":""video_game_music"",""video_game"":""Super Smash Bros. Ultimate"",""game_rank"":41,""game_association_kind"":""khinsider_game_soundtrack"",""khinsider_album_url"":""https://downloads.khinsider.com/game-soundtracks/album/super-smash-bros.-ultimate-expanded-vol.-02-super-mario-switch-gamerip-2018"",""khinsider_album_title"":""Super Smash Bros. Ultimate Vol. 02 - Super Mario (super-smash-bros.-ultimate-expanded-vol.-02-super-mario-switch-gamerip-2018)"",""khinsider_album_kind"":""official_or_gamerip"",""khinsider_album_match_score"":100.0,""relevance_score_100"":100.0,""popularity_score_100"":50.986282507404624,""score_100"":80.39451300296184,""popularity_basis"":""BeatHit master-list game rank plus track position proxy""}"
945,Fortress Boss - Super Mario World [Original],Unknown credited artist,[],Super Smash Bros. Ultimate Vol. 02 - Super Mario (super-smash-bros.-ultimate-expanded-vol.-02-super-mario-switch-gamerip-2018),,,"[""video game soundtrack""]","[""und""]",,,,Super Smash Bros. Ultimate,,,khinsider_track_prominence_proxy,50.986282507404624,score_0_100,,,,80.39451300296184,,,,https://downloads.khinsider.com/game-soundtracks/album/super-smash-bros.-ultimate-expanded-vol.-02-super-mario-switch-gamerip-2018,2026-10-05,Track title is taken from KHInsider's soundtrack/gamerip album index. Popularity is an explicitly labelled proxy based on BeatHit game rank and track prominence.,"{""culture_category"":""video_game_music"",""video_game"":""Super Smash Bros. Ultimate"",""game_rank"":41,""game_association_kind"":""khinsider_game_soundtrack"",""khinsider_album_url"":""https://downloads.khinsider.com/game-soundtracks/album/super-smash-bros.-ultimate-expanded-vol.-02-super-mario-switch-gamerip-2018"",""khinsider_album_title"":""Super Smash Bros. Ultimate Vol. 02 - Super Mario (super-smash-bros.-ultimate-expanded-vol.-02-super-mario-switch-gamerip-2018)"",""khinsider_album_kind"":""official_or_gamerip"",""khinsider_album_match_score"":100.0,""relevance_score_100"":100.0,""popularity_score_100"":50.986282507404624,""score_100"":80.39451300296184,""popularity_basis"":""BeatHit master-list game rank plus track position proxy""}"
946,Main Theme - New Super Mario Bros. [Original],Unknown credited artist,[],Super Smash Bros. Ultimate Vol. 02 - Super Mario (super-smash-bros.-ultimate-expanded-vol.-02-super-mario-switch-gamerip-2018),,,"[""video game soundtrack""]","[""und""]",,,,Super Smash Bros. Ultimate,,,khinsider_track_prominence_proxy,50.986282507404624,score_0_100,,,,80.39451300296184,,,,https://downloads.khinsider.com/game-soundtracks/album/super-smash-bros.-ultimate-expanded-vol.-02-super-mario-switch-gamerip-2018,2026-10-05,Track title is taken from KHInsider's soundtrack/gamerip album index. Popularity is an explicitly labelled proxy based on BeatHit game rank and track prominence.,"{""culture_category"":""video_game_music"",""video_game"":""Super Smash Bros. Ultimate"",""game_rank"":41,""game_association_kind"":""khinsider_game_soundtrack"",""khinsider_album_url"":""https://downloads.khinsider.com/game-soundtracks/album/super-smash-bros.-ultimate-expanded-vol.-02-super-mario-switch-gamerip-2018"",""khinsider_album_title"":""Super Smash Bros. Ultimate Vol. 02 - Super Mario (super-smash-bros.-ultimate-expanded-vol.-02-super-mario-switch-gamerip-2018)"",""khinsider_album_kind"":""official_or_gamerip"",""khinsider_album_match_score"":100.0,""relevance_score_100"":100.0,""popularity_score_100"":50.986282507404624,""score_100"":80.39451300296184,""popularity_basis"":""BeatHit master-list game rank plus track position proxy""}"
947,Rosalina in the Observatory [Original],Unknown credited artist,[],Super Smash Bros. Ultimate Vol. 02 - Super Mario (super-smash-bros.-ultimate-expanded-vol.-02-super-mario-switch-gamerip-2018),,,"[""video game soundtrack""]","[""und""]",,,,Super Smash Bros. Ultimate,,,khinsider_track_prominence_proxy,50.986282507404624,score_0_100,,,,80.39451300296184,,,,https://downloads.khinsider.com/game-soundtracks/album/super-smash-bros.-ultimate-expanded-vol.-02-super-mario-switch-gamerip-2018,2026-10-05,Track title is taken from KHInsider's soundtrack/gamerip album index. Popularity is an explicitly labelled proxy based on BeatHit game rank and track prominence.,"{""culture_category"":""video_game_music"",""video_game"":""Super Smash Bros. Ultimate"",""game_rank"":41,""game_association_kind"":""khinsider_game_soundtrack"",""khinsider_album_url"":""https://downloads.khinsider.com/game-soundtracks/album/super-smash-bros.-ultimate-expanded-vol.-02-super-mario-switch-gamerip-2018"",""khinsider_album_title"":""Super Smash Bros. Ultimate Vol. 02 - Super Mario (super-smash-bros.-ultimate-expanded-vol.-02-super-mario-switch-gamerip-2018)"",""khinsider_album_kind"":""official_or_gamerip"",""khinsider_album_match_score"":100.0,""relevance_score_100"":100.0,""popularity_score_100"":50.986282507404624,""score_100"":80.39451300296184,""popularity_basis"":""BeatHit master-list game rank plus track position proxy""}"
948,Luma's Theme [Original],Unknown credited artist,[],Super Smash Bros. Ultimate Vol. 02 - Super Mario (super-smash-bros.-ultimate-expanded-vol.-02-super-mario-switch-gamerip-2018),,,"[""video game soundtrack""]","[""und""]",,,,Super Smash Bros. Ultimate,,,khinsider_track_prominence_proxy,50.986282507404624,score_0_100,,,,80.39451300296184,,,,https://downloads.khinsider.com/game-soundtracks/album/super-smash-bros.-ultimate-expanded-vol.-02-super-mario-switch-gamerip-2018,2026-10-05,Track title is taken from KHInsider's soundtrack/gamerip album index. Popularity is an explicitly labelled proxy based on BeatHit game rank and track prominence.,"{""culture_category"":""video_game_music"",""video_game"":""Super Smash Bros. Ultimate"",""game_rank"":41,""game_association_kind"":""khinsider_game_soundtrack"",""khinsider_album_url"":""https://downloads.khinsider.com/game-soundtracks/album/super-smash-bros.-ultimate-expanded-vol.-02-super-mario-switch-gamerip-2018"",""khinsider_album_title"":""Super Smash Bros. Ultimate Vol. 02 - Super Mario (super-smash-bros.-ultimate-expanded-vol.-02-super-mario-switch-gamerip-2018)"",""khinsider_album_kind"":""official_or_gamerip"",""khinsider_album_match_score"":100.0,""relevance_score_100"":100.0,""popularity_score_100"":50.986282507404624,""score_100"":80.39451300296184,""popularity_basis"":""BeatHit master-list game rank plus track position proxy""}"
949,Ground Theme - Super Mario 3D Land [Original],Unknown credited artist,[],Super Smash Bros. Ultimate Vol. 02 - Super Mario (super-smash-bros.-ultimate-expanded-vol.-02-super-mario-switch-gamerip-2018),,,"[""video game soundtrack""]","[""und""]",,,,Super Smash Bros. Ultimate,,,khinsider_track_prominence_proxy,50.986282507404624,score_0_100,,,,80.39451300296184,,,,https://downloads.khinsider.com/game-soundtracks/album/super-smash-bros.-ultimate-expanded-vol.-02-super-mario-switch-gamerip-2018,2026-10-05,Track title is taken from KHInsider's soundtrack/gamerip album index. Popularity is an explicitly labelled proxy based on BeatHit game rank and track prominence.,"{""culture_category"":""video_game_music"",""video_game"":""Super Smash Bros. Ultimate"",""game_rank"":41,""game_association_kind"":""khinsider_game_soundtrack"",""khinsider_album_url"":""https://downloads.khinsider.com/game-soundtracks/album/super-smash-bros.-ultimate-expanded-vol.-02-super-mario-switch-gamerip-2018"",""khinsider_album_title"":""Super Smash Bros. Ultimate Vol. 02 - Super Mario (super-smash-bros.-ultimate-expanded-vol.-02-super-mario-switch-gamerip-2018)"",""khinsider_album_kind"":""official_or_gamerip"",""khinsider_album_match_score"":100.0,""relevance_score_100"":100.0,""popularity_score_100"":50.986282507404624,""score_100"":80.39451300296184,""popularity_basis"":""BeatHit master-list game rank plus track position proxy""}"
950,Underwater Theme - Super Mario 3D Land [Original],Unknown credited artist,[],Super Smash Bros. Ultimate Vol. 02 - Super Mario (super-smash-bros.-ultimate-expanded-vol.-02-super-mario-switch-gamerip-2018),,,"[""video game soundtrack""]","[""und""]",,,,Super Smash Bros. Ultimate,,,khinsider_track_prominence_proxy,50.986282507404624,score_0_100,,,,80.39451300296184,,,,https://downloads.khinsider.com/game-soundtracks/album/super-smash-bros.-ultimate-expanded-vol.-02-super-mario-switch-gamerip-2018,2026-10-05,Track title is taken from KHInsider's soundtrack/gamerip album index. Popularity is an explicitly labelled proxy based on BeatHit game rank and track prominence.,"{""culture_category"":""video_game_music"",""video_game"":""Super Smash Bros. Ultimate"",""game_rank"":41,""game_association_kind"":""khinsider_game_soundtrack"",""khinsider_album_url"":""https://downloads.khinsider.com/game-soundtracks/album/super-smash-bros.-ultimate-expanded-vol.-02-super-mario-switch-gamerip-2018"",""khinsider_album_title"":""Super Smash Bros. Ultimate Vol. 02 - Super Mario (super-smash-bros.-ultimate-expanded-vol.-02-super-mario-switch-gamerip-2018)"",""khinsider_album_kind"":""official_or_gamerip"",""khinsider_album_match_score"":100.0,""relevance_score_100"":100.0,""popularity_score_100"":50.986282507404624,""score_100"":80.39451300296184,""popularity_basis"":""BeatHit master-list game rank plus track position proxy""}"
951,Athletic Theme - New Super Mario Bros. 2 [Original],Unknown credited artist,[],Super Smash Bros. Ultimate Vol. 02 - Super Mario (super-smash-bros.-ultimate-expanded-vol.-02-super-mario-switch-gamerip-2018),,,"[""video game soundtrack""]","[""und""]",,,,Super Smash Bros. Ultimate,,,khinsider_track_prominence_proxy,50.986282507404624,score_0_100,,,,80.39451300296184,,,,https://downloads.khinsider.com/game-soundtracks/album/super-smash-bros.-ultimate-expanded-vol.-02-super-mario-switch-gamerip-2018,2026-10-05,Track title is taken from KHInsider's soundtrack/gamerip album index. Popularity is an explicitly labelled proxy based on BeatHit game rank and track prominence.,"{""culture_category"":""video_game_music"",""video_game"":""Super Smash Bros. Ultimate"",""game_rank"":41,""game_association_kind"":""khinsider_game_soundtrack"",""khinsider_album_url"":""https://downloads.khinsider.com/game-soundtracks/album/super-smash-bros.-ultimate-expanded-vol.-02-super-mario-switch-gamerip-2018"",""khinsider_album_title"":""Super Smash Bros. Ultimate Vol. 02 - Super Mario (super-smash-bros.-ultimate-expanded-vol.-02-super-mario-switch-gamerip-2018)"",""khinsider_album_kind"":""official_or_gamerip"",""khinsider_album_match_score"":100.0,""relevance_score_100"":100.0,""popularity_score_100"":50.986282507404624,""score_100"":80.39451300296184,""popularity_basis"":""BeatHit master-list game rank plus track position proxy""}"
952,Title Theme - Super Mario Maker [Original],Unknown credited artist,[],Super Smash Bros. Ultimate Vol. 02 - Super Mario (super-smash-bros.-ultimate-expanded-vol.-02-super-mario-switch-gamerip-2018),,,"[""video game soundtrack""]","[""und""]",,,,Super Smash Bros. Ultimate,,,khinsider_track_prominence_proxy,50.986282507404624,score_0_100,,,,80.39451300296184,,,,https://downloads.khinsider.com/game-soundtracks/album/super-smash-bros.-ultimate-expanded-vol.-02-super-mario-switch-gamerip-2018,2026-10-05,Track title is taken from KHInsider's soundtrack/gamerip album index. Popularity is an explicitly labelled proxy based on BeatHit game rank and track prominence.,"{""culture_category"":""video_game_music"",""video_game"":""Super Smash Bros. Ultimate"",""game_rank"":41,""game_association_kind"":""khinsider_game_soundtrack"",""khinsider_album_url"":""https://downloads.khinsider.com/game-soundtracks/album/super-smash-bros.-ultimate-expanded-vol.-02-super-mario-switch-gamerip-2018"",""khinsider_album_title"":""Super Smash Bros. Ultimate Vol. 02 - Super Mario (super-smash-bros.-ultimate-expanded-vol.-02-super-mario-switch-gamerip-2018)"",""khinsider_album_kind"":""official_or_gamerip"",""khinsider_album_match_score"":100.0,""relevance_score_100"":100.0,""popularity_score_100"":50.986282507404624,""score_100"":80.39451300296184,""popularity_basis"":""BeatHit master-list game rank plus track position proxy""}"
953,Gritzy Desert [Original],Unknown credited artist,[],Super Smash Bros. Ultimate Vol. 02 - Super Mario (super-smash-bros.-ultimate-expanded-vol.-02-super-mario-switch-gamerip-2018),,,"[""video game soundtrack""]","[""und""]",,,,Super Smash Bros. Ultimate,,,khinsider_track_prominence_proxy,50.986282507404624,score_0_100,,,,80.39451300296184,,,,https://downloads.khinsider.com/game-soundtracks/album/super-smash-bros.-ultimate-expanded-vol.-02-super-mario-switch-gamerip-2018,2026-10-05,Track title is taken from KHInsider's soundtrack/gamerip album index. Popularity is an explicitly labelled proxy based on BeatHit game rank and track prominence.,"{""culture_category"":""video_game_music"",""video_game"":""Super Smash Bros. Ultimate"",""game_rank"":41,""game_association_kind"":""khinsider_game_soundtrack"",""khinsider_album_url"":""https://downloads.khinsider.com/game-soundtracks/album/super-smash-bros.-ultimate-expanded-vol.-02-super-mario-switch-gamerip-2018"",""khinsider_album_title"":""Super Smash Bros. Ultimate Vol. 02 - Super Mario (super-smash-bros.-ultimate-expanded-vol.-02-super-mario-switch-gamerip-2018)"",""khinsider_album_kind"":""official_or_gamerip"",""khinsider_album_match_score"":100.0,""relevance_score_100"":100.0,""popularity_score_100"":50.986282507404624,""score_100"":80.39451300296184,""popularity_basis"":""BeatHit master-list game rank plus track position proxy""}"
954,"Blue Skies, White Clouds - Paper Mario - Sticker Star [Original]",Unknown credited artist,[],Super Smash Bros. Ultimate Vol. 02 - Super Mario (super-smash-bros.-ultimate-expanded-vol.-02-super-mario-switch-gamerip-2018),,,"[""video game soundtrack""]","[""und""]",,,,Super Smash Bros. Ultimate,,,khinsider_track_prominence_proxy,50.986282507404624,score_0_100,,,,80.39451300296184,,,,https://downloads.khinsider.com/game-soundtracks/album/super-smash-bros.-ultimate-expanded-vol.-02-super-mario-switch-gamerip-2018,2026-10-05,Track title is taken from KHInsider's soundtrack/gamerip album index. Popularity is an explicitly labelled proxy based on BeatHit game rank and track prominence.,"{""culture_category"":""video_game_music"",""video_game"":""Super Smash Bros. Ultimate"",""game_rank"":41,""game_association_kind"":""khinsider_game_soundtrack"",""khinsider_album_url"":""https://downloads.khinsider.com/game-soundtracks/album/super-smash-bros.-ultimate-expanded-vol.-02-super-mario-switch-gamerip-2018"",""khinsider_album_title"":""Super Smash Bros. Ultimate Vol. 02 - Super Mario (super-smash-bros.-ultimate-expanded-vol.-02-super-mario-switch-gamerip-2018)"",""khinsider_album_kind"":""official_or_gamerip"",""khinsider_album_match_score"":100.0,""relevance_score_100"":100.0,""popularity_score_100"":50.986282507404624,""score_100"":80.39451300296184,""popularity_basis"":""BeatHit master-list game rank plus track position proxy""}"
955,Rogueport - Paper Mario - The Thousand-Year Door [Original],Unknown credited artist,[],Super Smash Bros. Ultimate Vol. 02 - Super Mario (super-smash-bros.-ultimate-expanded-vol.-02-super-mario-switch-gamerip-2018),,,"[""video game soundtrack""]","[""und""]",,,,Super Smash Bros. Ultimate,,,khinsider_track_prominence_proxy,50.986282507404624,score_0_100,,,,80.39451300296184,,,,https://downloads.khinsider.com/game-soundtracks/album/super-smash-bros.-ultimate-expanded-vol.-02-super-mario-switch-gamerip-2018,2026-10-05,Track title is taken from KHInsider's soundtrack/gamerip album index. Popularity is an explicitly labelled proxy based on BeatHit game rank and track prominence.,"{""culture_category"":""video_game_music"",""video_game"":""Super Smash Bros. Ultimate"",""game_rank"":41,""game_association_kind"":""khinsider_game_soundtrack"",""khinsider_album_url"":""https://downloads.khinsider.com/game-soundtracks/album/super-smash-bros.-ultimate-expanded-vol.-02-super-mario-switch-gamerip-2018"",""khinsider_album_title"":""Super Smash Bros. Ultimate Vol. 02 - Super Mario (super-smash-bros.-ultimate-expanded-vol.-02-super-mario-switch-gamerip-2018)"",""khinsider_album_kind"":""official_or_gamerip"",""khinsider_album_match_score"":100.0,""relevance_score_100"":100.0,""popularity_score_100"":50.986282507404624,""score_100"":80.39451300296184,""popularity_basis"":""BeatHit master-list game rank plus track position proxy""}"
956,Battleship - Paper Mario - Sticker Star [Original],Unknown credited artist,[],Super Smash Bros. Ultimate Vol. 02 - Super Mario (super-smash-bros.-ultimate-expanded-vol.-02-super-mario-switch-gamerip-2018),,,"[""video game soundtrack""]","[""und""]",,,,Super Smash Bros. Ultimate,,,khinsider_track_prominence_proxy,50.986282507404624,score_0_100,,,,80.39451300296184,,,,https://downloads.khinsider.com/game-soundtracks/album/super-smash-bros.-ultimate-expanded-vol.-02-super-mario-switch-gamerip-2018,2026-10-05,Track title is taken from KHInsider's soundtrack/gamerip album index. Popularity is an explicitly labelled proxy based on BeatHit game rank and track prominence.,"{""culture_category"":""video_game_music"",""video_game"":""Super Smash Bros. Ultimate"",""game_rank"":41,""game_association_kind"":""khinsider_game_soundtrack"",""khinsider_album_url"":""https://downloads.khinsider.com/game-soundtracks/album/super-smash-bros.-ultimate-expanded-vol.-02-super-mario-switch-gamerip-2018"",""khinsider_album_title"":""Super Smash Bros. Ultimate Vol. 02 - Super Mario (super-smash-bros.-ultimate-expanded-vol.-02-super-mario-switch-gamerip-2018)"",""khinsider_album_kind"":""official_or_gamerip"",""khinsider_album_match_score"":100.0,""relevance_score_100"":100.0,""popularity_score_100"":50.986282507404624,""score_100"":80.39451300296184,""popularity_basis"":""BeatHit master-list game rank plus track position proxy""}"
957,"Try, Try Again [Original]",Unknown credited artist,[],Super Smash Bros. Ultimate Vol. 02 - Super Mario (super-smash-bros.-ultimate-expanded-vol.-02-super-mario-switch-gamerip-2018),,,"[""video game soundtrack""]","[""und""]",,,,Super Smash Bros. Ultimate,,,khinsider_track_prominence_proxy,50.986282507404624,score_0_100,,,,80.39451300296184,,,,https://downloads.khinsider.com/game-soundtracks/album/super-smash-bros.-ultimate-expanded-vol.-02-super-mario-switch-gamerip-2018,2026-10-05,Track title is taken from KHInsider's soundtrack/gamerip album index. Popularity is an explicitly labelled proxy based on BeatHit game rank and track prominence.,"{""culture_category"":""video_game_music"",""video_game"":""Super Smash Bros. Ultimate"",""game_rank"":41,""game_association_kind"":""khinsider_game_soundtrack"",""khinsider_album_url"":""https://downloads.khinsider.com/game-soundtracks/album/super-smash-bros.-ultimate-expanded-vol.-02-super-mario-switch-gamerip-2018"",""khinsider_album_title"":""Super Smash Bros. Ultimate Vol. 02 - Super Mario (super-smash-bros.-ultimate-expanded-vol.-02-super-mario-switch-gamerip-2018)"",""khinsider_album_kind"":""official_or_gamerip"",""khinsider_album_match_score"":100.0,""relevance_score_100"":100.0,""popularity_score_100"":50.986282507404624,""score_100"":80.39451300296184,""popularity_basis"":""BeatHit master-list game rank plus track position proxy""}"
958,Mario Tennis [Original],Unknown credited artist,[],Super Smash Bros. Ultimate Vol. 02 - Super Mario (super-smash-bros.-ultimate-expanded-vol.-02-super-mario-switch-gamerip-2018),,,"[""video game soundtrack""]","[""und""]",,,,Super Smash Bros. Ultimate,,,khinsider_track_prominence_proxy,50.986282507404624,score_0_100,,,,80.39451300296184,,,,https://downloads.khinsider.com/game-soundtracks/album/super-smash-bros.-ultimate-expanded-vol.-02-super-mario-switch-gamerip-2018,2026-10-05,Track title is taken from KHInsider's soundtrack/gamerip album index. Popularity is an explicitly labelled proxy based on BeatHit game rank and track prominence.,"{""culture_category"":""video_game_music"",""video_game"":""Super Smash Bros. Ultimate"",""game_rank"":41,""game_association_kind"":""khinsider_game_soundtrack"",""khinsider_album_url"":""https://downloads.khinsider.com/game-soundtracks/album/super-smash-bros.-ultimate-expanded-vol.-02-super-mario-switch-gamerip-2018"",""khinsider_album_title"":""Super Smash Bros. Ultimate Vol. 02 - Super Mario (super-smash-bros.-ultimate-expanded-vol.-02-super-mario-switch-gamerip-2018)"",""khinsider_album_kind"":""official_or_gamerip"",""khinsider_album_match_score"":100.0,""relevance_score_100"":100.0,""popularity_score_100"":50.986282507404624,""score_100"":80.39451300296184,""popularity_basis"":""BeatHit master-list game rank plus track position proxy""}"
959,Mario Golf [Original],Unknown credited artist,[],Super Smash Bros. Ultimate Vol. 02 - Super Mario (super-smash-bros.-ultimate-expanded-vol.-02-super-mario-switch-gamerip-2018),,,"[""video game soundtrack""]","[""und""]",,,,Super Smash Bros. Ultimate,,,khinsider_track_prominence_proxy,50.986282507404624,score_0_100,,,,80.39451300296184,,,,https://downloads.khinsider.com/game-soundtracks/album/super-smash-bros.-ultimate-expanded-vol.-02-super-mario-switch-gamerip-2018,2026-10-05,Track title is taken from KHInsider's soundtrack/gamerip album index. Popularity is an explicitly labelled proxy based on BeatHit game rank and track prominence.,"{""culture_category"":""video_game_music"",""video_game"":""Super Smash Bros. Ultimate"",""game_rank"":41,""game_association_kind"":""khinsider_game_soundtrack"",""khinsider_album_url"":""https://downloads.khinsider.com/game-soundtracks/album/super-smash-bros.-ultimate-expanded-vol.-02-super-mario-switch-gamerip-2018"",""khinsider_album_title"":""Super Smash Bros. Ultimate Vol. 02 - Super Mario (super-smash-bros.-ultimate-expanded-vol.-02-super-mario-switch-gamerip-2018)"",""khinsider_album_kind"":""official_or_gamerip"",""khinsider_album_match_score"":100.0,""relevance_score_100"":100.0,""popularity_score_100"":50.986282507404624,""score_100"":80.39451300296184,""popularity_basis"":""BeatHit master-list game rank plus track position proxy""}"
960,Main Theme - Luigi's Mansion [Original],Unknown credited artist,[],Super Smash Bros. Ultimate Vol. 02 - Super Mario (super-smash-bros.-ultimate-expanded-vol.-02-super-mario-switch-gamerip-2018),,,"[""video game soundtrack""]","[""und""]",,,,Super Smash Bros. Ultimate,,,khinsider_track_prominence_proxy,50.986282507404624,score_0_100,,,,80.39451300296184,,,,https://downloads.khinsider.com/game-soundtracks/album/super-smash-bros.-ultimate-expanded-vol.-02-super-mario-switch-gamerip-2018,2026-10-05,Track title is taken from KHInsider's soundtrack/gamerip album index. Popularity is an explicitly labelled proxy based on BeatHit game rank and track prominence.,"{""culture_category"":""video_game_music"",""video_game"":""Super Smash Bros. Ultimate"",""game_rank"":41,""game_association_kind"":""khinsider_game_soundtrack"",""khinsider_album_url"":""https://downloads.khinsider.com/game-soundtracks/album/super-smash-bros.-ultimate-expanded-vol.-02-super-mario-switch-gamerip-2018"",""khinsider_album_title"":""Super Smash Bros. Ultimate Vol. 02 - Super Mario (super-smash-bros.-ultimate-expanded-vol.-02-super-mario-switch-gamerip-2018)"",""khinsider_album_kind"":""official_or_gamerip"",""khinsider_album_match_score"":100.0,""relevance_score_100"":100.0,""popularity_score_100"":50.986282507404624,""score_100"":80.39451300296184,""popularity_basis"":""BeatHit master-list game rank plus track position proxy""}"
961,Catching Ghost [Original],Unknown credited artist,[],Super Smash Bros. Ultimate Vol. 02 - Super Mario (super-smash-bros.-ultimate-expanded-vol.-02-super-mario-switch-gamerip-2018),,,"[""video game soundtrack""]","[""und""]",,,,Super Smash Bros. Ultimate,,,khinsider_track_prominence_proxy,50.986282507404624,score_0_100,,,,80.39451300296184,,,,https://downloads.khinsider.com/game-soundtracks/album/super-smash-bros.-ultimate-expanded-vol.-02-super-mario-switch-gamerip-2018,2026-10-05,Track title is taken from KHInsider's soundtrack/gamerip album index. Popularity is an explicitly labelled proxy based on BeatHit game rank and track prominence.,"{""culture_category"":""video_game_music"",""video_game"":""Super Smash Bros. Ultimate"",""game_rank"":41,""game_association_kind"":""khinsider_game_soundtrack"",""khinsider_album_url"":""https://downloads.khinsider.com/game-soundtracks/album/super-smash-bros.-ultimate-expanded-vol.-02-super-mario-switch-gamerip-2018"",""khinsider_album_title"":""Super Smash Bros. Ultimate Vol. 02 - Super Mario (super-smash-bros.-ultimate-expanded-vol.-02-super-mario-switch-gamerip-2018)"",""khinsider_album_kind"":""official_or_gamerip"",""khinsider_album_match_score"":100.0,""relevance_score_100"":100.0,""popularity_score_100"":50.986282507404624,""score_100"":80.39451300296184,""popularity_basis"":""BeatHit master-list game rank plus track position proxy""}"
962,Mission Complete [Original],Unknown credited artist,[],Super Smash Bros. Ultimate Vol. 02 - Super Mario (super-smash-bros.-ultimate-expanded-vol.-02-super-mario-switch-gamerip-2018),,,"[""video game soundtrack""]","[""und""]",,,,Super Smash Bros. Ultimate,,,khinsider_track_prominence_proxy,50.986282507404624,score_0_100,,,,80.39451300296184,,,,https://downloads.khinsider.com/game-soundtracks/album/super-smash-bros.-ultimate-expanded-vol.-02-super-mario-switch-gamerip-2018,2026-10-05,Track title is taken from KHInsider's soundtrack/gamerip album index. Popularity is an explicitly labelled proxy based on BeatHit game rank and track prominence.,"{""culture_category"":""video_game_music"",""video_game"":""Super Smash Bros. Ultimate"",""game_rank"":41,""game_association_kind"":""khinsider_game_soundtrack"",""khinsider_album_url"":""https://downloads.khinsider.com/game-soundtracks/album/super-smash-bros.-ultimate-expanded-vol.-02-super-mario-switch-gamerip-2018"",""khinsider_album_title"":""Super Smash Bros. Ultimate Vol. 02 - Super Mario (super-smash-bros.-ultimate-expanded-vol.-02-super-mario-switch-gamerip-2018)"",""khinsider_album_kind"":""official_or_gamerip"",""khinsider_album_match_score"":100.0,""relevance_score_100"":100.0,""popularity_score_100"":50.986282507404624,""score_100"":80.39451300296184,""popularity_basis"":""BeatHit master-list game rank plus track position proxy""}"
963,Fever [Original],Unknown credited artist,[],Super Smash Bros. Ultimate Vol. 02 - Super Mario (super-smash-bros.-ultimate-expanded-vol.-02-super-mario-switch-gamerip-2018),,,"[""video game soundtrack""]","[""und""]",,,,Super Smash Bros. Ultimate,,,khinsider_track_prominence_proxy,50.986282507404624,score_0_100,,,,80.39451300296184,,,,https://downloads.khinsider.com/game-soundtracks/album/super-smash-bros.-ultimate-expanded-vol.-02-super-mario-switch-gamerip-2018,2026-10-05,Track title is taken from KHInsider's soundtrack/gamerip album index. Popularity is an explicitly labelled proxy based on BeatHit game rank and track prominence.,"{""culture_category"":""video_game_music"",""video_game"":""Super Smash Bros. Ultimate"",""game_rank"":41,""game_association_kind"":""khinsider_game_soundtrack"",""khinsider_album_url"":""https://downloads.khinsider.com/game-soundtracks/album/super-smash-bros.-ultimate-expanded-vol.-02-super-mario-switch-gamerip-2018"",""khinsider_album_title"":""Super Smash Bros. Ultimate Vol. 02 - Super Mario (super-smash-bros.-ultimate-expanded-vol.-02-super-mario-switch-gamerip-2018)"",""khinsider_album_kind"":""official_or_gamerip"",""khinsider_album_match_score"":100.0,""relevance_score_100"":100.0,""popularity_score_100"":50.986282507404624,""score_100"":80.39451300296184,""popularity_basis"":""BeatHit master-list game rank plus track position proxy""}"
964,Chill [Original],Unknown credited artist,[],Super Smash Bros. Ultimate Vol. 02 - Super Mario (super-smash-bros.-ultimate-expanded-vol.-02-super-mario-switch-gamerip-2018),,,"[""video game soundtrack""]","[""und""]",,,,Super Smash Bros. Ultimate,,,khinsider_track_prominence_proxy,50.986282507404624,score_0_100,,,,80.39451300296184,,,,https://downloads.khinsider.com/game-soundtracks/album/super-smash-bros.-ultimate-expanded-vol.-02-super-mario-switch-gamerip-2018,2026-10-05,Track title is taken from KHInsider's soundtrack/gamerip album index. Popularity is an explicitly labelled proxy based on BeatHit game rank and track prominence.,"{""culture_category"":""video_game_music"",""video_game"":""Super Smash Bros. Ultimate"",""game_rank"":41,""game_association_kind"":""khinsider_game_soundtrack"",""khinsider_album_url"":""https://downloads.khinsider.com/game-soundtracks/album/super-smash-bros.-ultimate-expanded-vol.-02-super-mario-switch-gamerip-2018"",""khinsider_album_title"":""Super Smash Bros. Ultimate Vol. 02 - Super Mario (super-smash-bros.-ultimate-expanded-vol.-02-super-mario-switch-gamerip-2018)"",""khinsider_album_kind"":""official_or_gamerip"",""khinsider_album_match_score"":100.0,""relevance_score_100"":100.0,""popularity_score_100"":50.986282507404624,""score_100"":80.39451300296184,""popularity_basis"":""BeatHit master-list game rank plus track position proxy""}"
965,Title Theme - Mario Paint [Original],Unknown credited artist,[],Super Smash Bros. Ultimate Vol. 02 - Super Mario (super-smash-bros.-ultimate-expanded-vol.-02-super-mario-switch-gamerip-2018),,,"[""video game soundtrack""]","[""und""]",,,,Super Smash Bros. Ultimate,,,khinsider_track_prominence_proxy,50.986282507404624,score_0_100,,,,80.39451300296184,,,,https://downloads.khinsider.com/game-soundtracks/album/super-smash-bros.-ultimate-expanded-vol.-02-super-mario-switch-gamerip-2018,2026-10-05,Track title is taken from KHInsider's soundtrack/gamerip album index. Popularity is an explicitly labelled proxy based on BeatHit game rank and track prominence.,"{""culture_category"":""video_game_music"",""video_game"":""Super Smash Bros. Ultimate"",""game_rank"":41,""game_association_kind"":""khinsider_game_soundtrack"",""khinsider_album_url"":""https://downloads.khinsider.com/game-soundtracks/album/super-smash-bros.-ultimate-expanded-vol.-02-super-mario-switch-gamerip-2018"",""khinsider_album_title"":""Super Smash Bros. Ultimate Vol. 02 - Super Mario (super-smash-bros.-ultimate-expanded-vol.-02-super-mario-switch-gamerip-2018)"",""khinsider_album_kind"":""official_or_gamerip"",""khinsider_album_match_score"":100.0,""relevance_score_100"":100.0,""popularity_score_100"":50.986282507404624,""score_100"":80.39451300296184,""popularity_basis"":""BeatHit master-list game rank plus track position proxy""}"
966,Gnat Attack Level 1 [Original],Unknown credited artist,[],Super Smash Bros. Ultimate Vol. 02 - Super Mario (super-smash-bros.-ultimate-expanded-vol.-02-super-mario-switch-gamerip-2018),,,"[""video game soundtrack""]","[""und""]",,,,Super Smash Bros. Ultimate,,,khinsider_track_prominence_proxy,50.986282507404624,score_0_100,,,,80.39451300296184,,,,https://downloads.khinsider.com/game-soundtracks/album/super-smash-bros.-ultimate-expanded-vol.-02-super-mario-switch-gamerip-2018,2026-10-05,Track title is taken from KHInsider's soundtrack/gamerip album index. Popularity is an explicitly labelled proxy based on BeatHit game rank and track prominence.,"{""culture_category"":""video_game_music"",""video_game"":""Super Smash Bros. Ultimate"",""game_rank"":41,""game_association_kind"":""khinsider_game_soundtrack"",""khinsider_album_url"":""https://downloads.khinsider.com/game-soundtracks/album/super-smash-bros.-ultimate-expanded-vol.-02-super-mario-switch-gamerip-2018"",""khinsider_album_title"":""Super Smash Bros. Ultimate Vol. 02 - Super Mario (super-smash-bros.-ultimate-expanded-vol.-02-super-mario-switch-gamerip-2018)"",""khinsider_album_kind"":""official_or_gamerip"",""khinsider_album_match_score"":100.0,""relevance_score_100"":100.0,""popularity_score_100"":50.986282507404624,""score_100"":80.39451300296184,""popularity_basis"":""BeatHit master-list game rank plus track position proxy""}"
967,Data Robot [Original],Unknown credited artist,[],Super Smash Bros. Ultimate Vol. 02 - Super Mario (super-smash-bros.-ultimate-expanded-vol.-02-super-mario-switch-gamerip-2018),,,"[""video game soundtrack""]","[""und""]",,,,Super Smash Bros. Ultimate,,,khinsider_track_prominence_proxy,50.986282507404624,score_0_100,,,,80.39451300296184,,,,https://downloads.khinsider.com/game-soundtracks/album/super-smash-bros.-ultimate-expanded-vol.-02-super-mario-switch-gamerip-2018,2026-10-05,Track title is taken from KHInsider's soundtrack/gamerip album index. Popularity is an explicitly labelled proxy based on BeatHit game rank and track prominence.,"{""culture_category"":""video_game_music"",""video_game"":""Super Smash Bros. Ultimate"",""game_rank"":41,""game_association_kind"":""khinsider_game_soundtrack"",""khinsider_album_url"":""https://downloads.khinsider.com/game-soundtracks/album/super-smash-bros.-ultimate-expanded-vol.-02-super-mario-switch-gamerip-2018"",""khinsider_album_title"":""Super Smash Bros. Ultimate Vol. 02 - Super Mario (super-smash-bros.-ultimate-expanded-vol.-02-super-mario-switch-gamerip-2018)"",""khinsider_album_kind"":""official_or_gamerip"",""khinsider_album_match_score"":100.0,""relevance_score_100"":100.0,""popularity_score_100"":50.986282507404624,""score_100"":80.39451300296184,""popularity_basis"":""BeatHit master-list game rank plus track position proxy""}"
968,Monkey Song [Original],Unknown credited artist,[],Super Smash Bros. Ultimate Vol. 02 - Super Mario (super-smash-bros.-ultimate-expanded-vol.-02-super-mario-switch-gamerip-2018),,,"[""video game soundtrack""]","[""und""]",,,,Super Smash Bros. Ultimate,,,khinsider_track_prominence_proxy,50.986282507404624,score_0_100,,,,80.39451300296184,,,,https://downloads.khinsider.com/game-soundtracks/album/super-smash-bros.-ultimate-expanded-vol.-02-super-mario-switch-gamerip-2018,2026-10-05,Track title is taken from KHInsider's soundtrack/gamerip album index. Popularity is an explicitly labelled proxy based on BeatHit game rank and track prominence.,"{""culture_category"":""video_game_music"",""video_game"":""Super Smash Bros. Ultimate"",""game_rank"":41,""game_association_kind"":""khinsider_game_soundtrack"",""khinsider_album_url"":""https://downloads.khinsider.com/game-soundtracks/album/super-smash-bros.-ultimate-expanded-vol.-02-super-mario-switch-gamerip-2018"",""khinsider_album_title"":""Super Smash Bros. Ultimate Vol. 02 - Super Mario (super-smash-bros.-ultimate-expanded-vol.-02-super-mario-switch-gamerip-2018)"",""khinsider_album_kind"":""official_or_gamerip"",""khinsider_album_match_score"":100.0,""relevance_score_100"":100.0,""popularity_score_100"":50.986282507404624,""score_100"":80.39451300296184,""popularity_basis"":""BeatHit master-list game rank plus track position proxy""}"
969,Creative Exercise [Original],Unknown credited artist,[],Super Smash Bros. Ultimate Vol. 02 - Super Mario (super-smash-bros.-ultimate-expanded-vol.-02-super-mario-switch-gamerip-2018),,,"[""video game soundtrack""]","[""und""]",,,,Super Smash Bros. Ultimate,,,khinsider_track_prominence_proxy,50.986282507404624,score_0_100,,,,80.39451300296184,,,,https://downloads.khinsider.com/game-soundtracks/album/super-smash-bros.-ultimate-expanded-vol.-02-super-mario-switch-gamerip-2018,2026-10-05,Track title is taken from KHInsider's soundtrack/gamerip album index. Popularity is an explicitly labelled proxy based on BeatHit game rank and track prominence.,"{""culture_category"":""video_game_music"",""video_game"":""Super Smash Bros. Ultimate"",""game_rank"":41,""game_association_kind"":""khinsider_game_soundtrack"",""khinsider_album_url"":""https://downloads.khinsider.com/game-soundtracks/album/super-smash-bros.-ultimate-expanded-vol.-02-super-mario-switch-gamerip-2018"",""khinsider_album_title"":""Super Smash Bros. Ultimate Vol. 02 - Super Mario (super-smash-bros.-ultimate-expanded-vol.-02-super-mario-switch-gamerip-2018)"",""khinsider_album_kind"":""official_or_gamerip"",""khinsider_album_match_score"":100.0,""relevance_score_100"":100.0,""popularity_score_100"":50.986282507404624,""score_100"":80.39451300296184,""popularity_basis"":""BeatHit master-list game rank plus track position proxy""}"
970,Mario Circuit - Super Mario Kart [Original],Unknown credited artist,[],Super Smash Bros. Ultimate Vol. 02 - Super Mario (super-smash-bros.-ultimate-expanded-vol.-02-super-mario-switch-gamerip-2018),,,"[""video game soundtrack""]","[""und""]",,,,Super Smash Bros. Ultimate,,,khinsider_track_prominence_proxy,50.986282507404624,score_0_100,,,,80.39451300296184,,,,https://downloads.khinsider.com/game-soundtracks/album/super-smash-bros.-ultimate-expanded-vol.-02-super-mario-switch-gamerip-2018,2026-10-05,Track title is taken from KHInsider's soundtrack/gamerip album index. Popularity is an explicitly labelled proxy based on BeatHit game rank and track prominence.,"{""culture_category"":""video_game_music"",""video_game"":""Super Smash Bros. Ultimate"",""game_rank"":41,""game_association_kind"":""khinsider_game_soundtrack"",""khinsider_album_url"":""https://downloads.khinsider.com/game-soundtracks/album/super-smash-bros.-ultimate-expanded-vol.-02-super-mario-switch-gamerip-2018"",""khinsider_album_title"":""Super Smash Bros. Ultimate Vol. 02 - Super Mario (super-smash-bros.-ultimate-expanded-vol.-02-super-mario-switch-gamerip-2018)"",""khinsider_album_kind"":""official_or_gamerip"",""khinsider_album_match_score"":100.0,""relevance_score_100"":100.0,""popularity_score_100"":50.986282507404624,""score_100"":80.39451300296184,""popularity_basis"":""BeatHit master-list game rank plus track position proxy""}"
971,Luigi Raceway - Mario Kart 64 [Original],Unknown credited artist,[],Super Smash Bros. Ultimate Vol. 02 - Super Mario (super-smash-bros.-ultimate-expanded-vol.-02-super-mario-switch-gamerip-2018),,,"[""video game soundtrack""]","[""und""]",,,,Super Smash Bros. Ultimate,,,khinsider_track_prominence_proxy,50.986282507404624,score_0_100,,,,80.39451300296184,,,,https://downloads.khinsider.com/game-soundtracks/album/super-smash-bros.-ultimate-expanded-vol.-02-super-mario-switch-gamerip-2018,2026-10-05,Track title is taken from KHInsider's soundtrack/gamerip album index. Popularity is an explicitly labelled proxy based on BeatHit game rank and track prominence.,"{""culture_category"":""video_game_music"",""video_game"":""Super Smash Bros. Ultimate"",""game_rank"":41,""game_association_kind"":""khinsider_game_soundtrack"",""khinsider_album_url"":""https://downloads.khinsider.com/game-soundtracks/album/super-smash-bros.-ultimate-expanded-vol.-02-super-mario-switch-gamerip-2018"",""khinsider_album_title"":""Super Smash Bros. Ultimate Vol. 02 - Super Mario (super-smash-bros.-ultimate-expanded-vol.-02-super-mario-switch-gamerip-2018)"",""khinsider_album_kind"":""official_or_gamerip"",""khinsider_album_match_score"":100.0,""relevance_score_100"":100.0,""popularity_score_100"":50.986282507404624,""score_100"":80.39451300296184,""popularity_basis"":""BeatHit master-list game rank plus track position proxy""}"
972,Waluigi Pinball - Mario Kart DS [Original],Unknown credited artist,[],Super Smash Bros. Ultimate Vol. 02 - Super Mario (super-smash-bros.-ultimate-expanded-vol.-02-super-mario-switch-gamerip-2018),,,"[""video game soundtrack""]","[""und""]",,,,Super Smash Bros. Ultimate,,,khinsider_track_prominence_proxy,50.986282507404624,score_0_100,,,,80.39451300296184,,,,https://downloads.khinsider.com/game-soundtracks/album/super-smash-bros.-ultimate-expanded-vol.-02-super-mario-switch-gamerip-2018,2026-10-05,Track title is taken from KHInsider's soundtrack/gamerip album index. Popularity is an explicitly labelled proxy based on BeatHit game rank and track prominence.,"{""culture_category"":""video_game_music"",""video_game"":""Super Smash Bros. Ultimate"",""game_rank"":41,""game_association_kind"":""khinsider_game_soundtrack"",""khinsider_album_url"":""https://downloads.khinsider.com/game-soundtracks/album/super-smash-bros.-ultimate-expanded-vol.-02-super-mario-switch-gamerip-2018"",""khinsider_album_title"":""Super Smash Bros. Ultimate Vol. 02 - Super Mario (super-smash-bros.-ultimate-expanded-vol.-02-super-mario-switch-gamerip-2018)"",""khinsider_album_kind"":""official_or_gamerip"",""khinsider_album_match_score"":100.0,""relevance_score_100"":100.0,""popularity_score_100"":50.986282507404624,""score_100"":80.39451300296184,""popularity_basis"":""BeatHit master-list game rank plus track position proxy""}"
973,Rainbow Road - Mario Kart DS [Original],Unknown credited artist,[],Super Smash Bros. Ultimate Vol. 02 - Super Mario (super-smash-bros.-ultimate-expanded-vol.-02-super-mario-switch-gamerip-2018),,,"[""video game soundtrack""]","[""und""]",,,,Super Smash Bros. Ultimate,,,khinsider_track_prominence_proxy,50.986282507404624,score_0_100,,,,80.39451300296184,,,,https://downloads.khinsider.com/game-soundtracks/album/super-smash-bros.-ultimate-expanded-vol.-02-super-mario-switch-gamerip-2018,2026-10-05,Track title is taken from KHInsider's soundtrack/gamerip album index. Popularity is an explicitly labelled proxy based on BeatHit game rank and track prominence.,"{""culture_category"":""video_game_music"",""video_game"":""Super Smash Bros. Ultimate"",""game_rank"":41,""game_association_kind"":""khinsider_game_soundtrack"",""khinsider_album_url"":""https://downloads.khinsider.com/game-soundtracks/album/super-smash-bros.-ultimate-expanded-vol.-02-super-mario-switch-gamerip-2018"",""khinsider_album_title"":""Super Smash Bros. Ultimate Vol. 02 - Super Mario (super-smash-bros.-ultimate-expanded-vol.-02-super-mario-switch-gamerip-2018)"",""khinsider_album_kind"":""official_or_gamerip"",""khinsider_album_match_score"":100.0,""relevance_score_100"":100.0,""popularity_score_100"":50.986282507404624,""score_100"":80.39451300296184,""popularity_basis"":""BeatHit master-list game rank plus track position proxy""}"
974,Rainbow Road - Mario Kart - Super Circuit [Original],Unknown credited artist,[],Super Smash Bros. Ultimate Vol. 02 - Super Mario (super-smash-bros.-ultimate-expanded-vol.-02-super-mario-switch-gamerip-2018),,,"[""video game soundtrack""]","[""und""]",,,,Super Smash Bros. Ultimate,,,khinsider_track_prominence_proxy,50.986282507404624,score_0_100,,,,80.39451300296184,,,,https://downloads.khinsider.com/game-soundtracks/album/super-smash-bros.-ultimate-expanded-vol.-02-super-mario-switch-gamerip-2018,2026-10-05,Track title is taken from KHInsider's soundtrack/gamerip album index. Popularity is an explicitly labelled proxy based on BeatHit game rank and track prominence.,"{""culture_category"":""video_game_music"",""video_game"":""Super Smash Bros. Ultimate"",""game_rank"":41,""game_association_kind"":""khinsider_game_soundtrack"",""khinsider_album_url"":""https://downloads.khinsider.com/game-soundtracks/album/super-smash-bros.-ultimate-expanded-vol.-02-super-mario-switch-gamerip-2018"",""khinsider_album_title"":""Super Smash Bros. Ultimate Vol. 02 - Super Mario (super-smash-bros.-ultimate-expanded-vol.-02-super-mario-switch-gamerip-2018)"",""khinsider_album_kind"":""official_or_gamerip"",""khinsider_album_match_score"":100.0,""relevance_score_100"":100.0,""popularity_score_100"":50.986282507404624,""score_100"":80.39451300296184,""popularity_basis"":""BeatHit master-list game rank plus track position proxy""}"
975,Circuit - Mario Kart 7 [Original],Unknown credited artist,[],Super Smash Bros. Ultimate Vol. 02 - Super Mario (super-smash-bros.-ultimate-expanded-vol.-02-super-mario-switch-gamerip-2018),,,"[""video game soundtrack""]","[""und""]",,,,Super Smash Bros. Ultimate,,,khinsider_track_prominence_proxy,50.986282507404624,score_0_100,,,,80.39451300296184,,,,https://downloads.khinsider.com/game-soundtracks/album/super-smash-bros.-ultimate-expanded-vol.-02-super-mario-switch-gamerip-2018,2026-10-05,Track title is taken from KHInsider's soundtrack/gamerip album index. Popularity is an explicitly labelled proxy based on BeatHit game rank and track prominence.,"{""culture_category"":""video_game_music"",""video_game"":""Super Smash Bros. Ultimate"",""game_rank"":41,""game_association_kind"":""khinsider_game_soundtrack"",""khinsider_album_url"":""https://downloads.khinsider.com/game-soundtracks/album/super-smash-bros.-ultimate-expanded-vol.-02-super-mario-switch-gamerip-2018"",""khinsider_album_title"":""Super Smash Bros. Ultimate Vol. 02 - Super Mario (super-smash-bros.-ultimate-expanded-vol.-02-super-mario-switch-gamerip-2018)"",""khinsider_album_kind"":""official_or_gamerip"",""khinsider_album_match_score"":100.0,""relevance_score_100"":100.0,""popularity_score_100"":50.986282507404624,""score_100"":80.39451300296184,""popularity_basis"":""BeatHit master-list game rank plus track position proxy""}"
976,Cloudtop Cruise - Mario Kart 8 [Original],Unknown credited artist,[],Super Smash Bros. Ultimate Vol. 02 - Super Mario (super-smash-bros.-ultimate-expanded-vol.-02-super-mario-switch-gamerip-2018),,,"[""video game soundtrack""]","[""und""]",,,,Super Smash Bros. Ultimate,,,khinsider_track_prominence_proxy,50.986282507404624,score_0_100,,,,80.39451300296184,,,,https://downloads.khinsider.com/game-soundtracks/album/super-smash-bros.-ultimate-expanded-vol.-02-super-mario-switch-gamerip-2018,2026-10-05,Track title is taken from KHInsider's soundtrack/gamerip album index. Popularity is an explicitly labelled proxy based on BeatHit game rank and track prominence.,"{""culture_category"":""video_game_music"",""video_game"":""Super Smash Bros. Ultimate"",""game_rank"":41,""game_association_kind"":""khinsider_game_soundtrack"",""khinsider_album_url"":""https://downloads.khinsider.com/game-soundtracks/album/super-smash-bros.-ultimate-expanded-vol.-02-super-mario-switch-gamerip-2018"",""khinsider_album_title"":""Super Smash Bros. Ultimate Vol. 02 - Super Mario (super-smash-bros.-ultimate-expanded-vol.-02-super-mario-switch-gamerip-2018)"",""khinsider_album_kind"":""official_or_gamerip"",""khinsider_album_match_score"":100.0,""relevance_score_100"":100.0,""popularity_score_100"":50.986282507404624,""score_100"":80.39451300296184,""popularity_basis"":""BeatHit master-list game rank plus track position proxy""}"
